0 0.4602551574375678 0.3739223669923996 0.09157437567861039 0.09662866449511416
0 0.44983713355048865 0.7383306188925081 0.08336590662323555 0.08400108577633014
0 0.03355320304017376 0.49960097719869717 0.06710640608034751 0.09030944625407154
0 0.3140499457111835 0.2400298588490771 0.08336590662323587 0.08904994571118363
0 0.03421824104234526 0.2539847991313789 0.06843648208469053 0.08905537459283384
0 0.30710097719869694 0.6218078175895766 0.0871552660152008 0.09599348534201957
0 0.03536373507057552 0.12236970684039088 0.07072747014115104 0.0984201954397394
0 0.47320304017372417 0.2545521172638437 0.10231270358306192 0.09283930510314875
0 0.46413952225841476 0.11736699239956568 0.08999457111834952 0.0905211726384365
0 0.31783930510314873 0.36949782844733986 0.09220412595005438 0.09157980456026067
1 0.03417209554831701 0.46029044516829537 0.06834419109663402 0.1546091205211726
0 0.17309174809989145 0.12210369163952228 0.0952605863192184 0.08631378935939198
0 0.6274755700325734 0.2360776330076004 0.09821932681867569 0.09167752442996734
1 0.6914386536373506 0.6848371335504885 0.1870141150922911 0.20274701411509224
0 0.1634201954397394 0.5014956568946797 0.09031487513572187 0.09788816503800223
1 0.1396172638436483 0.6900651465798046 0.13368621064060804 0.19462540716612378
0 0.16215798045602603 0.7484364820846906 0.0915798045602606 0.0903148751357222
0 0.7590933767643865 0.7566476655808905 0.11262757871878348 0.10345819761129212
0 0.15931596091205213 0.873485342019544 0.10105320304017389 0.10673181324647144
0 0.3074185667752444 0.7446471226927254 0.09030944625407158 0.09789359391965279
0 0.1684744842562433 0.3846552660152009 0.09284473398479909 0.09788816503800213
0 0.3199321389793703 0.1134201954397394 0.09315418023887084 0.09105320304017374
0 0.1670846905537459 0.24861834961997833 0.08778501628664484 0.08526058631921823
