1 0.28976429918290386 0.641147077309868 0.21580766813324959 0.13608422375864235
1 0.8584978001257072 0.5048931489629165 0.14941546197360162 0.12313639220615968
0 0.21170961659333748 0.6776304211187931 0.08335637963544941 0.07896920175989953
0 0.37140163419233185 0.7978378378378378 0.07634192331866749 0.07896920175989953
0 0.5237712130735386 0.7855751099937146 0.09724701445631663 0.09805153991200505
0 0.5113387806411062 0.6730106851037083 0.08847265870521688 0.0877435575109993
0 0.6703771213073537 0.8035260842237586 0.09213073538654921 0.09140163419233183
0 0.825389692017599 0.7918290383406664 0.09798240100565696 0.0928598365807668
0 0.6663544940289127 0.6664267756128222 0.0928598365807668 0.09359522313010683
0 0.8129604022627279 0.5253079824010056 0.08920175989943427 0.08189189189189194
1 0.7184160905091137 0.6436863607793841 0.16378378378378358 0.13235072281583915
