0 0.8455920205920205 0.953542471042471 0.08921492921492923 0.08920849420849433
0 0.8338416988416989 0.030411840411840408 0.08266409266409269 0.060823680823680816
0 0.9657689832689831 0.8161068211068212 0.06717503217503232 0.08983268983269009
1 0.9626190476190475 0.4510070785070784 0.07347490347490349 0.25397039897039886
1 0.7334266409266409 0.7819240669240669 0.14348133848133848 0.15409266409266406
0 0.8209491634491635 0.15523166023166024 0.08370012870012869 0.08213642213642203
1 0.3091441441441441 0.7983043758043756 0.1953281853281853 0.14488416988416988
1 0.8478989703989704 0.45412483912483903 0.14223294723294733 0.25396396396396387
1 0.8620945945945946 0.1458815958815959 0.1422972972972972 0.11319176319176327
0 0.5424742599742599 0.9487194337194336 0.08750965250965247 0.0870785070785069
0 0.8371074646074647 0.6873487773487772 0.10031531531531516 0.09132561132561132
0 0.691936936936937 0.826113256113256 0.0883783783783784 0.08447876447876461
0 0.6840797940797941 0.14834942084942082 0.08858429858429875 0.08421492921492928
0 0.2356756756756757 0.8432110682110682 0.07561132561132564 0.07935649935649944
0 0.6964446589446589 0.9516023166023166 0.09582368082368073 0.09550836550836568
0 0.4022393822393822 0.954221364221364 0.09132561132561123 0.09027027027027046
1 0.7011036036036036 0.4613256113256114 0.14875804375804383 0.2470785070785071
0 0.8378539253539254 0.8154247104247104 0.08920849420849414 0.09108108108108096
0 0.9680534105534107 0.14767374517374518 0.06260617760617748 0.10555341055341055
0 0.5411550836550836 0.8364157014157013 0.09305662805662794 0.09824967824967834
