1 0.46862177470106997 0.37963184392699817 0.17491504090623042 0.25653241032095664
0 0.48615166771554447 0.7336060415355569 0.09517306482064196 0.09700440528634362
0 0.3421680302076777 0.6063971050975456 0.1024984266834487 0.09883574575204547
1 0.3293738200125866 0.3831466331025801 0.12132787916928882 0.2512649465072371
0 0.6368439269981121 0.8595909376966646 0.09517306482064224 0.09640025173064792
1 0.4250409062303336 0.07111705475141598 0.16675896790434228 0.11845814977973557
1 0.46862177470106997 0.37963184392699817 0.17491504090623042 0.25653241032095664
0 0.4773064820641913 0.07713656387665195 0.10677155443675258 0.10188797986154823
1 0.09946192573945883 0.7438609188168658 0.11689741976085587 0.4053429830081813
0 0.48157331655129015 0.5975519194461926 0.09700440528634352 0.10188797986154824
