0 0.7509596211365902 0.7007627118644069 0.10321535393818528 0.09620139581256232
0 0.028497008973080742 0.7779237288135592 0.056994017946161483 0.08618644067796619
0 0.10810069790628121 0.8545887337986043 0.08016949152542381 0.07716350947158536
0 0.6582652043868394 0.7914531405782652 0.0921934197407775 0.08517946161515445
0 0.7554710867397807 0.8866575274177467 0.08819042871385836 0.08517946161515473
0 0.194790628115653 0.5965329012961117 0.09117647058823508 0.08419242273180466
0 0.2829710867397806 0.6862337986041875 0.08117647058823536 0.07916749750747763
0 0.37266201395812554 0.7739182452642074 0.09018943170488536 0.08618145563310087
0 0.10559571286141578 0.6857303090727817 0.09920737786640069 0.0861864406779661
0 0.19679960119641074 0.9527741774675973 0.08315054835493503 0.0832153539381856
0 0.28797607178464596 0.8630982053838485 0.09120638085742776 0.08616650049850452
0 0.19578265204386838 0.7749277168494516 0.08518444666001973 0.08215852442671998
