1 0.06743691148775897 0.38247834274952913 0.08254990583804146 0.21873446327683613
1 0.51060263653484 0.11953483992467044 0.07799623352165719 0.1402146892655367
1 0.17540301318267418 0.36227871939736345 0.07974764595103583 0.27604519774011294
1 0.42121468926553673 0.11383804143126175 0.07974764595103573 0.1384632768361582
1 0.2689510357815443 0.35724105461393596 0.08719774011299446 0.26246704331450094
1 0.3909811676082862 0.37433145009416197 0.09113747645951024 0.27035028248587567
1 0.5068775894538607 0.3846271186440678 0.08982297551789079 0.278677966101695
1 0.597578154425612 0.3787118644067797 0.09157815442561192 0.2808662900188323
1 0.6957288135593219 0.38703578154425616 0.09420715630885113 0.28612429378531073
1 0.07703201506591337 0.10529378531073447 0.10472316384180791 0.13189077212806025
