0 0.9300124875124873 0.891610889110889 0.09732767232767241 0.0886163836163835
0 0.9249275724275724 0.6533641358641359 0.09781718281718267 0.08861638361638378
0 0.7837712287712287 0.6577247752247752 0.09539460539460545 0.09443056943056938
0 0.7878896103896104 0.8940334665334665 0.09781718281718287 0.08764735264735254
1 0.13035464535464536 0.6620379620379621 0.17483516483516484 0.09157842157842155
1 0.78998001998002 0.8718906093906095 0.09557442557442566 0.14459040959040972
1 0.2829995004995005 0.877395104895105 0.16154345654345653 0.11737762237762234
0 0.07372877122877124 0.6718631368631369 0.08570929070929073 0.07990009990010001
0 0.9266233766233767 0.7703096903096903 0.10023976023976008 0.08910089910089898
0 0.2298976023976024 0.9021203796203797 0.09297202797202803 0.07650849150849144
