0 0.16866977829638274 0.8123395565927655 0.11820303383897328 0.11487747957992991
0 0.3156067677946325 0.6755542590431739 0.10810968494749103 0.10466744457409564
0 0.9295215869311552 0.3090577596266044 0.09626604434072343 0.08782380396732792
0 0.6313564760793465 0.5561172695449241 0.11860560093348885 0.1053850641773629
0 0.9299416569428237 0.6982322053675611 0.10539089848308056 0.0979346557759626
0 0.32744165694282373 0.26598891481913656 0.10135939323220534 0.09288798133022169
0 0.9337427071178531 0.430659276546091 0.10133605600933486 0.08444574095682612
0 0.9303646441073511 0.16972287047841306 0.0945799299883312 0.09288798133022166
0 0.47427071178529745 0.40904317386231037 0.09719953325554255 0.09474912485414233
0 0.4760268378063012 0.27858226371061845 0.100338389731622 0.10010501750291712
0 0.32742998833138853 0.1477683780630105 0.087823803967328 0.0793757292882147
0 0.7783693115519253 0.4193961493582264 0.09909568261376926 0.09701866977829635
0 0.4838885647607935 0.15486872812135355 0.09799883313885634 0.09434655775962661
0 0.6320945157526253 0.2878938156359393 0.10992998833138869 0.09527421236872813
0 0.31476079346557756 0.8123395565927654 0.10980163360560077 0.1114935822637106
0 0.31391481913652275 0.9481038506417737 0.11149358226371056 0.10262543757292875
0 0.7801166861143524 0.685414235705951 0.11187864644107355 0.1135355892648774
0 0.16866977829638263 0.14609101516919487 0.1114352392065344 0.09288214702450408
0 0.4686989498249708 0.8051983663943991 0.11697782963827298 0.10409568261376884
0 0.7778238039673279 0.2935501750291715 0.09718786464410724 0.0880338389731622
0 0.16528588098016334 0.5320011668611436 0.1215869311551926 0.11487747957993
0 0.7765752625437572 0.16292298716452744 0.1084597432905485 0.09492415402567095
0 0.16443990665110855 0.6721703617269545 0.11651108518086352 0.11143523920653442
0 0.03282672112018669 0.132561260210035 0.06565344224037338 0.09287047841306884
0 0.7766890315052509 0.8241802800466744 0.10811551925320878 0.10473162193698948
0 0.9388681446907818 0.5584918319719954 0.10865810968494759 0.09993582263710628
0 0.6272082847141188 0.1587456242707118 0.0928879813302216 0.09120186697782963
0 0.9318436406067677 0.9508430571761961 0.10568261376896129 0.09714702450408384
0 0.16613185530921823 0.9430280046674446 0.11989498249708286 0.11277712952158693
0 0.6221995332555427 0.8072928821470245 0.12036172695449228 0.11003500583430555
0 0.31983663943990664 0.5286172695449242 0.11656942823803947 0.10472578763127201
0 0.6236026837806301 0.4200583430571762 0.09679696616102673 0.08947491248541425
0 0.9276196032672112 0.8255775962660442 0.10284714119019817 0.09211201866977825
0 0.6270478413068844 0.6755921820303384 0.11150525087514601 0.10801050175029163
0 0.1732497082847141 0.26560676779463244 0.11522753792298701 0.11406067677946323
0 0.32237456242707113 0.3985705950991832 0.11149358226371056 0.11487747957992991
0 0.16989498249708287 0.3962368728121354 0.11528588098016329 0.10962660443407231
0 0.03518086347724618 0.5322053675612602 0.07036172695449236 0.10781796966161039
0 0.47577304550758465 0.5376283547257876 0.09983080513418913 0.09328471411901985
