0 0.5059671641791045 0.5557014925373135 0.10215522388059711 0.09546268656716425
0 0.9631611940298509 0.44068656716417914 0.07248358208955222 0.08641194029850742
0 0.9622985074626866 0.31625373134328355 0.07420895522388075 0.08986865671641786
0 0.9631611940298509 0.17367462686567164 0.07248358208955222 0.0950507462686567
0 0.6650955223880597 0.1624417910447761 0.09505074626865666 0.09332537313432836
0 0.8241044776119403 0.43779104477611935 0.0927462686567166 0.08201791044776115
0 0.199355223880597 0.9418477611940299 0.13844776119402982 0.11511044776119399
0 0.3540119402985075 0.5421313432835821 0.11871044776119383 0.11460298507462681
0 0.19991044776119404 0.4007820895522388 0.11599999999999996 0.10914626865671644
0 0.05740298507462685 0.5314029850746269 0.1148059701492537 0.13623880597014926
0 0.5064000000000001 0.29008656716417913 0.09746865671641773 0.09378507462686565
0 0.05704477611940296 0.3933432835820896 0.11408955223880592 0.12555223880597016
0 0.5119910447761193 0.16717611940298505 0.09512238805970145 0.09311044776119404
0 0.1972835820895522 0.8127014925373134 0.15241791044776118 0.13047761194029847
0 0.3583582089552239 0.39934029850746267 0.12041791044776103 0.11869253731343282
0 0.6566059701492538 0.8344029850746268 0.11046567164179084 0.10373134328358204
0 0.3599194029850747 0.2712925373134329 0.11936119402985064 0.10794626865671648
0 0.05498805970149254 0.6696059701492537 0.10997611940298509 0.12980298507462681
0 0.3621641791044776 0.14392238805970148 0.11280597014925357 0.10551641791044777
0 0.20770149253731351 0.5280179104477613 0.14614925373134344 0.1385432835820896
0 0.5199761194029852 0.940865671641791 0.14321194029850762 0.11707462686567152
0 0.5181283582089552 0.6785044776119404 0.1397432835820896 0.13671044776119404
0 0.5144776119402985 0.8146955223880598 0.13960597014925394 0.13057313432835835
0 0.6638567164179104 0.6947552238805971 0.1162507462686568 0.10365970149253724
0 0.8166089552238806 0.9591940298507462 0.123844776119403 0.08041791044776123
0 0.8136925373134328 0.8415731343283582 0.1089373134328361 0.11072835820895502
0 0.822713432835821 0.7036626865671642 0.10871044776119414 0.09655522388059698
0 0.20529253731343283 0.675420895522388 0.14822089552238807 0.13818507462686563
0 0.6561940298507463 0.9521492537313432 0.12086567164179092 0.09450746268656716
0 0.8203820895522389 0.3104358208955224 0.09712238805970128 0.08945671641791046
0 0.8234746268656717 0.1686238805970149 0.09582089552238801 0.0788119402985075
0 0.6694597014925373 0.554155223880597 0.1211283582089551 0.11690746268656713
0 0.349334328358209 0.9477313432835821 0.12736119402985102 0.10334328358208952
0 0.504734328358209 0.4258567164179105 0.10435820895522363 0.09295522388059696
0 0.6596746268656716 0.4277492537313432 0.10251343283582097 0.09573731343283583
0 0.34917313432835817 0.8338835820895522 0.1207940298507465 0.11384477611940276
0 0.9630746268656716 0.8480537313432837 0.07265671641791034 0.08774925373134326
0 0.20232835820895523 0.27297611940298505 0.11736119402985079 0.11450149253731341
0 0.2076865671641791 0.14322089552238806 0.11489552238805956 0.10208358208955222
0 0.9644776119402985 0.7027074626865671 0.06985074626865677 0.09616119402985072
0 0.9628447761194031 0.5696059701492537 0.07311641791044765 0.10817910447761186
0 0.6703880597014926 0.2857671641791045 0.11051940298507458 0.09931940298507465
0 0.3529910447761194 0.7008179104477612 0.11455522388059677 0.10833432835820875
