0 0.37774799599198405 0.6499874749498998 0.08888276553106203 0.08791082164328634
0 0.5138476953907815 0.8987399799599199 0.09441883767535071 0.08567635270541087
0 0.3669739478957916 0.8853381763527054 0.07693386773547116 0.0821793587174349
0 0.5054834669338677 0.7721392785571141 0.08305110220440874 0.08353707414829661
0 0.09604208416833668 0.7767560120240481 0.09276553106212439 0.09082665330661324
0 0.23689128256513028 0.7765105210420842 0.08791082164328672 0.07965430861723437
0 0.3724023046092184 0.768496993987976 0.08596693386773555 0.08402805611222447
0 0.09630511022044083 0.8982164328657314 0.08801102204408821 0.08218436873747499
0 0.2313476953907816 0.8932640280561122 0.08101202404809613 0.07868236472945911
0 0.5093812625250502 0.6562900801603205 0.08303106212424846 0.08501503006012029
0 0.23689378757515037 0.647557615230461 0.08499999999999992 0.08305110220440874
0 0.0938552104208417 0.651688376753507 0.09422344689378742 0.08936873747495003
