0 0.8206439393939394 0.7564962121212121 0.0906493506493508 0.09001623376623383
0 0.8105681818181817 0.8783062770562772 0.09064935064935033 0.08435064935064936
0 0.6660957792207792 0.877362012987013 0.08498376623376623 0.08372835497835496
0 0.6793181818181818 0.7470535714285714 0.0874999999999996 0.08246212121212129
0 0.5184767316017315 0.7486282467532468 0.09191017316017328 0.08435606060606055
0 0.5096645021645022 0.885232683982684 0.0868722943722943 0.08309523809523817
0 0.3598376623376623 0.8899512987012986 0.0830952380952383 0.08372294372294375
0 0.35291666666666655 0.7379247835497834 0.09820346320346324 0.09191017316017308
0 0.1958522727272727 0.7347781385281384 0.1000919913419915 0.0906493506493508
0 0.19521915584415592 0.8707521645021645 0.10764610389610384 0.11205627705627723
0 0.04803571428571427 0.8638284632034633 0.09607142857142854 0.09316558441558435
0 0.04897997835497841 0.7341477272727273 0.09795995670995682 0.09191017316017318
