1 0.6100771307365985 0.12051099112996527 0.16106440416505982 0.10902043964519859
1 0.7473621288083302 0.11781720015426146 0.13325106054762834 0.10722715001928267
0 0.2705418434246047 0.13616853065946777 0.09017740069417661 0.08254917084458153
1 0.48064211338218277 0.12095834940223678 0.14984573852680286 0.10902043964519863
0 0.14065753952950252 0.13392402622445046 0.08165445430003855 0.07896259159274971
0 0.55184149633629 0.12921326648669496 0.08568839182414205 0.08389510219822603
0 0.7138025453143078 0.1236058619359815 0.08389510219822598 0.08613960663324334
0 0.13863864249903587 0.024789818742768983 0.08389510219822599 0.04957963748553797
1 0.34223486309294254 0.1227535672965677 0.18977632086386426 0.12158118010027003
0 0.8571461627458542 0.12069224836097185 0.0960123409178558 0.09645584265329736
0 0.26470690320092555 0.027705360586193592 0.0892826841496336 0.055410721172387184
0 0.4159005013497879 0.13773814114924796 0.08030852294639419 0.0829965291168531
