0 0.6495249406175772 0.08099762470308795 0.12185273159144917 0.11817102137767221
0 0.042814726840855126 0.07874109263657958 0.08562945368171025 0.11959619952494054
0 0.4973901425178148 0.08687648456057012 0.12352137767220923 0.11710213776722095
0 0.4971496437054632 0.22458432304038 0.13147268408551077 0.12814726840855103
0 0.6500593824228029 0.22425771971496433 0.12078384798099769 0.12274346793349171
0 0.1855106888361045 0.22461401425178149 0.11603325415676947 0.11965558194774345
0 0.34219121140142517 0.07666270783847982 0.14709026128266017 0.15213776722090264
0 0.9517517814726842 0.08953681710213776 0.09530878859857482 0.10223277909738711
0 0.8058016627078385 0.2204453681710214 0.12193586698337268 0.10811163895486936
0 0.9524049881235154 0.22937054631828976 0.09400237529691231 0.10695961995249396
0 0.33724465558194777 0.22324821852731594 0.12161520190023764 0.12440617577197148
0 0.04020190023752972 0.21941805225653208 0.08040380047505943 0.11389548693586714
0 0.18777315914489306 0.08111935866983373 0.09282660332541562 0.0911104513064132
0 0.8104038004750593 0.08927256532066505 0.11617577197149637 0.10574228028503559
