0 0.8772216796875 0.9224137369791666 0.09770507812500004 0.08997721354166693
0 0.6830517578125 0.21079915364583335 0.0844498697916668 0.080283203125
0 0.8500553385416666 0.21023111979166667 0.09050781249999991 0.08444661458333332
1 0.31934244791666666 0.5396370442708334 0.13663411458333338 0.31190429687499993
1 0.5209944661458333 0.4378678385416666 0.10648111979166658 0.27986328125
1 0.6302555338541667 0.7667350260416668 0.1216503906249999 0.34960286458333323
1 0.8522151692708334 0.7752115885416666 0.12438476562500003 0.34582682291666655
0 0.6097900390625001 0.9203678385416666 0.10088216145833338 0.09315755208333325
1 0.9617529296875 0.39640462239583335 0.0758430989583333 0.304365234375
0 0.28125976562500005 0.4109391276041667 0.09505208333333331 0.08747721354166672
1 0.6844856770833333 0.33657389322916664 0.10177083333333324 0.29775716145833336
0 0.5043098958333334 0.3236490885416667 0.08823567708333332 0.0840690104166667
1 0.8432600911458333 0.3360986328125 0.09706705729166677 0.308134765625
