1 0.3042382182052938 0.21213686249193028 0.13969657843770167 0.1847514525500323
0 0.4642834086507424 0.2634344738540994 0.09162685603615228 0.09087153001936732
0 0.6828308586184635 0.25630083925112973 0.09763072950290486 0.09913492575855382
1 0.06736604260813421 0.29864428663653964 0.13473208521626842 0.2036797934151065
0 0.5735539057456424 0.2585539057456423 0.08786959328599081 0.08561652679147833
0 0.803744351194319 0.25930277598450613 0.09462879276952868 0.0961265332472562
0 0.3474983860555196 0.27507424144609427 0.09087798579728854 0.08862491930277597
0 0.09879922530664945 0.36122336991607484 0.09762427372498406 0.09950290510006447
0 0.04282763072950285 0.5242543576500968 0.0856552614590057 0.09262750161394444
0 0.2367204648160104 0.276952872821175 0.09313105229180102 0.09387992253066504
0 0.7730277598450614 0.15424790187217557 0.08761781794706225 0.08449322143318264
0 0.6400355067785668 0.17364751452550037 0.09325371207230516 0.0832408005164623
0 0.5289444803098773 0.17583602324080053 0.0926210458360233 0.08761781794706264
0 0.41566494512588764 0.18491284699806323 0.07885732730794069 0.07447385409941894
1 0.23548095545513234 0.2140187217559716 0.07892834086507414 0.1824983860555196
1 0.34742091672046477 0.11788250484183338 0.18249838605551974 0.19301484828921886
1 0.47021626856036147 0.11713363460296969 0.1877533892834089 0.18850871530019364
1 0.5813653970303422 0.11563266623628148 0.17874112330535846 0.18700451904454493
1 0.6992769528728214 0.10924790187217559 0.1847514525500325 0.15170432537120723
