0 0.4027825618945102 0.5285791173304627 0.08640473627556512 0.08039827771797632
0 0.8484095801937567 0.4006996770721207 0.08565662002152848 0.08565123789020455
0 0.10690258342303552 0.4070129171151777 0.08865984930032293 0.08264800861141018
0 0.3840742734122713 0.027489235737352017 0.09266953713670618 0.054978471474704034
0 0.4314020452099031 0.7607669537136706 0.09192142088266954 0.0794564047362756
1 0.5935522066738429 0.35670075349838537 0.13975242195909582 0.1658988159311087
0 0.8624596340150701 0.7631512378902046 0.09091496232508063 0.08114639397201283
0 0.5671044133476857 0.6344456404736277 0.09391819160387524 0.08640473627556516
1 0.8592653390742735 0.3514881593110872 0.0970021528525296 0.16003767491926793
0 0.5346474703982778 0.14929763186221745 0.08114639397201283 0.07438643702906353
1 0.7240608180839613 0.3576829924650161 0.12472012917115184 0.1638697524219591
0 0.7046286329386438 0.39249461786867595 0.0973735199138859 0.09737890204520987
0 0.8650134553283099 0.9007965554359526 0.08865984930032308 0.08340150699677065
0 0.2746286329386437 0.9067572658772874 0.1095694294940796 0.09955328310010751
0 0.5488724434876211 0.5390984930032294 0.08452637244348746 0.08327771797631855
1 0.17130247578040905 0.36560818083961244 0.17970936490850378 0.14389666307857918
0 0.11866792249730893 0.6560387513455329 0.09647470398277717 0.09106566200215277
1 0.4447093649085037 0.36399623250807317 0.1622927879440258 0.1548493003229278
0 0.40320236813778254 0.4026560818083962 0.09913885898815933 0.08557050592034447
1 0.5770586652314316 0.11157965554359524 0.137572658772874 0.1307373519913886
0 0.7152395048439182 0.6453928955866524 0.08436490850376749 0.08440258342303564
0 0.2729332615715824 0.787403121636168 0.09827771797631861 0.0955705059203445
0 0.5544860064585576 0.3891872981700753 0.09192142088266964 0.09659849300322926
0 0.13590150699677073 0.9007212055974166 0.08414962325080733 0.07889128094725519
0 0.583858988159311 0.8814881593110873 0.0901614639397201 0.09392357373519906
0 0.7146474703982776 0.7648170075349839 0.07774488697524215 0.07409041980624356
0 0.5707104413347686 0.7717922497308936 0.09241119483315392 0.08565123789020437
0 0.07944294940796555 0.03122981700753497 0.09235199138858988 0.06245963401506994
0 0.857561894510226 0.5142115177610334 0.10487621097954776 0.10853067814854683
0 0.42215285252960166 0.6472039827771797 0.09557588805166836 0.09286867599569444
0 0.853595263724435 0.6572120559741657 0.07964477933261571 0.07588805166846067
1 0.3055570505920344 0.2378686759956943 0.1753121636167923 0.1283530678148547
0 0.701143702906351 0.5327099031216362 0.08414962325080734 0.0803928955866523
0 0.7225726587728741 0.8908180839612487 0.08655543595263722 0.08294940796555432
0 0.2477152852529602 0.267516146393972 0.10017761033369217 0.08243810548977394
0 0.4294564047362755 0.8921716899892358 0.08385360602798707 0.07573196986006443
0 0.25840958019375676 0.6512378902045209 0.07638858988159312 0.07513455328310034
1 0.18757534983853605 0.5807400430570506 0.19319160387513454 0.20892895586652319
