0 0.40627679697351826 0.1184867591424968 0.08626103404791956 0.08810844892812107
1 0.07390605296343004 0.14171185372005046 0.08141866330390915 0.19584489281210588
1 0.4112042875157628 0.06745271122320304 0.11442622950819674 0.13490542244640608
0 0.9462799495586381 0.10401008827238338 0.09770491803278696 0.09418663303909215
0 0.3285435056746533 0.5198360655737704 0.0825220680958387 0.0788524590163934
0 0.6722730138713744 0.19343631778058007 0.0818600252206809 0.08361916771752831
0 0.7519293820933165 0.1256620428751576 0.07921815889029017 0.07658259773013874
0 0.7415447667087011 0.7643852459016394 0.09095838587641851 0.08068726355611619
0 0.40847414880201766 0.6079255989911727 0.08713745271122338 0.0845018915510719
0 0.5889186633039093 0.2752143757881462 0.08537831021437566 0.08625472887767971
0 0.49649747793190413 0.5155075662042875 0.08537831021437595 0.08274274905422452
0 0.8340573770491803 0.1973108448928121 0.08626103404791928 0.09066204287515763
0 0.669013240857503 0.8609899117276165 0.08186002522068099 0.07481715006305198
0 0.06055800756620427 0.21513556116015137 0.08141866330390914 0.07922446406052956
1 0.9181021437578816 0.0666015132408575 0.1268978562421185 0.133203026481715
0 0.930438209331652 0.6109646910466583 0.08537831021437595 0.08899117276166447
1 0.7299558638083227 0.0743032786885246 0.12322824716267337 0.1486065573770492
1 0.6687074401008828 0.1482408575031526 0.10929382093316505 0.1547667087011348
0 0.6703373266078184 0.36631147540983605 0.08626103404791928 0.08361916771752856
1 0.5252742749054226 0.15044136191677174 0.11743379571248429 0.1445018915510719
1 0.5857881462799496 0.2230580075662043 0.08882723833543515 0.16356872635561165
1 0.5006998738965953 0.44787515762925606 0.10643127364438841 0.19804539722572506
1 0.34116015132408567 0.4438430012610342 0.12184110970996201 0.20758511979823455
1 0.4145113493064312 0.5245271122320304 0.09542875157629278 0.2295838587641866
1 0.7266551071878942 0.686267339218159 0.11516393442622963 0.22298865069356866
1 0.5923865069356873 0.7152395964691047 0.10790037831021443 0.22372005044136192
1 0.666141235813367 0.7706210592686004 0.10708701134930665 0.2347225725094578
1 0.9118631778058007 0.5458007566204288 0.12616015132408565 0.21491803278688523
1 0.9534174022698612 0.4581462799495586 0.0919041614123582 0.2024464060529634
0 0.7574779319041614 0.2840132408575031 0.08802017654476667 0.08626103404791928
