0 0.503397212543554 0.5206620209059233 0.11573751451800235 0.10696864111498257
0 0.8100987224157955 0.6604326364692219 0.11039488966318223 0.11401277584204428
0 0.9542682926829269 0.9326655052264808 0.09030197444831582 0.12607433217189323
0 0.8175058072009292 0.7922473867595818 0.1135365853658536 0.11260162601626013
0 0.9542102206736353 0.793205574912892 0.09041811846689883 0.12961672473867591
0 0.965534262485482 0.25797909407665504 0.06777003484320557 0.10692218350754933
0 0.9652932636469221 0.1300871080139373 0.0682520325203252 0.11206736353077816
0 0.9610917537746806 0.6612659698025553 0.07665505226480836 0.10894308943089433
0 0.9636759581881534 0.3894308943089431 0.07148664343786287 0.11312427409988379
0 0.9624854819976771 0.53034262485482 0.07386759581881519 0.10423925667828109
