1 0.17311523963381795 0.3441760904684975 0.10473344103392555 0.1497522886375874
0 0.1691733979536888 0.12606354334948844 0.10754442649434588 0.10023694130317722
0 0.903866451265482 0.24616855142703287 0.0826925148088315 0.08833064081852463
0 0.7532014001077005 0.7504684975767367 0.0908400646203555 0.08958535271944014
0 0.6126548196015079 0.12945880452342487 0.09970920840064632 0.09762520193861064
0 0.4651777059773828 0.12997845988152934 0.10649973074851911 0.10911147011308571
0 0.17852180936995157 0.8825417339795368 0.09353257942918691 0.0909316101238558
0 0.6138152934841142 0.8832148626817449 0.11088314485729664 0.10524501884760384
0 0.32193322563274096 0.7637749057619816 0.08795907377490586 0.0819386106623586
0 0.3293134087237479 0.9051965535810447 0.09652665589660742 0.08660204631125493
0 0.9076252019386107 0.37459073774905766 0.09145934302638674 0.0908400646203555
1 0.17852988691437802 0.576917070543888 0.09571351642434046 0.17140010770059233
0 0.6106812062466345 0.503642972536349 0.09647280560043087 0.0895799676898223
0 0.4699515347334411 0.8990172320947767 0.0894561120086162 0.08419493807215928
0 0.17909800753904137 0.6318389876144318 0.09922994076467423 0.0924663435648897
0 0.044744211093161027 0.8845826602046312 0.08948842218632205 0.08569736133548735
1 0.17715670436187395 0.8052477113624125 0.10145395799676891 0.22473344103392587
1 0.6047872913301023 0.6959477652127086 0.10132471728594514 0.1932956381260096
0 0.46919493807215945 0.7614512654819601 0.08666128163704911 0.08248249865374263
0 0.7640468497576736 0.12919493807215945 0.09449111470113096 0.08561658589122242
0 0.04003500269251482 0.7813543349488421 0.08007000538502965 0.09208939149165324
0 0.17465266558966078 0.37664512654819604 0.10284329563812616 0.09501346257404417
0 0.8969736133548734 0.6248626817447497 0.08645126548196015 0.0952180936995154
0 0.7503823371028541 0.8745072697899838 0.10023694130317735 0.1058696822832528
0 0.6129375336564351 0.2600107700592353 0.09459881529348427 0.08833602584814212
0 0.039429186860527744 0.1250188476036618 0.07885837372105549 0.09605815831987069
1 0.043467959073774924 0.47848411416262787 0.08693591814754985 0.17967151319332256
0 0.6136995153473342 0.7600430802369413 0.08833602584814212 0.08703284868066774
0 0.3137775982767905 0.1260635433494884 0.10336564351103918 0.1085837372105547
1 0.4608239095315025 0.5845853527194399 0.10284329563812583 0.19269251480883148
0 0.31911147011308555 0.5168093699515347 0.10286483575659666 0.09636510500807766
0 0.040471190091545484 0.2557915993537964 0.08094238018309097 0.09553581044695754
0 0.7544534194938072 0.5055223478729133 0.08958535271943976 0.09709746903607963
1 0.7308427571351643 0.6925686591276251 0.1326063543349488 0.19305331179321494
0 0.7580883144857297 0.2546876682821756 0.08707592891760893 0.08457189014539578
1 0.3193026386645126 0.6953634894991922 0.09622509423801831 0.18117393645665053
0 0.466596661281637 0.3808535271943995 0.09772751750134628 0.10336564351103923
0 0.03461497038233709 0.6452854065697362 0.06922994076467417 0.08081313947226698
0 0.03670166935918146 0.5405061927840604 0.07340333871836292 0.0826925148088314
0 0.9097011308562198 0.12058158319870757 0.09240172320947768 0.09031771674744213
0 0.8972886375875067 0.746709746903608 0.0895799676898223 0.09710285406569756
0 0.7594668820678514 0.38962574044157244 0.09209477652127088 0.09709746903607969
1 0.6094022617124393 0.46464997307485195 0.1014862681744749 0.1533602584814216
0 0.46534194938072165 0.2558750673128703 0.10023694130317706 0.10148626817447501
1 0.3164162627894454 0.45890145395799675 0.11907915993537972 0.18403877221324721
0 0.4673182552504038 0.6452073236402799 0.10500807754442647 0.09526117393645668
