0 0.2960706150341684 0.8052334851936219 0.08735763097949892 0.08406605922551243
0 0.7125939635535309 0.5802648063781322 0.09066628701594534 0.08572323462414594
0 0.3037927107061502 0.6656919134396355 0.0950911161731207 0.08740888382687921
0 0.7094276765375855 0.32522779043280187 0.08673690205011353 0.08006833712984053
0 0.5850398633257402 0.8167910022779042 0.08447608200455592 0.08005125284738042
0 0.2974174259681092 0.5417995444191345 0.09346810933940783 0.0879271070615034
0 0.7180324601366744 0.6952961275626424 0.08654328018223265 0.07830296127562641
0 0.5822665148063781 0.9289265375854215 0.08780182232346259 0.08212414578587705
0 0.42893223234624145 0.19185649202733485 0.09021070615034162 0.08314350797266515
0 0.293371298405467 0.4177107061503417 0.09473804100227794 0.07883826879271076
0 0.7221554669703872 0.822371867881549 0.08379840546697069 0.07418564920273363
0 0.2946981776765376 0.28517938496583145 0.09231207289293843 0.08901480637813207
0 0.15127847380410023 0.16566343963553531 0.09231776765375836 0.0906662870159453
0 0.14469817767653753 0.8049487471526195 0.10818906605922551 0.0916742596810934
0 0.3070615034168565 0.9330410022779043 0.09067198177676526 0.08242596810933939
0 0.15045558086560354 0.3016657175398633 0.09396355353075173 0.08572323462414576
0 0.7161617312072891 0.44357346241457857 0.09132118451025091 0.08748861047835992
0 0.14497152619589976 0.93 0.10543280182232338 0.09883826879271047
0 0.4336702733485194 0.3066799544419134 0.10435649202733482 0.09062642369020497
0 0.43500000000000005 0.43201879271070615 0.10302961275626428 0.09552961275626427
0 0.7214664009111618 0.9480694760820045 0.09066628701594534 0.09203872437357619
0 0.15470956719817772 0.6760392938496583 0.11505694760820043 0.10231776765375865
0 0.5832203872437356 0.560626423690205 0.08876423690205013 0.09264236902050121
0 0.15872437357630984 0.5457033029612756 0.10776765375854226 0.09868451025056953
0 0.7105694760820045 0.20212984054669703 0.09109339407744876 0.08051252847380413
0 0.4393849658314351 0.5589464692482915 0.10091116173120711 0.10014806378132113
0 0.5780125284738041 0.4312186788154898 0.09520501138952155 0.09485193621867878
0 0.15127562642369025 0.4214521640091116 0.10551252847380418 0.09238041002277898
0 0.5743678815489751 0.6821469248291572 0.08791571753986338 0.09493166287015943
0 0.44408029612756267 0.6871839407744875 0.09374145785876994 0.08611047835990894
0 0.4533200455580867 0.8086047835990889 0.08658314350797269 0.08487471526195893
0 0.5727705011389522 0.3165461275626424 0.09637243735763092 0.09584851936218682
0 0.5728957858769932 0.1852591116173121 0.0908826879271071 0.0830466970387244
0 0.44936788154897506 0.9303018223234624 0.09076309794988612 0.0857972665148063
0 0.30315774487471525 0.15083143507972666 0.08854783599088856 0.08911161731207291
