0 0.30575159914712147 0.521703091684435 0.10182302771855005 0.0953891257995737
1 0.5931023454157782 0.4700719616204691 0.10045842217484002 0.15180703624733471
0 0.7461807036247334 0.13801439232409385 0.09353411513859285 0.0847494669509595
0 0.7326545842217485 0.875778251599147 0.09922174840085315 0.10479744136460564
1 0.1612340085287846 0.3508182302771854 0.1036727078891257 0.14823560767590613
0 0.45033848614072486 0.13878997867803838 0.10542110874200432 0.1080063965884862
1 0.30308368869936037 0.4643816631130063 0.11787313432835832 0.18217484008528786
1 0.16659381663113007 0.5812020255863539 0.09474413646055452 0.1696641791044776
0 0.8780730277185501 0.7492750533049041 0.08867270788912567 0.09611940298507476
0 0.03456556503198296 0.7835687633262259 0.06913113006396591 0.09115671641791043
1 0.0413486140724947 0.7080063965884861 0.0826972281449894 0.20895522388059698
0 0.5943683368869938 0.5086700426439233 0.09549573560767595 0.08867270788912575
0 0.45431503198294243 0.7638672707889126 0.08578358208955239 0.08164712153518124
0 0.16275586353944566 0.38295842217484016 0.10180170575692979 0.09405117270788911
0 0.16715618336886984 0.635567697228145 0.09822494669509597 0.09152985074626875
1 0.037963752665245216 0.4837659914712153 0.07592750533049043 0.17785181236673772
0 0.5963219616204691 0.13827558635394455 0.0986993603411515 0.09663646055437099
0 0.736684434968017 0.5105303837953091 0.08867803837953066 0.09611407249466948
0 0.30047174840085283 0.13491471215351816 0.10231876332622587 0.1074840085287847
0 0.8845842217484009 0.2538033049040512 0.08185501066098093 0.0874360341151387
0 0.03499733475479743 0.26332889125799575 0.06999466950959486 0.09456823027718557
0 0.16658582089552243 0.883731343283582 0.09258528784648193 0.09001066098081034
0 0.452457356076759 0.6488006396588485 0.10394456289978674 0.0942963752665245
0 0.03126599147121534 0.5451599147121535 0.06253198294243068 0.08185501066098083
0 0.45174307036247335 0.3871242004264392 0.0967377398720683 0.10231876332622593
0 0.8883049040511728 0.3809248400852879 0.0905330490405118 0.08992004264392332
0 0.15733208955223885 0.13491471215351813 0.10645522388059718 0.09922174840085292
0 0.45506396588486137 0.9000399786780385 0.0885501066098082 0.08334221748400837
0 0.8903598081023455 0.12948827292110873 0.09146588486140747 0.08940298507462689
1 0.1652345415778251 0.8072201492537314 0.10042643923240928 0.22245735607675926
0 0.03396588486140726 0.13388059701492536 0.06793176972281452 0.0950852878464818
0 0.8777611940298505 0.6286620469083156 0.08557569296375256 0.09425373134328371
0 0.7354450959488272 0.752995735607676 0.08992004264392318 0.08867803837953103
0 0.5966018123667376 0.2675053304904051 0.09364072494669519 0.0874413646055437
1 0.4460287846481876 0.5887926439232408 0.10180170575692947 0.19074093816631132
0 0.30854477611940295 0.7661673773987205 0.08706823027718558 0.08110874200426438
1 0.7133128997867805 0.6956823027718549 0.13126332622601278 0.19109808102345416
1 0.30594083155650315 0.6984488272921109 0.09525053304904052 0.1793390191897654
0 0.7402825159914713 0.2622361407249467 0.08619402985074609 0.08371535181236674
0 0.7416471215351813 0.3958075692963753 0.09116204690831561 0.09611407249466948
0 0.4505010660980811 0.2634115138592751 0.09922174840085288 0.1004584221748401
