0 0.11918668668668667 0.27406406406406403 0.09707207207207218 0.09562562562562563
0 0.21046546546546546 0.3733083083083083 0.09417417417417433 0.08548548548548547
0 0.2995670670670671 0.27478728728728735 0.09272772772772772 0.08548048048048046
0 0.38722222222222225 0.1798898898898899 0.09417417417417406 0.08982982982982984
0 0.20756506506506503 0.18495995995995992 0.08258758758758748 0.08258258258258255
0 0.03315315315315316 0.18713463463463464 0.06630630630630632 0.08113613613613622
0 0.1170120120120121 0.1038263263263263 0.08982982982982982 0.0796846846846847
0 0.29449699699699694 0.09441191191191191 0.0970720720720722 0.08114614614614621
0 0.77261011011011 0.2950725725725725 0.09707207207207225 0.10286786786786782
0 0.7617417417417418 0.11396896896896898 0.10431431431431445 0.0941741741741741
0 0.6726376376376377 0.20959709709709715 0.07679679679679682 0.0796946946946947
