1 0.16140595192674553 0.6986474628004578 0.09139641358260216 0.3228958412819535
1 0.4659843571156047 0.4081056848531095 0.10615413964135825 0.14890881342998852
1 0.837237695536055 0.6906943914536436 0.10270888973674172 0.33797024036627227
1 0.7605780236550935 0.4008355589469668 0.15534910339565072 0.15401755055322397
1 0.72268218237314 0.6923578786722624 0.10343380389164436 0.3258069439145363
1 0.05466806562380774 0.7046756962991225 0.09523464326592908 0.3159519267455171
1 0.05073636016787486 0.4139469668065624 0.07952689813048439 0.14845860358641733
1 0.6117893933613124 0.6912495230827927 0.08874475391072123 0.33244181610072504
1 0.6677546737886303 0.4090881342998856 0.1438801983975581 0.13614650896604358
1 0.2750991987790919 0.7000858450972911 0.10271270507439913 0.330228920259443
1 0.5021156047310187 0.6934605112552461 0.07741701640595192 0.3346508966043494
1 0.36452689813048456 0.40922739412438003 0.09676077832888211 0.14779473483403274
1 0.38958412819534527 0.7048531095001906 0.08477680274704298 0.30081648225867974
1 0.9494086226631058 0.6929072872949256 0.100419687142312 0.33574971384967583
1 0.5781037771842809 0.4190022892025944 0.09180465471194198 0.12247615413964134
1 0.15494086226631054 0.41465471194200687 0.07829835940480745 0.14567722243418532
1 0.2591568103777184 0.41126287676459367 0.09098817245326192 0.15135444486837088
1 0.855099198779092 0.40300076306753146 0.16940480732544852 0.14462037390309032
