0 0.7149674902470742 0.8410500650195057 0.09304291287386225 0.08774382314694407
0 0.4057509752925877 0.7050487646293888 0.0892522756827048 0.08698959687906363
1 0.6535468140442134 0.7150487646293889 0.17472691807542293 0.10434980494148252
0 0.5551040312093628 0.9647139141742523 0.08993498049414808 0.06927178153446023
0 0.706215864759428 0.4294408322496749 0.10032509752925893 0.09349804941482444
0 0.40293888166449937 0.8398569570871262 0.10347204161248362 0.09893368010403134
0 0.39708712613784136 0.15708387516254876 0.09769830949284768 0.09297139141742519
1 0.49235695708712607 0.3386508452535761 0.17321846553966178 0.13463589076723012
1 0.1919018205461638 0.47977893368010394 0.10256827048114434 0.12889466840052013
1 0.5057477243172951 0.5946911573472042 0.1853185955786736 0.11800390117035112
0 0.403020156046814 0.4387516254876463 0.08907022106632001 0.08754226267880363
0 0.21875812743823148 0.5814531859557867 0.09895968790637213 0.09013654096228865
0 0.6974187256176853 0.711553966189857 0.10135240572171629 0.09001300390117023
0 0.21550390117035115 0.44664824447334195 0.10619635890767225 0.08804291287386218
0 0.5672789336801042 0.5775682704811442 0.0977048114434331 0.09769830949284787
0 0.4035728218465539 0.9644408322496749 0.10074772431729531 0.06981794538361503
0 0.5595286085825748 0.8429388816644995 0.08774382314694425 0.0854746423927179
0 0.5496814044213262 0.2996944083224968 0.0961248374512354 0.09455136540962285
0 0.045923276983095 0.30877113133940187 0.09184655396619 0.09001300390117033
0 0.05587126137841356 0.5750260078023407 0.11174252275682713 0.10513654096228875
1 0.6444960988296486 0.45386215864759427 0.18594928478543551 0.12133940182054614
0 0.05189531859557871 0.43754551365409616 0.10286736020806243 0.0910468140442134
1 0.043654096228868726 0.3556697009102731 0.08730819245773745 0.15808842652795843
