0 0.25686989314896297 0.22250157133878065 0.09067253299811429 0.09140163419233192
1 0.25401948460088 0.16144563167818984 0.07970458830923975 0.17402891263356374
0 0.06579195474544308 0.47780641106222504 0.08510999371464507 0.08686360779384024
1 0.32384978001257064 0.15595851665619107 0.13746700188560654 0.17914519170333135
0 0.12015084852294144 0.3009993714644878 0.08695160276555633 0.09301068510370833
1 0.42548711502199876 0.14974858579509745 0.15355122564424867 0.17109993714644867
1 0.04803268384663738 0.4001539912005028 0.09606536769327476 0.20005656819610299
1 0.5271244500314268 0.14097108736643618 0.1769516027655565 0.18865493400377115
0 0.3647234443746071 0.22067253299811443 0.08847894406033938 0.08628535512256441
1 0.6411879321181647 0.15047768698931488 0.162325581395349 0.16964173475801378
1 0.7457510999371465 0.15084223758642362 0.18864864864864875 0.1674418604651163
0 0.4784255185417976 0.20934003771213075 0.08920804525455682 0.08847265870521681
0 0.584811439346323 0.20458830923947205 0.08554996857322428 0.0833563796354494
0 0.6912036455059711 0.20239472030169703 0.09505342551854153 0.09651791326209924
1 0.08360465116279076 0.24326838466373357 0.1360087994971715 0.19391577624135778
0 0.8089252042740415 0.20531741043368948 0.09213073538654921 0.0935889377749842
