0 0.2874684994272623 0.8173253150057275 0.09922107674684981 0.09421534936998854
0 0.29065864833906074 0.2868127147766323 0.0928407789232531 0.08952462772050396
0 0.5788316151202748 0.9433361970217639 0.08927835051546396 0.08194158075601378
0 0.5715005727376862 0.19376288659793814 0.08927835051546396 0.0872737686139748
0 0.28845933562428416 0.67659793814433 0.10051546391752575 0.0865521191294388
0 0.28932416953035517 0.4201030927835051 0.09528064146620857 0.0792898052691867
0 0.579495990836197 0.31669816723940436 0.08528064146620859 0.08528636884306984
0 0.7089117983963343 0.20328751431844216 0.0916151202749141 0.0809736540664376
0 0.1386827033218785 0.8092439862542955 0.11104238258877441 0.0928293241695302
0 0.5784851088201602 0.562233676975945 0.09396907216494835 0.08996563573883165
0 0.14558991981672384 0.303393470790378 0.09450171821305842 0.08621420389461629
0 0.5774971363115694 0.6938144329896907 0.0772852233676976 0.07995418098510891
0 0.7109478808705614 0.5835882016036655 0.09118556701030936 0.08621420389461638
0 0.43516036655211915 0.9373997709049257 0.09895761741122548 0.10160366552119121
0 0.4298367697594503 0.5664117983963346 0.09529782359679254 0.09592783505154634
0 0.4355126002290952 0.6996849942726231 0.09061282932416957 0.08928980526918673
0 0.14746277205040081 0.6848052691867125 0.10053837342497134 0.09487972508591061
0 0.42304982817869413 0.19689862542955328 0.08928407789232552 0.07928407789232532
0 0.4313888888888889 0.4434192439862543 0.08992554410080202 0.08727376861397489
0 0.5755097365406643 0.43397479954180984 0.09592210767468491 0.09596792668957617
0 0.15072737686139753 0.5484249713631156 0.11474226804123722 0.10647193585337911
0 0.7132101947308133 0.9481701030927837 0.09118556701030936 0.0925715922107676
0 0.7184278350515464 0.45000859106529206 0.08406071019473098 0.08020045819014887
0 0.7105269186712485 0.3245990836197022 0.08170675830469636 0.07554410080183277
0 0.42570733104238245 0.3151775486827033 0.10662657502863701 0.08797250859106526
0 0.2934450171821306 0.9433705612829325 0.11048682703321866 0.0928694158075603
0 0.7185652920962199 0.8237514318442154 0.08427835051546373 0.0746048109965635
0 0.14067583046964485 0.9373310423825888 0.10483390607101946 0.09539518900343642
0 0.581159793814433 0.8273997709049256 0.09794387170675846 0.08460481099656367
0 0.14640320733104245 0.4247651775486827 0.09947308132875132 0.08289805269186719
0 0.7137514318442154 0.7006128293241695 0.08704467353951861 0.0787514318442154
0 0.3013860252004582 0.14919243986254296 0.08461626575028652 0.08461626575028636
0 0.43221649484536095 0.8142898052691867 0.09879725085910655 0.09238258877434154
0 0.1464175257731959 0.16661225658648338 0.09284650630011437 0.09118556701030925
0 0.2886111111111111 0.5466494845360824 0.10356815578465059 0.09192439862542956
