0 0.19512626262626268 0.6704420587306599 0.2302651515151515 0.2093148089674771
0 0.19192866161616165 0.44696084622671295 0.23666035353535358 0.2138838017050837
0 0.19375631313131314 0.265066308809599 0.13614898989898988 0.12613514366908746
1 0.783582702020202 0.3148815914114304 0.3563636363636365 0.13436690874644772
0 0.20696022727272725 0.058039153773287014 0.12070707070707067 0.11607830754657403
1 0.7927193813131314 0.6681575623618565 0.354535984848485 0.18829491632459722
0 0.9133349116161616 0.683239658983265 0.16630366161616159 0.1508178086517208
0 0.9208727904040404 0.47483896431954536 0.15762310606060623 0.15630249447426595
0 0.9133349116161616 0.29111619829491636 0.15899305555555543 0.14533312282917582
0 0.9128787878787878 0.08225923586990844 0.15990530303030306 0.1352794442690243
0 0.6771306818181819 0.47346700347331866 0.14893939393939395 0.1352762867066625
0 0.6880950126262626 0.07586043574360594 0.14528724747474742 0.1297947584464793
0 0.44453598484848483 0.05026997158193875 0.10608585858585852 0.1005399431638775
0 0.43818497474747475 0.2636959267445532 0.16082070707070706 0.1489895800442059
0 0.4518907828282829 0.4711825071045153 0.17361111111111108 0.15081465108935888
0 0.440926452020202 0.7038048626460373 0.19737058080808081 0.17184085885696235
