1 0.5687931034482759 0.8044111405835543 0.1356021220159151 0.12886472148541128
0 0.832419098143236 0.6985490716180371 0.10131564986737401 0.10029177718832882
0 0.9677612732095491 0.9469522546419098 0.06341644562334225 0.09411671087533148
0 0.24416710875331565 0.9581140583554377 0.09874270557029181 0.08125729442970846
0 0.37857294429708227 0.708814323607427 0.09134217506631306 0.07961273209549082
1 0.1406498673740053 0.7029787798408488 0.18938461538461537 0.09864721485411128
0 0.07830503978779842 0.7135649867374005 0.0910291777188329 0.08485941644562332
0 0.9649310344827586 0.6939177718832891 0.06907692307692302 0.09411671087533167
0 0.5269893899204243 0.8415888594164457 0.07998408488063649 0.07332095490716188
0 0.9651883289124669 0.8181220159151193 0.06856233421750664 0.09463129973474796
0 0.6861034482758621 0.6962228116710876 0.09812732095490713 0.09195755968169755
1 0.30118037135278514 0.9288912466843502 0.1728010610079576 0.12651458885941666
