0 0.030982546864899846 0.4344085326438269 0.06196509372979969 0.09211376858435683
0 0.14713316095669038 0.20429541047188104 0.08723335488041388 0.08347123464770516
1 0.34516483516483515 0.48314802844214594 0.09096315449256613 0.20011635423400123
0 0.8155817711700064 0.17970911441499676 0.09775694893341935 0.09926308985132512
1 0.8374499030381383 0.05600517129928894 0.19221073044602477 0.11201034259857788
1 0.6036360698125405 0.06868455074337426 0.18318681318681315 0.13736910148674852
0 0.02694893341952169 0.6011570782159017 0.05389786683904338 0.09123464770523591
0 0.3688946347769878 0.20038784744667099 0.09325145442792486 0.09400129282482228
0 0.7061635423400129 0.18196509372979963 0.08798319327731083 0.08572721396250801
0 0.5472559793148029 0.11023270846800255 0.07332255979314813 0.07833225597931469
0 0.9366515837104072 0.18271493212669682 0.09475113122171944 0.09625080801551383
1 0.13196509372979967 0.16701034259857792 0.10590820943762132 0.16105365223012286
0 0.7656173238526182 0.09171622495151907 0.08152553329023904 0.08153199741435044
0 0.03822882999353594 0.08142210730446027 0.07645765998707188 0.09656108597285075
0 0.16875242404654164 0.44800904977375566 0.09776341305753054 0.09274725274725273
1 0.4766548157724628 0.4600614091790562 0.18338073691014864 0.22641887524240456
0 0.2307950872656755 0.28476729153199737 0.09775048480930854 0.0996315449256625
0 0.3905268261150614 0.03155462184873953 0.09212023270846813 0.06310924369747906
0 0.5967517776341306 0.18685197155785394 0.09174531351001924 0.090989010989011
0 0.08909179056237883 0.5140723981900452 0.08482870071105367 0.0813057530704588
0 0.5322882999353588 0.5343503555268262 0.11175177763413031 0.10395604395604402
0 0.36271170006464126 0.5486425339366515 0.1130510665804783 0.1143503555268258
0 0.4350840336134454 0.09018099547511318 0.09086619263089862 0.08711053652230122
1 0.20848093083387204 0.22059146735617327 0.10465416936005145 0.19677440206851982
0 0.8947123464770521 0.07103749191984485 0.08277957336780817 0.08278603749191994
1 0.13146412411118294 0.38440206851971565 0.1341111829347125 0.2017840982546864
0 0.47981577246283125 0.19850678733031676 0.09099547511312214 0.0887394957983193
0 0.6606496444731739 0.09798319327731088 0.08340659340659329 0.08403361344537816
