0 0.7050261172373765 0.20600116076610564 0.09283807312826475 0.0820545560069646
0 0.5768136970400463 0.9460272780034823 0.08885664538595428 0.09123041207196741
0 0.5790800928612886 0.835502031340685 0.09222867092280901 0.08544399303540343
0 0.4396053395240859 0.7042687173534533 0.08872896111433547 0.08769007544979686
0 0.7161317469529889 0.9593731863029599 0.09240278583865362 0.08009286128845036
0 0.2798374927452119 0.4257109692396982 0.0965525246662798 0.08034822983168899
0 0.7070893789901336 0.5913784097504353 0.09240278583865354 0.08736506094022059
0 0.4253017991874638 0.5724376088218224 0.09378409750435297 0.10085896691816602
0 0.42480266976204295 0.31397272199651777 0.09452698781195586 0.07832269297736509
0 0.4286738247243181 0.43890017411491583 0.08137550783517125 0.08435867672663966
0 0.4370168311085316 0.95007835171213 0.09156123041207209 0.09241439349970978
0 0.4185664538595473 0.19581834010446894 0.0941265235055138 0.0897330237957052
0 0.28790481717933836 0.5485258270458503 0.09409170052234472 0.09238537434706896
0 0.5680150899593732 0.4413929193267556 0.10085896691816575 0.10049912942542072
0 0.716834010446895 0.8381224608241439 0.08540336622170663 0.07560650029019153
0 0.5705310504933256 0.3158821822402786 0.09648868253047009 0.09650029019152644
0 0.5695211839814277 0.19246372605919906 0.08970980847359263 0.08738827626233311
0 0.2862246082414393 0.679573418456181 0.094097504352873 0.08902495647127096
0 0.28706035983749273 0.8265728380731282 0.09913522925130608 0.09741729541497379
0 0.29378699941961695 0.9475536854323854 0.10248984329657554 0.09409750435287285
1 0.21717933836331985 0.8251857225769008 0.18537434706906566 0.08008705745792215
0 0.5739901334881021 0.5665467208357516 0.09295995356935549 0.08478235635519445
0 0.2811897852582705 0.2906413232733604 0.09408009286128838 0.09071967498549037
0 0.7126320371445155 0.7086128845037725 0.08820081253627418 0.07980266976204295
1 0.22513058618688342 0.6934706906558329 0.2012768427161928 0.09500870574579218
0 0.7066627974463146 0.3289320951828207 0.08279744631456752 0.07655252466627975
1 0.22141613464886822 0.9443993035403366 0.1938479396401625 0.09564712710388845
0 0.288708647707487 0.1570574579222287 0.09244921648287868 0.09749274521183982
0 0.5718572257690077 0.7030760301799187 0.078316889146837 0.08102147417295416
0 0.7146691816598956 0.456015670342426 0.08518282066163682 0.08127103888566456
0 0.43189204875217635 0.8296894950667439 0.1010446894950667 0.08641323273360428
1 0.22362159024956468 0.5668020893789901 0.19756239117817764 0.10911201392919317
