1 0.054703647416413384 0.6240615501519757 0.07919452887537978 0.13904255319148942
1 0.15847264437689967 0.6170554711246201 0.0779711246200609 0.15169452887537993
1 0.5665710486322189 0.6140767477203648 0.1180129179331308 0.14320668693009111
1 0.3671827507598784 0.6202640577507598 0.09635638297872341 0.1365767477203646
1 0.3671827507598784 0.6202640577507598 0.09635638297872341 0.1365767477203646
1 0.7615786474164133 0.6066071428571428 0.15469984802431627 0.1533738601823708
1 0.6691432370820669 0.6098689209726444 0.1432788753799392 0.14549012158054717
1 0.46821618541033433 0.6156136018237082 0.10571048632218846 0.14475303951367782
1 0.2622530395136778 0.6169908814589666 0.09060790273556214 0.15072188449848029
1 0.8557047872340424 0.6087632978723404 0.16869680851063842 0.14401595744680845
