0 0.6302855603448277 0.24183997844827587 0.09747844827586234 0.09098599137931025
0 0.1793292025862069 0.12872575431034486 0.0945420258620691 0.0856627155172414
0 0.7609105603448276 0.7584832974137932 0.11177801724137887 0.10267780172413803
1 0.03768588362068962 0.46436153017241383 0.07537176724137924 0.15344288793103447
1 0.14610721982758632 0.6924030172413792 0.13267780172413796 0.19315732758620688
0 0.16973060344827584 0.5052559267241379 0.08963362068965497 0.09714978448275854
0 0.03707165948275865 0.5033755387931036 0.0741433189655173 0.08962823275862054
0 0.16847790948275856 0.750334051724138 0.09088900862068972 0.0896336206896553
0 0.17474676724137939 0.389296875 0.0921443965517241 0.09714978448275859
0 0.3126427801724138 0.7465732758620691 0.0896282327586206 0.0971551724137933
0 0.17336745689655172 0.25428609913793104 0.0871228448275861 0.0846174568965517
0 0.45398706896551727 0.7403044181034483 0.08273706896551711 0.08336745689655185
1 0.6937661637931033 0.6872144396551724 0.18560344827586212 0.20121767241379307
0 0.037731681034482746 0.2596120689655172 0.07546336206896549 0.08838362068965513
0 0.31232758620689643 0.6246605603448276 0.08649784482758616 0.09526939655172419
0 0.47717672413793094 0.26017510775862074 0.1015409482758621 0.09213900862068965
0 0.46818157327586196 0.1240247844827586 0.08931573275862065 0.08983836206896552
0 0.038868534482758677 0.12898976293103445 0.07773706896551735 0.09767780172413792
0 0.32298491379310346 0.3742537715517242 0.09150862068965528 0.09088900862068972
0 0.3192241379310345 0.2457623922413793 0.08273706896551748 0.08837823275862082
0 0.4643265086206896 0.3786449353448276 0.09088362068965533 0.09589978448275875
0 0.1656573275862069 0.8744396551724138 0.10029094827586223 0.10592672413793118
0 0.32506196120689657 0.12010775862068965 0.0924515086206897 0.09036637931034484
