1 0.3029870928088507 0.9445789797172711 0.1844744929317763 0.10961278426551932
1 0.14783343577135838 0.9402980946527352 0.19377381684081127 0.1181745543945913
1 0.14711739397664414 0.8118684695759066 0.19663183773816834 0.11583282114320828
0 0.08674554394591272 0.967480024585126 0.09695759065765212 0.06381069452980943
0 0.7467209588199142 0.8297357098955133 0.11261831591886907 0.09831591886908417
0 0.9182421634910878 0.8291149354640441 0.11202212661339915 0.10308543331284563
0 0.41138598647818075 0.8411862323294407 0.09652735095267345 0.09057160417947134
0 0.08917332513829129 0.8263122311001844 0.09891210817455443 0.08937922556853102
0 0.564698832206515 0.8450460971112476 0.09116779348494164 0.08460971112476956
0 0.24676705593116163 0.9653349723417332 0.09953288260602344 0.06810079901659505
0 0.4109926244622005 0.9653779963122311 0.11325752919483704 0.06801475107559926
