0 0.3680945198592258 0.897516339869281 0.09358471593765708 0.09475113122171944
0 0.6469783810960282 0.6498366013071897 0.08529914529914531 0.0833433886375063
0 0.22464052287581707 0.651543489190548 0.10527903469079947 0.08090497737556558
0 0.9204248366013073 0.6585997988939166 0.08332327802916034 0.0853142282554048
0 0.22658873805932625 0.7763197586726999 0.09650578179989938 0.10137757667169449
0 0.5058949220713926 0.9013775766716943 0.08832076420311723 0.08247360482654605
0 0.777516339869281 0.8884539969834088 0.0772046254399197 0.08246857717445939
0 0.3679411764705881 0.7799748617395676 0.09943187531422826 0.10187028657616902
0 0.5034364002011061 0.6539819004524886 0.09455505279034669 0.08968325791855221
0 0.5056309703368527 0.7794896933132227 0.09309200603318268 0.0911463046757165
0 0.08963046757164403 0.6554424333836097 0.10138260432378071 0.08578682755153356
0 0.7829638009049775 0.7712016088486676 0.08626948215183516 0.08432378079436909
0 0.6469758672699849 0.7792433383609855 0.08822021116138772 0.07993464052287573
0 0.9249069884364003 0.901902966314731 0.09475113122171963 0.08597787833081956
1 0.0979788838612368 0.953826043237808 0.09183509301156363 0.09134238310708896
0 0.6414127702362996 0.8964077425842133 0.0812971342383106 0.0789592760180996
0 0.788328305681247 0.6522750125691302 0.08919557566616386 0.08822021116138754
0 0.09158119658119662 0.7763197586726999 0.10040723981900468 0.09358471593765721
0 0.916513323278029 0.7748567119155354 0.0833433886375062 0.08383107088989436
0 0.3633081950729011 0.6549547511312216 0.09796882855706396 0.09260432378079451
