1 0.6336928628708902 0.48271852445870084 0.11534081796311157 0.30629510825982353
1 0.2825441058540497 0.4455593424218124 0.09188853247794714 0.29823175621491577
1 0.39014835605453085 0.4560384923817162 0.08785886126704104 0.2998476343223737
1 0.5021892542101043 0.45523255813953495 0.08463512429831592 0.2982357658380112
1 0.38199478748997595 0.6294366479550921 0.2054410585404971 0.549009623095429
1 0.7687048917401765 0.5000481154771452 0.12098636728147548 0.323223736968725
1 0.8755433039294305 0.5028668805132318 0.1233239775461108 0.31919005613472334
1 0.9639695268644747 0.5326924619085807 0.07125902165196489 0.3014554931836408
1 0.7961086607858862 0.19939855653568564 0.09035685645549335 0.15717722534081796
1 0.6909222133119487 0.19173817161186849 0.09761026463512429 0.15798315958299922
1 0.29757618283881315 0.17320168404170005 0.1105092221331196 0.14347634322373692
