1 0.22710858585858587 0.821716135143669 0.13706439393939399 0.31260183138616987
0 0.5309296085858586 0.692379223239659 0.11604482323232321 0.11242500789390597
0 0.23487531565656558 0.9460262077676034 0.10690972222222225 0.09688980107357131
0 0.3376720328282829 0.33590464161667194 0.12061553030303036 0.11608462267129772
0 0.23533143939393947 0.44970318913798546 0.11330808080808077 0.11151247237132927
0 0.1316208964646465 0.3418455952005052 0.10690972222222225 0.10420271550363122
1 0.5044318181818181 0.5671566150931481 0.1672159090909089 0.31717398168613825
1 0.30660353535353535 0.23718819071676664 0.1644760101010101 0.2860972529207452
1 0.13066287878787877 0.2381007262393432 0.13075757575757577 0.28426586675086835
1 0.22710858585858587 0.32859330596779285 0.1461994949494949 0.3189990527312914
