0 0.5388785347043703 0.7279562982005142 0.09719151670951158 0.09906169665809765
1 0.5209768637532135 0.36647493573264783 0.17862467866323917 0.2619730077120823
0 0.6927667095115682 0.8566131105398458 0.09719151670951195 0.0984447300771207
1 0.1484736503856042 0.7106169665809768 0.11937660668380463 0.4139331619537277
1 0.0418123393316195 0.7605077120822621 0.083624678663239 0.4007069408740359
0 0.5298457583547558 0.057564267352185054 0.10903598971722361 0.10404884318766072
1 0.5209768637532135 0.36647493573264783 0.17862467866323917 0.2619730077120823
0 0.5413978149100257 0.8640970437017996 0.10976221079691509 0.10789845758354731
0 0.39442480719794343 0.7403823907455012 0.10976221079691513 0.10232005141388169
0 0.3973007712082261 0.8758033419023136 0.09061696658097684 0.09420308483290475
1 0.37877570694087404 0.37006426735218506 0.12390102827763487 0.2565938303341901
1 0.4764717223650386 0.05595115681233929 0.1702956298200514 0.11190231362467858
0 0.5342030848329048 0.5890167095115683 0.09906169665809755 0.10404884318766072
0 0.3918412596401028 0.5980494858611826 0.10467223650385596 0.100931876606684
