0 0.7159668989547038 0.12764808362369334 0.09245644599303145 0.09385598141695696
0 0.4347967479674797 0.25433217189314744 0.10590011614401872 0.09481997677119627
0 0.14576655052264806 0.2552526132404182 0.10314750290360068 0.0962311265969803
0 0.7305487804878049 0.2513792102206736 0.11092334494773526 0.1041521486643437
0 0.43638792102206725 0.11128919860627179 0.08680603948896627 0.08563298490127746
0 0.5723809523809522 0.11676248548199764 0.09168408826945418 0.08192218350754929
0 0.13727351916376307 0.11761033681765394 0.09614982578397223 0.09567363530778167
0 0.29169860627177707 0.2543728222996516 0.09582462253193948 0.09581881533101046
0 0.29337979094076655 0.11232288037166083 0.09246225319396038 0.08405342624854821
0 0.581678281068525 0.24512485481997678 0.09750290360046496 0.09414053426248556
