1 0.9492672692059393 0.10193996126533254 0.10017430600387368 0.1662427372498386
1 0.4451452550032278 0.10534538411878636 0.11896707553260176 0.17952227243382823
1 0.10124919302775987 0.19719173660426084 0.08418979987088435 0.19826985151710777
1 0.7713395739186573 0.1250839251129761 0.12767591994835373 0.1595932859909618
0 0.7957488702388638 0.1775306649451259 0.08762427372498376 0.07885732730794055
1 0.6383473208521627 0.13509683666881864 0.09825693996126557 0.15834086507424142
1 0.7121949644932215 0.20488056810845712 0.10326662362814731 0.15771465461588122
1 0.24092963202065848 0.15186894770819884 0.10577146546158805 0.17023240800516448
0 0.895948999354422 0.5892156229825694 0.09575855390574561 0.09512588766946423
1 0.4613266623628148 0.43556810845706917 0.12767591994835378 0.21854744996772105
1 0.3678276307295029 0.5072950290510008 0.11941252420916726 0.2162943834732085
1 0.7658715300193674 0.7543770174306005 0.12391865719819223 0.2343189154293092
1 0.6318108457069076 0.7817914783731441 0.11565526145900584 0.23958037443511948
1 0.7061620400258232 0.8369916074887024 0.11415752098127846 0.246339573918657
0 0.5940994189799871 0.5200290510006456 0.08761781794706243 0.084551323434474
0 0.7088799225306649 0.9332020658489348 0.08381536475145253 0.07660426081342826
0 0.4456326662362814 0.5165622982569399 0.09463524854745005 0.08741768883150451
0 0.5432182052937379 0.25513557133634596 0.0920012911555841 0.08637185280826334
1 0.9421691413815365 0.44599096191091026 0.11437056165267902 0.18475145255003217
1 0.8836313750806971 0.5284570690768237 0.11626210458360242 0.19106520335700453
0 0.08589089735313103 0.27192059393156875 0.0833634602969657 0.08111684958037435
0 0.9660974822466105 0.6772046481601034 0.06651387992253084 0.09111684958037433
0 0.6268721755971596 0.33343447385409936 0.08741768883150404 0.08831504196255645
0 0.6277049709489994 0.8619012265978052 0.09200129115558428 0.09074887023886359
0 0.7994577146546158 0.34244351194318906 0.09012265978050343 0.08832149774047772
0 0.9681471917366042 0.5106714009038091 0.06241446094254349 0.09199483537766306
0 0.32197546804389926 0.27046804389928986 0.09387992253066481 0.08573918657198192
0 0.44211749515816645 0.6740929632020658 0.08921885087153018 0.08652033570045192
0 0.7886249193027759 0.8423983214977405 0.08486765655261463 0.08336346029696576
0 0.6324015493867009 0.18378631375080692 0.08761781794706253 0.08637185280826334
0 0.23279212395093604 0.35714977404777276 0.09200129115558424 0.08887669464170425
0 0.8778663653970302 0.2536701097482246 0.08832149774047778 0.09282763072950286
0 0.36015493867010967 0.57619754680439 0.08761781794706253 0.09262750161394454
0 0.7109457714654616 0.25263072950290516 0.08949644932214337 0.08511943189154286
0 0.4398676565526146 0.17296320206584892 0.08832149774047805 0.09021304067140093
0 0.5322433828276306 0.5794673983214977 0.08741768883150441 0.08471917366042607
0 0.7102356358941252 0.4267075532601679 0.08832149774047778 0.08561652679147862
0 0.5230535829567462 0.07780826339573918 0.0876178179470627 0.08397030342156225
0 0.22525177533892832 0.20845706907682374 0.0824080051646224 0.07301484828921896
