0 0.21490645745322876 0.2700060350030175 0.12540736270368133 0.11888955944477973
0 0.21611345805672907 0.4016898008449004 0.13132166566083295 0.12383826191913098
0 0.05440555220277608 0.3955793602896801 0.10881110440555215 0.12604103802051903
0 0.6744477972238987 0.4417199758599879 0.11256487628243798 0.10968014484007238
0 0.3747736873868437 0.27770066385033193 0.1155099577549786 0.10796620398310199
0 0.21152082076041034 0.6938201569100784 0.1308388654194327 0.13168376584188282
0 0.6807573928786965 0.5785003017501509 0.12156306578153273 0.12036813518406762
0 0.5267048883524442 0.4278515389257695 0.10458660229330133 0.09999999999999998
0 0.8512401931200967 0.9589076644538321 0.1366385033192517 0.08097767048883535
0 0.6759987929993967 0.9606759203379602 0.12097767048883534 0.07744115872057926
0 0.38038624019312006 0.1443572721786361 0.11997585998792983 0.1063367531683766
0 0.5290343995171999 0.2876825588412794 0.10825588412794218 0.1045141822570911
0 0.8398219674109837 0.17242908871454438 0.09640917320458657 0.0852806276403138
0 0.36487628243814113 0.9449305974652987 0.14906457453228725 0.10893180446590228
0 0.21076644538322267 0.5452142426071213 0.13210621605310804 0.13355461677730843
0 0.21721182860591437 0.14008449004224502 0.12721786360893195 0.11864815932407968
0 0.5259505129752565 0.5579662039831019 0.11176825588412785 0.12196741098370545
0 0.6743059746529871 0.8432589016294509 0.11059143029571522 0.10636089318044654
0 0.840835847917924 0.30887447193723594 0.10167169583584779 0.09269161134580567
0 0.533283041641521 0.15724200362100182 0.11436330718165362 0.103862401931201
0 0.20841882920941454 0.8448702474351237 0.11629450814725392 0.1218467109233556
0 0.05578756789378398 0.9406457453228727 0.11157513578756796 0.11750150875075437
0 0.36531683765841877 0.6934580567290285 0.10999396499698266 0.10878696439348212
0 0.686584188292094 0.3007785153892577 0.12187085093542556 0.10936632468316237
0 0.8469402534701267 0.43952625226312614 0.1143995171997586 0.10598068799034402
0 0.059052504526252284 0.13094749547374773 0.11810500905250457 0.12012070006035004
0 0.6808449004224503 0.7166083283041642 0.11968617984308996 0.11258901629450803
0 0.053138201569100756 0.8140012070006035 0.10627640313820151 0.12371756185878101
0 0.36653590826795424 0.817664453832227 0.14610742305371147 0.1291128545564273
0 0.2083584791792396 0.9598068799034399 0.11617380808690403 0.0791792395896198
0 0.5261285455642728 0.9612854556427278 0.11604707302353642 0.07622208811104401
0 0.8526855763427882 0.6985515992757997 0.12589016294508149 0.12311406155703075
0 0.056457453228726584 0.5341309595654797 0.11291490645745317 0.1374109837054918
0 0.6807573928786963 0.167845503922752 0.09608328304164164 0.09433916716958357
0 0.0557030778515389 0.6756849728424864 0.1114061557030778 0.13625829812914902
0 0.05849426674713335 0.2632257091128546 0.1169885334942667 0.12805672902836454
0 0.37377791188895604 0.4084490042245021 0.11400120700060358 0.11225105612552806
0 0.37115268557634284 0.5535908267954134 0.1133373566686785 0.11261315630657825
0 0.5180084490042244 0.8442486421243212 0.11176825588412813 0.10923355461677736
