1 0.03772376272376269 0.4622183222183222 0.07544752544752538 0.13719901719901717
1 0.41538259038259034 0.4614022464022465 0.08901719901719905 0.12617409617409622
1 0.7797385047385048 0.4487855387855388 0.14291681291681313 0.14169182169182173
1 0.03269041769041769 0.7251035451035451 0.06538083538083538 0.30176904176904185
1 0.3184450684450684 0.45837837837837836 0.08370656370656362 0.13924183924183933
1 0.13032116532116533 0.7201755001755001 0.08761319761319766 0.30693576693576685
1 0.1267041067041067 0.4649104949104949 0.073162513162513 0.12845208845208847
1 0.22851702351702355 0.7242909792909793 0.08408213408213418 0.29400140400140407
1 0.33311161811161805 0.7240873990873992 0.09449280449280452 0.3038013338013338
1 0.4474201474201474 0.7017339417339418 0.08534924534924543 0.33022113022113014
1 0.5515654615654616 0.7179922779922779 0.09043173043173039 0.3078694278694277
1 0.6526623376623376 0.7342488592488593 0.09551070551070551 0.26925587925587935
1 0.7563022113022114 0.7276430326430327 0.08535275535275536 0.2784029484029483
1 0.6943436293436293 0.4517988767988768 0.13236574236574228 0.13440856440856438
1 0.8573990873990872 0.7174833274833274 0.09652509652509644 0.3068515268515266
1 0.9546876096876097 0.7174833274833275 0.08992277992277982 0.30888030888030893
1 0.5087206037206037 0.45710600210600205 0.09765882765882772 0.13372762372762365
1 0.8666953316953317 0.45077746577746575 0.15584766584766604 0.13304668304668296
1 0.5995840645840645 0.4556862056862057 0.10902421902421909 0.1322990522990524
1 0.22256932256932252 0.4584380484380484 0.07203229203229213 0.1401404001404001
1 0.41538259038259034 0.4614022464022465 0.08901719901719905 0.12617409617409622
