0 0.9326151603498543 0.4304081632653061 0.10127696793002927 0.08439650145772597
0 0.9292390670553936 0.16962390670553937 0.09452478134110776 0.09283381924198252
0 0.6260379008746355 0.42150437317784256 0.08997667638483965 0.08604081632653059
1 0.8710495626822158 0.9543731778425657 0.16612244897959189 0.0900874635568513
1 0.867930029154519 0.8330903790087464 0.1682798833819244 0.08927113702623916
0 0.48001749271137023 0.15964723032069972 0.11408746355685118 0.10741107871720115
0 0.4753527696793002 0.2829125364431487 0.10324198250728883 0.09551603498542273
0 0.4720903790087464 0.4170524781341108 0.10049562682215739 0.0930320699708455
0 0.47371720116618077 0.814862973760933 0.10848396501457706 0.09727113702623931
0 0.474061224489796 0.5406851311953353 0.10147521865889225 0.0999708454810496
0 0.47133527696793015 0.6837084548104956 0.10080466472303215 0.09683965014577252
0 0.627941690962099 0.949597667638484 0.10404664723032073 0.09963848396501468
0 0.6262915451895043 0.8177900874635569 0.09666472303207012 0.09479883381924203
0 0.6261020408163265 0.6836443148688046 0.10806413994169094 0.10116618075801753
0 0.6346064139941692 0.5481895043731778 0.1067638483965014 0.10700291545189512
0 0.6319883381924198 0.2902623906705539 0.10817492711370266 0.10029154518950432
0 0.9368921282798833 0.5607026239067054 0.1102857142857146 0.10495043731778413
0 0.9355714285714285 0.6919125364431487 0.09853644314868804 0.09286297376093289
0 0.9290320699708454 0.8250874635568513 0.09771428571428568 0.08871720116618068
0 0.9290204081632654 0.9539562682215743 0.09547521865889183 0.0909212827988339
0 0.776396501457726 0.16537317784256558 0.09658309037900899 0.09654227405247809
0 0.7767842565597668 0.299268221574344 0.10388921282798841 0.09977259475218657
0 0.7815568513119535 0.42505830903790087 0.0973411078717201 0.09868804664723028
0 0.9283965014577259 0.30887755102040815 0.09620991253644312 0.08777259475218659
0 0.6262594752186588 0.1586530612244898 0.09283381924198246 0.09114868804664725
