0 0.33922375864236326 0.6276335637963545 0.10236957888120674 0.09871150219987444
0 0.63352922690132 0.8805091137649277 0.0950534255185421 0.09627906976744165
0 0.47845380263984916 0.6187994971715902 0.09688246385920794 0.10175989943431804
1 0.4655185417976117 0.40115336266499063 0.17469516027655574 0.2562099308610937
1 0.4655185417976117 0.40115336266499063 0.17469516027655574 0.2562099308610937
0 0.4741923318667505 0.09903834066624759 0.10663733500942796 0.10175989943431807
1 0.09682275298554373 0.7649245757385291 0.11675047140163419 0.4048334380892521
0 0.48302639849151485 0.7546825895663106 0.09505342551854182 0.09688246385920803
1 0.32644563167818985 0.40466373350094276 0.12117536140791949 0.2509490886235071
1 0.4219924575738529 0.09302639849151477 0.16654934003771207 0.11830923947203004
