0 0.4403784987277353 0.2564185750636132 0.08954834605597964 0.08732824427480915
1 0.7201844783715012 0.18537531806615773 0.16428753180661582 0.17169211195928746
1 0.6047423664122138 0.17575381679389313 0.1790903307888043 0.19093511450381673
1 0.32833651399491093 0.1964758269720102 0.08066793893129799 0.17613231552162842
1 0.5018765903307888 0.18463740458015268 0.15540712468193366 0.17316793893129762
1 0.39901081424936374 0.19092239185750637 0.1391284987277353 0.18131043256997467
0 0.33122137404580154 0.2582697201017812 0.09176844783714994 0.09250636132315532
0 0.13885496183206106 0.5071946564885497 0.08376590330788794 0.08119592875318082
0 0.8899491094147581 0.24087786259541985 0.09324427480916017 0.0947201017811704
0 0.055868320610687056 0.5669656488549618 0.08347964376590332 0.08001272264631029
1 0.10000636132315523 0.43487277353689563 0.13853689567430008 0.20141221374045792
1 0.042242366412213725 0.4987627226463105 0.08448473282442745 0.20299618320610696
0 0.7708047073791349 0.2379198473282443 0.09620229007633563 0.09768447837150121
0 0.6631265903307888 0.24013994910941475 0.08658396946564875 0.08436386768447834
0 0.5554548346055979 0.2449491094147583 0.09028625954198455 0.08954198473282443
1 0.8260114503816794 0.18574427480916028 0.19092875318066171 0.16946564885496188
