0 0.5625233644859814 0.19539135514018688 0.09198598130841115 0.08456775700934578
0 0.7143078271028037 0.9623247663551403 0.09299649532710282 0.07418224299065426
0 0.28925233644859816 0.9570210280373833 0.09300233644859802 0.08454439252336449
0 0.7047780373831776 0.33104556074766356 0.08332943925233643 0.07704439252336448
0 0.13284754672897206 0.43116238317757005 0.10145443925233648 0.08454439252336449
0 0.5760835280373833 0.8456717289719626 0.0934053738317756 0.08996495327102812
0 0.14136682242990653 0.557447429906542 0.10200934579439272 0.09328271028037377
0 0.27773948598130843 0.4343691588785047 0.1022313084112149 0.09271028037383182
0 0.276571261682243 0.29250876168224293 0.09468457943925226 0.09130257009345788
0 0.4211068925233645 0.3159900700934579 0.09513434579439248 0.07882593457943929
0 0.5711448598130842 0.3229877336448598 0.0869742990654206 0.08698014018691587
0 0.28502336448598137 0.5520560747663551 0.08454439252336435 0.08285046728971959
0 0.415668808411215 0.19707359813084113 0.08290303738317772 0.0733878504672897
0 0.28159754672897197 0.15806658878504673 0.09812500000000013 0.09811915887850468
0 0.12862149532710268 0.30941880841121494 0.0963785046728972 0.08792640186915883
0 0.7107856308411217 0.7131658878504673 0.0887675233644862 0.0803154205607476
0 0.4258790887850467 0.712178738317757 0.0892581775700937 0.08825934579439251
0 0.4182564252336449 0.4501810747663551 0.09539135514018691 0.0849182242990655
0 0.5716910046728971 0.5738668224299065 0.09268107476635491 0.09268691588785054
0 0.433828855140187 0.9545473130841122 0.09805490654205605 0.0897371495327104
0 0.2807885514018692 0.8335981308411216 0.092978971962617 0.0913317757009345
0 0.7150146028037384 0.8435075934579438 0.08595210280373862 0.07609228971962616
0 0.12946553738317756 0.16992114485981308 0.09469042056074747 0.09299649532710277
0 0.5726869158878505 0.9598510514018691 0.08661214953271007 0.0791296728971963
0 0.4173744158878505 0.5769596962616822 0.09946845794392516 0.09643107476635515
0 0.7128358644859812 0.4589456775700935 0.08573014018691606 0.08179322429906544
0 0.7031308411214953 0.20732476635514016 0.09343457943925237 0.08258177570093457
0 0.12925817757009345 0.8256950934579439 0.09788551401869154 0.09391355140186912
0 0.28502336448598137 0.6814047897196261 0.0980607476635515 0.09470210280373832
0 0.5669334112149532 0.44422897196261674 0.09811915887850468 0.10114485981308403
0 0.7052073598130842 0.5951781542056075 0.09299649532710282 0.08792640186915893
0 0.4350146028037384 0.829097546728972 0.09831191588785043 0.09546144859813085
0 0.13666179906542064 0.6906133177570094 0.09703855140186922 0.09470794392523367
0 0.13431366822429905 0.9572897196261682 0.0990128504672896 0.08425233644859818
0 0.5750116822429907 0.7033586448598129 0.0906308411214952 0.09001168224299065
