0 0.3876388888888888 0.1430119825708061 0.08678104575163405 0.08494553376906318
0 0.3696350762527232 0.6386492374727668 0.09101307189542482 0.09045751633986922
0 0.3737554466230938 0.5058415032679738 0.10110566448801747 0.09496187363834417
0 0.3755092592592592 0.3865876906318083 0.08914488017429197 0.08216230936819176
0 0.9403240740740743 0.520942265795207 0.10304466230936826 0.0966339869281045
0 0.9363779956427017 0.6450735294117647 0.09105664488017465 0.09351307189542493
0 0.3755718954248366 0.26401688453159045 0.08892156862745083 0.08556100217864925
0 0.5190822440087145 0.1481971677559913 0.08671568627450965 0.08514161220043572
0 0.939264705882353 0.2727532679738562 0.08828976034858389 0.08513616557734201
0 0.943973311546841 0.14320533769063185 0.09852396514161224 0.10510348583877999
0 0.36872821350762525 0.7619498910675381 0.09816448801742916 0.09559912854030495
0 0.5259858387799564 0.26876361655773423 0.09794117647058807 0.08894335511982568
0 0.518869825708061 0.390582788671024 0.09667211328976022 0.08985838779956422
0 0.9379956427015251 0.3995098039215686 0.09061002178649265 0.07540305010893249
0 0.5237173202614379 0.5128485838779957 0.1091993464052286 0.09521786492374738
0 0.5189324618736384 0.640168845315904 0.10409586056644898 0.09449891067538121
0 0.5167401960784315 0.7591639433551198 0.10450435729847497 0.09485294117647071
0 0.5167047930283225 0.8908823529411765 0.10824618736383425 0.10396514161220048
