1 0.7643584784010314 0.131795615731786 0.15609284332688572 0.1815151515151515
0 0.4809767891682786 0.18504835589941973 0.10620889748549323 0.10531270148291436
0 0.5984397163120567 0.18635396518375238 0.09450676982591878 0.09370083816892338
1 0.6584848484848483 0.12856866537717598 0.17926499032882007 0.17551257253384914
0 0.8236492585428755 0.18992263056092848 0.08851063829787227 0.08100580270793045
1 0.9542198581560285 0.12129271437782076 0.09027079303675048 0.20252095422308197
1 0.86036750483559 0.1284203739522889 0.13958736299161834 0.17476466795615728
0 0.9331592520954223 0.18992263056092845 0.09450676982591869 0.08851063829787231
0 0.7115151515151515 0.19217279174725987 0.08625402965828481 0.07950999355254669
1 0.5549774339136041 0.1251934235976789 0.19276595744680852 0.17326241134751774
