1 0.6902116684453932 0.4443881181074351 0.13415510494485944 0.13622554251156177
1 0.7530078263963003 0.723961223763785 0.08650658128779803 0.2821664887940235
1 0.03147456421202416 0.4549484169334757 0.06294912842404832 0.1390537175382426
1 0.11856456776947709 0.716392742796158 0.08879758093205269 0.3110850231234437
1 0.8648932764140875 0.44335289932408395 0.1579544646033442 0.1348452508004269
1 0.5941711134827464 0.4483279971540377 0.11049804340092491 0.13408751334044836
1 0.7767609391675561 0.4413340448239061 0.14484880825329083 0.14360725720384207
1 0.5020793311988616 0.4497669868374244 0.09897901102810393 0.1355353966559943
1 0.43995019565990756 0.6977018854500178 0.08650302383493423 0.33468516542155813
1 0.11489861259338316 0.4576769832799716 0.07415154749199558 0.1301885450017787
1 0.32409640697260755 0.7203575240128068 0.09577018854500179 0.3079082177161153
1 0.6479669156883672 0.7306563500533618 0.0968018498754891 0.2728957666310922
1 0.4074795446460334 0.45412130914265386 0.0902205620775525 0.12787975809320531
1 0.3092315901814301 0.45105656350053364 0.08483813589469928 0.14112415510494494
1 0.8554713625044468 0.713664176449662 0.0978299537531127 0.31099964425471355
1 0.9540750622554252 0.7136641764496621 0.09113838491639975 0.3130558520099611
1 0.21808786908573463 0.7205638562789043 0.08521878335112068 0.29797580932052653
1 0.5455033795802207 0.7141800071149058 0.09165421558164351 0.31203130558520104
1 0.4074795446460334 0.45412130914265386 0.0902205620775525 0.12787975809320531
1 0.21205976520811096 0.45111704019921745 0.0730060476698685 0.14203486303806473
