1 0.39854143646408835 0.25476795580110495 0.09718232044198902 0.14993370165745848
1 0.1101906077348066 0.37231215469613266 0.09264640883977904 0.17585082872928193
1 0.1032513812154696 0.13907734806629837 0.10097790055248616 0.1443867403314918
1 0.8379198895027624 0.37994751381215464 0.10258011049723723 0.15579558011049707
0 0.9714226519337017 0.5536243093922651 0.056049723756905895 0.09348066298342529
0 0.9677209944751382 0.6739419889502762 0.06345303867403299 0.09347513812154698
0 0.9654088397790055 0.8049060773480664 0.06807734806629827 0.09995580110497243
0 0.8406657458563537 0.5480718232044199 0.09070165745856357 0.09348066298342567
0 0.8420552486187847 0.42034530386740326 0.10088397790055248 0.09533149171270716
0 0.8489944751381215 0.17508011049723757 0.09995580110497243 0.09717679558011039
0 0.854085635359116 0.04519889502762428 0.10273480662983406 0.09039779005524856
0 0.6944309392265192 0.050135359116022106 0.09255248618784534 0.09533149171270716
0 0.6911933701657459 0.15981215469613258 0.08977900552486184 0.08885082872928186
0 0.6935055248618786 0.30419337016574594 0.09810497237569066 0.10181215469613256
0 0.5357044198895027 0.04103314917127071 0.0934751381215467 0.08206629834254142
0 0.3954861878453039 0.04380939226519334 0.11106077348066297 0.08761878453038668
0 0.39594751381215465 0.28845856353591154 0.09903314917127075 0.09255248618784534
0 0.2432375690607735 0.04334530386740334 0.09718232044198902 0.08669060773480668
0 0.24693922651933706 0.17091436464088397 0.09718232044198877 0.09070165745856357
0 0.24554972375690606 0.2958618784530387 0.09996132596685074 0.0925524861878453
0 0.10024033149171267 0.17183977900552483 0.09070165745856357 0.08885082872928185
0 0.10625966850828723 0.4245110497237569 0.08977900552486187 0.08329834254143638
