0 0.956947601010101 0.7520391414141415 0.08484217171717184 0.08813131313131323
1 0.8318402777777778 0.3969128787878788 0.13953914141414153 0.24915404040404032
0 0.5322001262626262 0.8821401515151513 0.08585227272727271 0.0854292929292927
0 0.23121212121212123 0.7786300505050505 0.07417929292929293 0.07785353535353538
0 0.9591887626262626 0.09626578282828284 0.0803598484848485 0.10355429292929291
0 0.39462121212121215 0.8884248737373737 0.08959595959595956 0.09033459595959614
0 0.8212531565656566 0.6257196969696969 0.09841540404040384 0.0895959595959596
1 0.9538573232323232 0.39385416666666656 0.09102272727272732 0.24916035353535337
1 0.8457670454545455 0.09450757575757579 0.13960227272727263 0.11104797979797985
0 0.8219854797979798 0.7513699494949495 0.08751893939393926 0.08935606060606058
0 0.8054008838383838 0.10368055555555557 0.08211489898989897 0.08058080808080799
1 0.30328914141414137 0.7345738636363636 0.19162878787878782 0.14214015151515144
0 0.6832544191919192 0.8887941919191918 0.0940088383838383 0.10135101010101014
0 0.6788320707070706 0.7618560606060607 0.08670454545454541 0.08287878787878813
1 0.9625789141414142 0.718197601010101 0.07357954545454548 0.14933712121212134
1 0.7195359848484848 0.7185037878787879 0.14076388888888888 0.15117424242424246
1 0.6878251262626263 0.40397727272727274 0.14594065656565655 0.24239898989898992
