0 0.7269915254237287 0.7329628422425031 0.10283572359843546 0.10283572359843546
1 0.3974185136897002 0.35738917861799224 0.18118644067796613 0.2657301173402869
0 0.41813233376792697 0.8621479791395045 0.11133637548891794 0.1094458930899607
0 0.41083441981747065 0.583122555410691 0.10048239895697508 0.10554106910039118
1 0.2531779661016949 0.3610299869621903 0.12567796610169488 0.2602737940026074
0 0.5716720990873534 0.8545567144719687 0.0985853976531945 0.09985658409387202
0 0.4155769230769232 0.7240547588005216 0.09858539765319432 0.10048239895697524
0 0.27196870925684474 0.8740221642764014 0.0919165580182529 0.0955541069100391
0 0.40641460234680576 0.04840938722294654 0.11059973924380694 0.09681877444589308
1 0.3974185136897002 0.35738917861799224 0.18118644067796613 0.2657301173402869
1 0.3522750977835724 0.04958279009126463 0.17273794002607556 0.09916558018252926
1 0.6645599739243806 0.6963820078226858 0.19383963494132952 0.13650586701434134
0 0.26905149934810946 0.7366590612777052 0.11133637548891788 0.1037874837027379
0 0.2664308996088656 0.5922848761408084 0.1061734028683181 0.10237940026075633
