1 0.6083721441124781 0.36924428822495603 0.09690246045694205 0.2030316344463972
1 0.8550834797891036 0.7125812829525483 0.10069420035149397 0.33581282952548336
1 0.7009775922671353 0.7156480667838313 0.10938049209138845 0.3419463971880492
1 0.557091388400703 0.7414586994727593 0.11091388400702995 0.35779437609841847
1 0.39046353251318106 0.7716168717047451 0.1150043936731107 0.33121265377855874
1 0.2476010544815466 0.7560259226713533 0.12165202108963095 0.3623945518453427
1 0.3680711775043937 0.3825527240773286 0.11181019332161692 0.20906854130052713
1 0.48733304042179265 0.37598637961335674 0.1047100175746924 0.19948594024604568
1 0.7164565026362039 0.3680008787346221 0.09938927943760992 0.19274165202108962
1 0.8279130052724079 0.36054701230228475 0.11358523725834792 0.20267574692442877
1 0.9407864674868192 0.3587719683655536 0.1171353251318103 0.1962873462214411
