0 0.30957526881720443 0.696731182795699 0.11258064516129035 0.08651612903225807
0 0.4578602150537635 0.7003790322580644 0.10476344086021516 0.09902688172043018
0 0.6077069892473119 0.6993387096774193 0.10111290322580635 0.09590322580645175
0 0.7612043010752688 0.6949059139784947 0.0912150537634409 0.08912365591397846
0 0.9123575268817206 0.697513440860215 0.09538172043010743 0.09433870967741916
0 0.039599462365591385 0.9557258064516128 0.07919892473118277 0.0874731182795698
0 0.31165860215053764 0.8301612903225807 0.10319892473118267 0.10840860215053769
0 0.1672876344086022 0.8301612903225807 0.10737096774193562 0.10007526881720437
0 0.03855913978494625 0.8291182795698925 0.0771182795698925 0.09590322580645157
0 0.4629784946236559 0.9542822580645162 0.10007526881720423 0.09036021505376331
0 0.036994623655913945 0.7032446236559139 0.07398924731182789 0.09538172043010762
0 0.16520161290322577 0.7009005376344085 0.10841397849462354 0.09173655913978514
0 0.9066209677419355 0.8246881720430107 0.09225268817204299 0.09017204301075263
0 0.7612016129032257 0.8332876344086022 0.09433870967741953 0.08547849462365588
0 0.6100537634408602 0.8335510752688172 0.09954838709677433 0.09746774193548396
0 0.4628145161290321 0.8340698924731182 0.10632795698924734 0.10893548387096783
0 0.9007956989247311 0.9500725806451612 0.08255913978494639 0.08818817204301062
0 0.6103360215053764 0.9596290322580645 0.09444623655913986 0.07966666666666661
0 0.755252688172043 0.9579112903225807 0.08693548387096758 0.08310215053763433
