1 0.8293838136112814 0.27105456774984665 0.21832618025751072 0.1483629675045984
0 0.1983874923359902 0.5321244635193133 0.08987124463519316 0.07874310239117129
0 0.20163703249540157 0.3996290619251992 0.08645003065603922 0.07703862660944216
0 0.1934212139791539 0.28313917841814845 0.08645003065603922 0.08131207847946048
0 0.9123114653586757 0.3146351931330473 0.09415082771305935 0.08645003065603925
0 0.9082863274064992 0.45149908031882274 0.09843654199877362 0.09072348252605779
0 0.9081146535867566 0.5815113427345188 0.09671980380134888 0.09671980380134888
0 0.9220662170447579 0.7032250153280197 0.0907296137339056 0.09158798283261807
0 0.9248927038626608 0.8479613733905579 0.08645003065603929 0.0855977927651747
0 0.3166707541385653 0.14661557326793379 0.08987124463519314 0.08217044757817303
0 0.5018945432250154 0.8013151440833844 0.09158798283261797 0.08816063764561607
0 0.3449202942979767 0.8085009196811771 0.08302268546903735 0.07960147148988346
0 0.337388105456775 0.6849969343960759 0.09500919681177192 0.0907296137339055
0 0.3336204782342122 0.5350367872470877 0.09158185162477016 0.087302268546904
0 0.3302820355610055 0.4176026977314531 0.09928877988963822 0.08559166155732674
0 0.5086572654812999 0.6670202329858983 0.08217044757817299 0.07703249540159393
0 0.4811802575107296 0.5510392397302267 0.07788473329245872 0.0744635193133047
0 0.4671428571428571 0.42316676885346416 0.08131207847946052 0.0744635193133046
0 0.6011802575107296 0.4341232372777436 0.09671980380134898 0.08816063764561613
0 0.6104261189454322 0.5536940527283876 0.09158185162477002 0.08045984058859593
0 0.6254904966278357 0.6956039239730226 0.09500306560392414 0.0907296137339057
0 0.6019527896995708 0.03487737584304108 0.0873022685469037 0.06975475168608215
0 0.610340282035561 0.29931330472103007 0.08901900674432864 0.08559166155732678
0 0.4459166155732679 0.29700490496627835 0.08987124463519319 0.08816063764561617
0 0.7897394236664623 0.8301594114040466 0.08901900674432864 0.08730839975475166
0 0.2204690374003679 0.7849662783568362 0.10527896995708153 0.09928877988963832
0 0.21550275904353156 0.6558920907418762 0.08816063764561624 0.08559166155732664
0 0.6282280809319436 0.8172317596566523 0.09500919681177182 0.09158185162477021
0 0.6022072348252605 0.16003985285101163 0.09552421827099933 0.08730226854690377
0 0.7791140404659719 0.6934273451870019 0.09629061925199252 0.08559166155732693
0 0.7787553648068669 0.5621827099938689 0.09415082771305955 0.08416922133660315
0 0.7619957081545066 0.44235438381361125 0.0991477621091355 0.08701410177805033
0 0.7537921520539544 0.30255058246474553 0.0970018393623544 0.0898712446351931
1 0.5351502145922747 0.2560913549969344 0.23545064377682393 0.15549356223175947
1 0.6870784794604538 0.26213672593500914 0.21404659717964442 0.1376640098099325
1 0.9379123237277743 0.27141937461679955 0.12294911097486205 0.14835683629675048
