0 0.9324182242990653 0.243089953271028 0.11028037383177541 0.10295560747663551
0 0.7914456775700934 0.10968749999999998 0.11326518691588776 0.10317172897196251
0 0.4680023364485982 0.10327102803738322 0.11369158878504666 0.11028037383177566
0 0.1742260514018692 0.10593457943925234 0.11872079439252337 0.11897196261682248
0 0.4716968457943925 0.23381717289719622 0.12925817757009336 0.12500584112149532
0 0.7846758177570093 0.24323598130841118 0.1031249999999998 0.09973130841121493
0 0.3148773364485981 0.08686331775700938 0.133913551401869 0.12814252336448606
0 0.9340829439252337 0.11169976635514019 0.10239485981308412 0.092838785046729
0 0.6289398364485981 0.22911214953271028 0.12471378504672904 0.122733644859813
0 0.3197663551401869 0.22567172897196255 0.14014018691588787 0.13113317757009343
0 0.170035046728972 0.23779205607476636 0.11600467289719636 0.11869158878504674
0 0.6289077102803738 0.1038785046728972 0.12276869158878521 0.11619158878504662
