0 0.29271213073538654 0.6276335637963545 0.10236957888120674 0.09871150219987444
0 0.5870175989943432 0.8805091137649277 0.095053425518542 0.09627906976744165
0 0.43194217473287244 0.6187994971715902 0.09688246385920794 0.10175989943431804
1 0.4190069138906349 0.40115336266499063 0.17469516027655568 0.2562099308610937
1 0.4190069138906349 0.40115336266499063 0.17469516027655568 0.2562099308610937
0 0.4276807039597737 0.09903834066624759 0.10663733500942792 0.10175989943431807
1 0.05434318038969205 0.7649245757385291 0.1086863607793841 0.4048334380892521
0 0.4365147705845381 0.7546825895663106 0.09505342551854186 0.09688246385920803
1 0.2799340037712131 0.40466373350094276 0.12117536140791949 0.2509490886235071
1 0.37548082966687624 0.09302639849151477 0.16654934003771207 0.11830923947203004
