0 0.4112182410423452 0.67785667752443 0.100416938110749 0.10547231270358319
1 0.3978110749185668 0.45227035830618906 0.18106840390879486 0.2655570032573291
0 0.2669087947882735 0.6870130293159609 0.10610423452768725 0.1023127035830621
0 0.7271693811074917 0.8275993485342018 0.10276872964169383 0.10276872964169374
0 0.2506156351791531 0.028146579804560284 0.1009446254071663 0.05629315960912057
0 0.5719511400651467 0.9491140065146579 0.09852117263843674 0.09979153094462527
1 0.3526970684039088 0.13290228013029315 0.17262540716612373 0.12262540716612365
0 0.40680130293159616 0.1391335504885993 0.11052768729641686 0.1054723127035831
0 0.27244299674267086 0.9600846905537459 0.0918566775244299 0.07852768729641693
1 0.6647785016286644 0.791042345276873 0.1937133550488596 0.13641693811074881
1 0.3978110749185668 0.45227035830618906 0.18106840390879486 0.2655570032573291
0 0.4185114006514658 0.9506807817589576 0.11126384364820847 0.09733550488599345
1 0.2536644951140065 0.45590879478827356 0.12559609120521167 0.26010423452768716
0 0.4159576547231271 0.8186970684039089 0.0985211726384365 0.10041693811074924
0 0.2695276872964169 0.8312931596091203 0.11126384364820847 0.10371986970684025
