0 0.057424242424242426 0.05296337227660247 0.11065656565656565 0.09880959898958004
0 0.034580176767676774 0.22027786548784337 0.06496843434343436 0.07677928639090625
0 0.24935606060606064 0.6827818124407957 0.13249368686868687 0.13710767287653935
0 0.27631313131313134 0.465241553520682 0.12792297979797984 0.13527628670666242
0 0.5148027146464645 0.4762093463845912 0.1589930555555555 0.15173034417429743
0 0.5097758838383839 0.6681591411430375 0.19462752525252525 0.19560467319229555
0 0.7382118055555557 0.6846100410483107 0.17636047979797978 0.16452794442690247
0 0.9500441919191919 0.6777549731607199 0.09928030303030305 0.1544742658667508
0 0.7409564393939394 0.49311809283233343 0.17452651515151527 0.16361540890432585
0 0.9546133207070708 0.2851752447110831 0.09014204545454556 0.1334512156615093
0 0.9550694444444444 0.0900284180612567 0.08922979797979791 0.12339753710135774
1 0.9059453914141414 0.9313056520366277 0.15789457070707075 0.1367571834543733
1 0.1516540404040404 0.2811604041679823 0.3033080808080808 0.20796021471424064
1 0.3565988005050505 0.9266987685506789 0.2013162878787878 0.14597095042627098
