0 0.8228115117014548 0.6585325743200506 0.0986021505376343 0.0897659709044908
1 0.8473719165085389 0.12631246046805825 0.13986717267552184 0.11125869702719804
0 0.5332099936748893 0.9154395951929157 0.08601518026565458 0.08559139784946213
0 0.8069291587602784 0.13550284629981024 0.08227071473750787 0.0807337128399746
0 0.395370018975332 0.9217362428842504 0.08976597090449072 0.09050600885515492
1 0.303864642631246 0.7675932953826691 0.19199240986717261 0.1424098671726754
1 0.9634566729917773 0.7511859582542695 0.071821631878558 0.14962049335863392
1 0.95471853257432 0.4262270714737508 0.08929791271347261 0.2496331435800125
1 0.7209013282732447 0.7514927261227072 0.14103099304237834 0.15146110056926002
0 0.68455091714105 0.9221062618595826 0.09418722327640722 0.10154332700822266
0 0.8235452245414295 0.7844212523719166 0.08768500948766594 0.08952561669829223
0 0.9600600885515497 0.12807400379506642 0.07861480075901321 0.10375079063883616
1 0.8334187223276408 0.429291587602783 0.13980392156862753 0.24962681846932314
0 0.23165085388994308 0.8117330803289057 0.07432005060088549 0.0780012650221379
1 0.6891302972802024 0.4363693864642632 0.1462175838077166 0.2428589500316256
0 0.6801201771030992 0.7949272612270715 0.08686907020872865 0.08303605313093
0 0.9578146742567993 0.7850917141049969 0.08310562934851375 0.08829854522454161
