0 0.6962323037323038 0.8564285714285716 0.09731660231660262 0.09857142857142838
1 0.5242213642213643 0.36565958815958827 0.17885456885456893 0.26231016731016743
1 0.3818371943371943 0.36925353925353915 0.12406048906048901 0.2569240669240668
1 0.7879247104247104 0.7002895752895754 0.19134491634491593 0.13474903474903444
1 0.4796589446589447 0.05537966537966534 0.17051480051480047 0.11075933075933068
1 0.1527348777348777 0.7074002574002575 0.11952380952380941 0.4144658944658943
1 0.04330437580437585 0.7592471042471044 0.0866087516087517 0.40081081081081094
0 0.5421460746460747 0.7276061776061776 0.09731660231660244 0.09918918918918924
0 0.8495527670527669 0.7363996138996138 0.1015122265122265 0.1015122265122265
0 0.4003861003861003 0.8756435006435006 0.09073359073359073 0.09432432432432432
0 0.3949195624195624 0.597532175032175 0.10480694980694977 0.10106177606177624
0 0.5331016731016732 0.05635135135135132 0.10917631917631915 0.10418275418275424
0 0.5374646074646074 0.5884877734877735 0.09918918918918906 0.10418275418275429
0 0.39750643500643495 0.7400482625482625 0.1099034749034749 0.1024517374517374
0 0.5446685971685973 0.8639221364221366 0.1099034749034749 0.10803732303732279
1 0.5242213642213643 0.36565958815958827 0.17885456885456893 0.26231016731016743
