1 0.3055658056580566 0.9430719557195572 0.18458794587945887 0.11262607626076267
1 0.1424846248462485 0.8141482164821648 0.19675276752767532 0.11591020910209104
0 0.40515375153751537 0.9641666666666667 0.11333333333333347 0.07043665436654373
0 0.08948031980319797 0.9676845018450184 0.09701722017220173 0.06340098400984012
0 0.7466728167281672 0.9671402214022141 0.1116113161131611 0.06448954489544882
0 0.9246740467404674 0.8365805658056582 0.1120910209102094 0.103148831488315
1 0.1485424354243543 0.9396771217712178 0.1938868388683887 0.11941574415744159
0 0.5713560885608856 0.8452767527675277 0.09122386223862235 0.08466174661746621
0 0.4136562115621156 0.8327644526445265 0.09658671586715877 0.09062115621156208
0 0.09112238622386229 0.830950184501845 0.09897293972939734 0.08942804428044264
0 0.2443234932349323 0.9628690036900369 0.09959409594095929 0.07303198031980317
0 0.7496771217712178 0.8395879458794588 0.11268757687576873 0.09837638376383775
