0 0.7340984126984126 0.7811841269841269 0.10015873015873016 0.10015873015873016
0 0.4307904761904762 0.7725079365079366 0.09601904761904763 0.09786666666666664
0 0.2909206349206348 0.9185714285714285 0.08952380952380946 0.0930666666666666
1 0.369136507936508 0.10413015873015873 0.16824126984126975 0.11951111111111098
0 0.2855269841269841 0.6441682539682541 0.10340952380952374 0.09971428571428588
1 0.2726190476190476 0.41893333333333327 0.12240634920634914 0.2534984126984126
1 0.413104761904762 0.41538730158730164 0.17646984126984133 0.25881269841269855
0 0.5828222222222222 0.8996126984126986 0.09601904761904786 0.09725714285714279
0 0.42617142857142853 0.6352444444444445 0.09786666666666655 0.10279365079365087
1 0.6732920634920634 0.7455555555555556 0.1887936507936505 0.13295238095238063
0 0.42186666666666667 0.11020317460317455 0.10772063492063487 0.10279365079365084
1 0.413104761904762 0.41538730158730164 0.17646984126984133 0.25881269841269855
1 0.06686984126984123 0.7433206349206349 0.11273650793650791 0.40232380952380953
