0 0.11703984819734345 0.3001486401012018 0.09564832384566746 0.0974889310562934
1 0.24930107526881717 0.1561416824794434 0.08020872865275172 0.1751296647691334
1 0.7441429475015815 0.14547122074636304 0.1898418722327642 0.16850094876660346
0 0.5821853257432005 0.1995572422517394 0.08609108159392775 0.08388361796331431
0 0.25216951296647694 0.21758380771663507 0.09124604680581895 0.09197975964579387
1 0.5241334598355472 0.13553763440860214 0.17807084123972186 0.18984819734345346
0 0.05633143580012647 0.4598798228969007 0.09566097406704603 0.09075268817204303
0 0.6892504743833016 0.19734977862112588 0.0956546489563564 0.09712839974699551
0 0.8077166350411132 0.2002909550917141 0.09271347248576842 0.09418089816571784
0 0.4751265022137887 0.20433902593295383 0.08977229601518015 0.08903225806451612
1 0.4218532574320051 0.14437065148640102 0.15452245414294735 0.1721821631878557
1 0.31957305502846295 0.15061986084756482 0.13833649588867808 0.18027830487033536
1 0.6389184060721064 0.14510436432637572 0.16335230866540174 0.17071473750790633
0 0.36070524984187213 0.21574320050600887 0.08903858317520555 0.08683111954459204
1 0.07895635673624284 0.23531625553447194 0.13981024667931682 0.19058191018342815
1 0.044996837444655345 0.39646110056926 0.08999367488931069 0.19646426312460474
