0 0.26435765983112186 0.22559107358262964 0.09952352231604329 0.09951749095295535
0 0.2591103739445115 0.06932750301568151 0.11001809408926408 0.10475874547647773
0 0.40901688781664663 0.2224668275030157 0.11007237635705669 0.11103739445114606
0 0.7226206272617611 0.22332629674306395 0.1102593486127867 0.10648371531966219
0 0.41103739445114595 0.07107961399276237 0.10651387213510277 0.10476477683956577
0 0.09826296743063924 0.07052472858866102 0.10400482509047049 0.11330518697225568
0 0.10966224366706871 0.2236791314837153 0.0964053075995173 0.09585042219541605
0 0.5611881785283472 0.21510856453558502 0.12394451145958993 0.11694813027744258
0 0.561369119420989 0.07400482509047047 0.10512665862484906 0.09915560916767195
0 0.705003015681544 0.09397466827503012 0.09602533172496991 0.09747889022919173
