0 0.5735834787667248 0.11443571844095408 0.08794648051192541 0.08049447353112281
0 0.14461896451425243 0.24869109947643975 0.10983129726585233 0.11099476439790586
0 0.1403723094822571 0.11614310645724257 0.10366492146596876 0.10418848167539276
0 0.29299592786503786 0.10656777196044208 0.10778359511343819 0.09934845840605
0 0.7316201279813846 0.26013379872018616 0.10803374054682953 0.10102385107620716
0 0.4336242001163468 0.10826061663757992 0.09261198371146 0.09598603839441534
0 0.43083187899941816 0.2559627690517743 0.10110529377545097 0.09528795811518337
0 0.2904624781849913 0.25307155322862124 0.09599185573007551 0.09598603839441537
0 0.7154712041884818 0.12612565445026175 0.09261780104712043 0.09401977894124484
0 0.5817917393833625 0.2446480511925538 0.09262361838278083 0.08924956369982558
