0 0.9337612903225806 0.1894 0.09456774193548399 0.08856774193548383
0 0.8241806451612903 0.1894 0.08856774193548386 0.08105806451612907
0 0.7119741935483872 0.19165161290322585 0.08630967741935464 0.0795612903225806
1 0.6589096774193548 0.12800645161290322 0.1793806451612903 0.1756258064516129
1 0.5553354838709678 0.1246290322580645 0.19289032258064517 0.17337419354838712
0 0.5988258064516129 0.1858290322580645 0.0945677419354839 0.09376129032258075
0 0.48128709677419357 0.18452258064516128 0.1062774193548387 0.10538064516129039
1 0.8609225806451613 0.12785806451612908 0.13967741935483874 0.1748774193548387
1 0.9545129032258065 0.12072580645161289 0.08968387096774191 0.20265161290322586
1 0.7648516129032258 0.13123548387096778 0.1561935483870967 0.18163225806451608
