0 0.7160102370689654 0.645010775862069 0.08445581896551724 0.08449353448275874
0 0.13604795258620692 0.9006142241379311 0.08424030172413792 0.07897629310344811
1 0.4451885775862069 0.36331088362068964 0.1624676724137931 0.15501616379310335
0 0.549463900862069 0.5386018318965519 0.08461745689655166 0.08336745689655177
0 0.5550835129310345 0.38852909482758613 0.09202047413793112 0.0967025862068965
0 0.5844881465517242 0.881360452586207 0.09025862068965511 0.09402478448275839
1 0.8753098060344827 0.8179525862068966 0.09108297413793084 0.21135775862068987
0 0.1070177801724138 0.40637392241379316 0.08875538793103449 0.0827370689655173
0 0.5713254310344827 0.7715463362068966 0.09251077586206896 0.08574353448275854
0 0.27322737068965514 0.7871740301724138 0.0983836206896551 0.09567349137931035
0 0.8493238146551726 0.4000538793103449 0.0857489224137931 0.08574353448275873
0 0.535223599137931 0.1483809267241379 0.08123383620689655 0.0744665948275862
0 0.1187957974137931 0.6556681034482759 0.09657866379310345 0.09116379310344824
0 0.4032165948275862 0.5280711206896551 0.08649784482758625 0.08048491379310345
1 0.8601912715517243 0.35078933189655165 0.09710668103448275 0.16021012931034465
0 0.42260775862068967 0.6468238146551725 0.09567887931034473 0.09296875000000016
0 0.07952855603448276 0.030724676724137916 0.09245150862068967 0.06144935344827583
0 0.7233512931034483 0.8907004310344826 0.08664870689655169 0.08303879310344835
0 0.8545150862068965 0.656842672413793 0.07973060344827587 0.07596982758620696
1 0.7141702586206896 0.4782085129310345 0.10137931034482739 0.1700053879310346
0 0.38448814655172414 0.026980064655172435 0.09276939655172417 0.05396012931034487
0 0.2479822198275862 0.2667268318965517 0.10028556034482762 0.08252693965517241
0 0.7019019396551724 0.5376993534482759 0.07973060344827577 0.07897629310344839
0 0.43488415948275866 0.7535668103448274 0.08424030172413802 0.08349137931034487
0 0.4036368534482758 0.4020123922413794 0.09924568965517244 0.08566271551724138
1 0.5776804956896552 0.11062230603448273 0.13772090517241378 0.1308782327586207
0 0.4299191810344828 0.8920554956896553 0.08394396551724144 0.07581357758620673
1 0.17148706896551724 0.36492456896551717 0.1799030172413793 0.14405172413793105
1 0.3058863146551724 0.23704741379310343 0.17550107758620695 0.12849137931034485
1 0.5901293103448276 0.35643049568965507 0.13839439655172414 0.16397090517241364
1 0.18777747844827586 0.580288254310345 0.1933997844827586 0.2091540948275863
1 0.8672629310344828 0.5951643318965518 0.09785560344827603 0.17525323275862084
0 0.8659455818965518 0.9006896551724136 0.08875538793103463 0.08349137931034478
0 0.7154175646551724 0.7645635775862069 0.07782866379310342 0.07417025862068992
