0 0.4010478887744592 0.7988516992790938 0.10183831101956749 0.10433573635427411
0 0.5420700308959835 0.7983547888774459 0.09534500514933071 0.09335221421215248
0 0.9618589083419156 0.6745391349124613 0.07525231719876402 0.08737899073120509
0 0.9598506694129763 0.7936096807415035 0.07926879505664268 0.08585993820803299
0 0.9612281153450051 0.9237306900102988 0.07651390319258523 0.08805870236869215
0 0.686835736354274 0.7981024716786818 0.09035530381050477 0.08186920700308953
0 0.5398223480947477 0.6698094747682801 0.09684346035015433 0.09185375901132868
0 0.8261148300720906 0.7898661174047374 0.08835736354273954 0.08636457260556132
0 0.11799948506694133 0.7951081359423275 0.10283728115345019 0.09584963954685904
0 0.6811380020597323 0.9181024716786819 0.08326467559217296 0.08087023686920695
0 0.8316091658084449 0.6680612770339857 0.09135427394438715 0.0903553038105044
0 0.8205355303810504 0.9099562306900102 0.07907312049433594 0.08446446961894956
0 0.1160015447991761 0.6713053553038104 0.10383625128733255 0.08786302780638532
0 0.6868383110195676 0.6655638516992791 0.08736354273944388 0.08536045314109156
0 0.5423403707518022 0.9231925849639547 0.09045829042224525 0.08446961894953656
0 0.4012049433573636 0.9192378990731205 0.09584963954685885 0.09704428424304853
0 0.39630278063851704 0.6708058702368692 0.10033985581874365 0.09484552008238947
0 0.25427909371781676 0.6673120494335736 0.10782698249227608 0.08286302780638519
0 0.25627445932028836 0.7951081359423275 0.09884140061791957 0.10383110195674568
