0 0.6118393127842344 0.8016498231430015 0.08582112177867622 0.09229408792319332
0 0.049762506316321266 0.6883804951995958 0.09020717534108134 0.08044972208185962
0 0.1900631632137443 0.931856998484083 0.07935826174835763 0.07877210712481043
0 0.1918241536129359 0.808410813542193 0.0911167256189996 0.08582617483577562
0 0.19300151591712988 0.6843759474482062 0.08758969176351682 0.07994946942900458
0 0.05951490651844364 0.8285624052551794 0.08532592218292073 0.07801414855987883
0 0.049762506316321384 0.9327791814047499 0.08776149570490162 0.07923193532086895
0 0.3331682668014148 0.9248585144012127 0.07679636179888835 0.08044972208185934
0 0.3367281455280445 0.6840803436078827 0.0822991409802933 0.08288529560384031
0 0.48927235977766553 0.6870186963112683 0.08406265790803417 0.08406265790803427
0 0.6147801920161697 0.6887847397675595 0.07994946942900467 0.08171298635674583
0 0.4731076301162204 0.7945957554320364 0.08112177867609906 0.093466397170288
0 0.46693532086912587 0.9148079838302173 0.08171298635674593 0.08582617483577562
0 0.6141915108640726 0.9227463365336026 0.09288024254674081 0.0899393633148053
0 0.3362152602324407 0.8084487114704396 0.08532592218292076 0.07923193532086904
