1 0.4652952029520295 0.39040282902829027 0.17943419434194322 0.206070110701107
1 0.16469557195571954 0.2700799507995079 0.194680196801968 0.14094710947109457
1 0.3118204182041821 0.27707257072570723 0.17536285362853635 0.14523985239852388
1 0.625971709717097 0.5402921279212792 0.14681426814268153 0.20347478474784736
1 0.4682349323493235 0.6566266912669128 0.15453874538745374 0.195750307503075
1 0.7548646986469866 0.41681426814268147 0.1116113161131611 0.17600246002460013
1 0.756869618696187 0.8124630996309964 0.10803198031980313 0.23324108241082406
1 0.9192773677736776 0.6879735547355473 0.11805043050430497 0.21749692496924955
0 0.4152798277982779 0.46422509225092246 0.10388068880688793 0.09530135301353015
0 0.566260762607626 0.05396371463714631 0.10388683886838837 0.09701722017220173
0 0.24788437884378847 0.039634071340713437 0.09959409594095957 0.07926814268142687
0 0.74360086100861 0.1931119311193112 0.10560270602706022 0.1004551045510456
0 0.4339944649446494 0.7209194341943419 0.10130996309963095 0.08757072570725695
0 0.4104950799507994 0.042985854858548576 0.11332718327183267 0.08597170971709715
0 0.09254920049200493 0.4683148831488316 0.09615621156211572 0.08585485854858567
0 0.9181150061500614 0.4815159901599017 0.11805043050430497 0.10791512915129141
0 0.1286070110701107 0.8419034440344403 0.09272447724477244 0.08670971709717094
0 0.25990467404674056 0.44310578105781057 0.09615621156211568 0.08757687576875776
0 0.9151168511685117 0.7477921279212791 0.10851168511685086 0.11328413284132856
0 0.5917773677736777 0.6076014760147602 0.10645756457564597 0.09873308733087324
0 0.9106611316113161 0.3500676506765068 0.10910824108241077 0.10731857318573187
0 0.08757687576875767 0.1718665436654366 0.10388683886838859 0.09272447724477244
0 0.24904366543665435 0.31000922509225093 0.09787822878228788 0.09272447724477251
0 0.27284747847478463 0.5763714637146372 0.09444034440344402 0.0841328413284131
0 0.5769280442804429 0.179249692496925 0.09958794587945899 0.09357933579335782
0 0.7448400984009842 0.9011654366543667 0.10731857318573187 0.09701722017220167
0 0.7448892988929888 0.051266912669126696 0.11161131611316119 0.10253382533825339
0 0.9214022140221402 0.0486223862238622 0.11151291512915144 0.0972447724477244
0 0.5865282902829029 0.7392988929889298 0.09186346863468636 0.09014760147601471
0 0.09126383763837635 0.04273370233702337 0.0970172201722017 0.08546740467404675
0 0.5770541205412054 0.32882841328413276 0.10645756457564597 0.10217097170971705
0 0.09782595325953264 0.3060424354243542 0.09615621156211558 0.08843173431734314
0 0.7476568265682656 0.46428966789667897 0.11161131611316129 0.10388068880688799
0 0.9121709717097171 0.1837207872078721 0.11328413284132828 0.10612546125461252
0 0.10235239852398521 0.5778198031980318 0.09272447724477244 0.08327798277982783
