1 0.7104464603344005 0.5815937388829597 0.08529704731412302 0.1390537175382425
1 0.5940857346140164 0.8475168979011027 0.08753112771255787 0.30276058342226964
1 0.8087104233368908 0.843038064745642 0.08879758093205263 0.3110850231234437
1 0.6149697616506582 0.5818338669512628 0.09237282106012111 0.14004624688722878
1 0.17492173603699754 0.5868925649235147 0.15275346851654217 0.13739950195659903
1 0.3845215225898257 0.8495784418356457 0.09062255425115617 0.29658128779793674
1 0.8050444681607969 0.5843223052294558 0.07415154749199555 0.13018854500177876
1 0.4818374244041266 0.8504660263251512 0.09371398078975456 0.29835645677694766
1 0.5219992885094273 0.5837459978655284 0.10221985058697959 0.14194948416933484
1 0.6986108146567058 0.8473763785129848 0.08856278904304513 0.30453575240128067
1 0.2623461401636428 0.5870348630380647 0.137812166488794 0.13330131625755956
1 0.9082337246531482 0.8472091782283886 0.08521878335112058 0.2979758093205264
1 0.3458982568480968 0.5873461401636428 0.12415510494485942 0.1341586623977232
1 0.4301867662753469 0.5905745286374955 0.10557452863749567 0.12664176449662057
1 0.9022056207755247 0.5777623621487016 0.07300604766986844 0.1420348630380647
