0 0.03728348574502418 0.7036229155459924 0.07456697149004836 0.09543302850995171
0 0.9076465841850457 0.8251317912856375 0.09230231307154381 0.09022054868208712
0 0.7621490048413125 0.8337358795051103 0.09438945669714904 0.08552447552447552
0 0.6109198493813879 0.8339994620763851 0.09960193652501363 0.09752017213555675
0 0.03988972565895641 0.9559709521247983 0.07977945131791282 0.08698224852070992
0 0.4637654653039269 0.954526627218935 0.10012910166756317 0.08987089833243675
0 0.038848843464228094 0.8295642818719742 0.07769768692845619 0.09595481441635285
0 0.1679155459924691 0.8306078536847769 0.10742872512103294 0.1001291016675634
0 0.31236417428725116 0.8306078536847769 0.10325443786982233 0.10846691769768696
0 0.4636013986013985 0.8345185583647122 0.10638515330823023 0.10899408284023665
0 0.9018181818181817 0.9505836471221087 0.08260355029585809 0.08823561054330285
0 0.6112022592791823 0.9598762775685852 0.09449704142011846 0.07917159763313614
0 0.756196880043034 0.9581576116191501 0.08698224852070992 0.08260892953200626
0 0.91338622915546 0.6978886498117267 0.09543302850995161 0.09438945669714877
0 0.7621516944593868 0.6952797202797204 0.09126412049488969 0.08917159763313602
0 0.6085718128025821 0.6997149004841312 0.10116729424421715 0.09595481441635294
0 0.4586444324905864 0.7007557826788596 0.10481979558902647 0.09908015061861229
0 0.31027972027972034 0.6971059709521249 0.11264120494889733 0.08656266810112964
