0 0.1276525466464952 0.2685728693898134 0.09780635400907729 0.09634896621280886
0 0.21962178517397882 0.36856782652546644 0.09488653555219381 0.08613212304589002
0 0.30939737771053966 0.2693015632879476 0.09342914775592535 0.08612708018154314
0 0.3977155824508321 0.1736863338376198 0.09488653555219355 0.09050932929904187
0 0.2166994452849218 0.17879475542107914 0.08321230458900643 0.0832072617246596
0 0.03718608169440243 0.18098587997982854 0.07437216338880485 0.08174987392839142
0 0.1254614220877459 0.09704740292486129 0.09050932929904186 0.08028744326777612
0 0.3042889561270801 0.08756177508825014 0.0978063540090773 0.0817599596570853
0 0.7860186585980837 0.2897402924861321 0.0978063540090774 0.10364599092284416
0 0.7750680786686839 0.10726676752395363 0.10510337871911259 0.09488653555219356
0 0.6852899646999496 0.203618255168936 0.07737771053958643 0.08029752899646998
