1 0.8687566844919786 0.8193155080213903 0.09040106951871645 0.20977540106951875
1 0.4418556149732621 0.3680775401069518 0.16125133689839571 0.15385561497326194
1 0.583577540106952 0.4810882352941177 0.1344385026737969 0.17356684491978622
1 0.573355614973262 0.11728074866310158 0.1366898395721925 0.12989839572192516
0 0.1350294117647059 0.9013582887700536 0.08360962566844918 0.0783850267379678
0 0.7100614973262033 0.7663262032085562 0.07724598930481279 0.0736149732620324
0 0.5670481283422459 0.7732566844919786 0.0918181818181818 0.08510160427807484
0 0.5801122994652407 0.8822486631016043 0.0895828877005347 0.09332085561497312
0 0.531216577540107 0.1547566844919786 0.08062566844919782 0.07390909090909092
0 0.8429652406417113 0.40454545454545465 0.08510695187165776 0.08510160427807494
0 0.2711818181818182 0.7887673796791445 0.09764705882352938 0.094957219251337
1 0.8537513368983958 0.3556497326203208 0.09637967914438508 0.1590106951871656
0 0.4194438502673797 0.6494679144385028 0.09496256684491973 0.0922727272727274
0 0.07893315508021391 0.034237967914438484 0.09175935828877005 0.06847593582887697
0 0.24612566844919784 0.27221657754010703 0.09953475935828882 0.08190909090909086
1 0.1863716577540107 0.5834304812834226 0.19195187165775401 0.20758823529411766
0 0.40061497326203205 0.40648930481283424 0.09850267379679147 0.08502139037433155
0 0.7106497326203208 0.647668449197861 0.08382352941176476 0.08386096256684511
0 0.8594625668449197 0.9014331550802137 0.08809090909090911 0.08286631016042784
0 0.5453502673796792 0.5420561497326204 0.08398395721925134 0.08274331550802141
1 0.7434491978609625 0.5761871657754011 0.12362566844919783 0.20102673796791426
0 0.839096256684492 0.030558823529411756 0.10212834224598918 0.06111764705882351
0 0.8481176470588236 0.6594117647058823 0.07913368983957214 0.07540106951871663
1 0.8607700534759358 0.5981951871657755 0.09712299465240651 0.1739411764705884
0 0.4267005347593583 0.8928636363636365 0.08331550802139037 0.07524598930481269
1 0.14177807486631017 0.03237700534759356 0.19090374331550802 0.06475401069518712
1 0.303596256684492 0.24275935828877004 0.17418716577540108 0.1275294117647059
0 0.3816096256684492 0.030521390374331575 0.09207486631016043 0.06104278074866315
0 0.4001978609625668 0.5316042780748663 0.08585026737967914 0.07988235294117647
0 0.11790641711229947 0.6582459893048128 0.09585561497326205 0.09048128342245987
