0 0.10049662783568368 0.5824708767627222 0.103531575720417 0.09613733905579398
0 0.25212752912323727 0.15971183323114654 0.09058246474555504 0.09058246474555487
0 0.24064377682403434 0.30703556100551804 0.09938687921520532 0.09583690987124462
0 0.5566217044757816 0.5925935009196812 0.08488044144696485 0.07774371551195601
0 0.6964224402207236 0.7485836909871244 0.09317596566523637 0.08430410790925809
0 0.08623237277743714 0.17835990190067444 0.09939301042305315 0.09761496014714896
0 0.6883874923359901 0.21762109135499694 0.098074800735745 0.0866830165542612
0 0.6901164929491109 0.34748620478234216 0.08746781115879813 0.08087063151440835
0 0.553412017167382 0.4556468424279583 0.0870202329858981 0.084880441446965
0 0.39235744941753525 0.3316830165542612 0.09985898221949725 0.08274064990803189
0 0.561256897608829 0.8796842427958308 0.08559166155732674 0.07846106683016557
0 0.39025444512568985 0.460113427345187 0.09835070508890242 0.09263641937461677
0 0.08865113427345182 0.8649233599019007 0.09747394236664624 0.10213366033108513
0 0.24063151440833844 0.8643378295524219 0.09941140404659705 0.1135928877988965
0 0.3875413856529736 0.2006468424279583 0.0888044144696506 0.08946045370938077
0 0.09023298589822186 0.7204690374003677 0.1018638871857755 0.10114653586756595
0 0.24063151440833844 0.7090527283874924 0.10296750459840587 0.11179031269160025
0 0.41511649294911096 0.7253678724708768 0.09729613733905577 0.10150214592274671
0 0.2583966891477622 0.5706131207847945 0.10650521152667079 0.1046842427958307
0 0.6985744941753524 0.4817381974248927 0.08998773758430423 0.0858553034947885
0 0.5498467198038014 0.3390282035561006 0.09129368485591674 0.09129981606376454
0 0.5477069282648683 0.742734518700184 0.08273451870018403 0.08559166155732684
0 0.08978234212139802 0.4525751072961373 0.10649294911097489 0.08874310239117102
0 0.3928847332924587 0.6038350705088903 0.09551808706315143 0.09766400980993249
0 0.23921520539546298 0.44972409564684246 0.10199877375843049 0.08488044144696509
0 0.6905671367259351 0.6247363580625384 0.09761496014714896 0.0922930717351319
0 0.7008614347026364 0.8853985285101164 0.09022072348252641 0.07987124463519317
0 0.5487768240343348 0.19886879215205394 0.08059472716125096 0.0763151440833844
0 0.08534641324340884 0.3247854077253219 0.10116492949110976 0.09229307173513177
