0 0.09221336603310844 0.07022992029429796 0.08797057020232987 0.08499693439607596
0 0.7001195585530349 0.07897608828939298 0.09761496014714896 0.09909258123850391
0 0.5547792765174738 0.19680257510729607 0.11360515021459232 0.10470263641937463
0 0.7153617412630289 0.20869098712446355 0.11741876149601482 0.11180257510729608
0 0.25129061925199264 0.05569895769466587 0.10294911097486195 0.10293684855916607
0 0.4003923973022685 0.05214898835070506 0.09581851624770057 0.09228080931943593
0 0.24773451870018395 0.20479153893316984 0.1100613120784793 0.1171244635193133
0 0.09136725935009195 0.20638258736971185 0.10511342734518675 0.10632740649908025
0 0.4063151440833845 0.19628142244022073 0.1153893316983448 0.11825260576333531
0 0.555907418761496 0.061327406499080306 0.08202942979767008 0.0741814837522992
