1 0.044641122504047503 0.47735833783054504 0.08928224500809501 0.18005936319481916
0 0.6164193200215865 0.2584133837021046 0.09480302212628179 0.08852671343766864
0 0.32195898542903395 0.5157663248785752 0.10308688613059898 0.09657312466270926
1 0.048067997841338396 0.7043820831084726 0.09613599568267679 0.21154883971937394
1 0.4639773340528872 0.5836886130599028 0.10306529951430099 0.1931084727468969
0 0.3166135995682677 0.12417701025364276 0.103588774959525 0.1088181327576903
0 0.46850512682137085 0.25426875337290883 0.10045331894225572 0.10170534268753374
0 0.7618834322719913 0.25307879114948734 0.08726389638424159 0.08475445223961145
0 0.4697625472207232 0.3795169994603345 0.09793847814355103 0.103588774959525
0 0.041637884511602795 0.25418510523475446 0.08327576902320559 0.09574203993524026
0 0.47048569886670266 0.6444414463032919 0.10523475445223962 0.09546681057744204
1 0.31925796006475987 0.457733405288721 0.11933621154883982 0.18443604964921753
0 0.9013842417701025 0.7461629789530492 0.08977334052887205 0.09731246627091217
0 0.7632649757150567 0.3883081489476525 0.09229357798165143 0.09730706961683754
0 0.03786022665947111 0.5395143011332975 0.07572045331894223 0.08287101996762013
1 0.6128764166216945 0.4634943335132219 0.10170534268753363 0.15369131138694006
0 0.7569859686994063 0.7499298434970318 0.09103615758229897 0.0897787371829467
1 0.7353211009174313 0.6919050188882893 0.13140852671343772 0.1934700485698867
1 0.6095116028062602 0.6987641662169455 0.10358877495952527 0.18771721532649768
1 0.1810739341608203 0.576003777657852 0.09592012951969794 0.1717701025364273
0 0.045920129519697796 0.8843335132218023 0.09184025903939559 0.08588235294117642
0 0.18106583917970862 0.8822881813275769 0.0937344846195359 0.09112790070156516
0 0.3247868321640583 0.7632649757150567 0.08814894765245555 0.0821154883971937
1 0.17564759848893682 0.3427603885590933 0.10495952509444133 0.15007555315704255
1 0.17969778737182943 0.8048273070696168 0.1016729627630868 0.2252185644900163
0 0.18164328116567718 0.6310442525634106 0.09944414463032918 0.0926659471127901
0 0.47312466270912035 0.8987992444684295 0.08964921748515935 0.08437668645439818
0 0.7541608202914193 0.8742363734484621 0.100453318942256 0.10609821910415555
0 0.47236643281165674 0.7609363194819212 0.08684835402050742 0.08266055045871558
0 0.7678548300053967 0.1273151645979493 0.09469508904479235 0.08580140313005936
0 0.7582406907717215 0.5044549379384781 0.08977873718294642 0.09730706961683754
0 0.9138235294117649 0.11868321640582838 0.09260118726389652 0.09051268213707503
1 0.32215056664867775 0.6947058823529413 0.09643281165677284 0.18156502968159746
0 0.040593631948192134 0.12313005936319481 0.08118726389638427 0.09626551538046405
0 0.17169724770642206 0.12417701025364276 0.10777657852131692 0.10045331894225586
0 0.6172989746357258 0.8829627630868861 0.11112250404749047 0.10547220723151665
0 0.9079762547220722 0.24454128440366973 0.08287101996762022 0.0885213167835943
0 0.3321829465731246 0.9049919050188883 0.0967350242849433 0.0867889908256881
0 0.46834052887209915 0.12810037776578523 0.10672962763086892 0.10934700485698871
0 0.6141581219643821 0.5025715056664868 0.09668105774419872 0.08977334052887197
0 0.911743119266055 0.3732406907717215 0.09165677280086353 0.09103615758229901
0 0.9010685375067456 0.6240528872099299 0.08663788451160277 0.09542363734484625
0 0.6161359956826767 0.12757960064759846 0.09992444684295745 0.09783594171613598
0 0.17718834322719915 0.37529951430113334 0.10306529951430128 0.09521856449001616
0 0.6171829465731246 0.7595250944414463 0.08852671343766859 0.0872207231516459
0 0.041200755531570446 0.7808823529411765 0.08240151106314089 0.09228818132757698
