0 0.1848483235763705 0.3967722192655668 0.09101649813730706 0.09596061734965403
0 0.47469132517296425 0.13474720596061732 0.08822245875465665 0.08873869079297499
0 0.17989356040447047 0.5113118680149015 0.0885364555614687 0.09596061734965398
0 0.33332357637040977 0.13087812666311865 0.09131985098456633 0.08926024481106973
1 0.6975146354443853 0.6910431080361894 0.18333155934007456 0.19875465673230433
0 0.189374667376264 0.13939063331559345 0.09338477913783942 0.08461415646620543
0 0.04451303885045242 0.13965141032464076 0.08902607770090484 0.09648217136774878
0 0.042738158594997376 0.5094544970729111 0.08547631718999475 0.0885311335816923
0 0.4788318254390634 0.028419372006386362 0.08820117083555083 0.056838744012772724
0 0.175870143693454 0.8759765832889834 0.09906333155934022 0.10463012240553492
0 0.17865620010643954 0.7533901011176158 0.08977647684938801 0.08853645556146904
0 0.3210564129856307 0.749675359233635 0.0885311335816923 0.09596593932943072
0 0.4606705694518361 0.743483235763704 0.08172432144757842 0.08234699308142633
0 0.32074507716870665 0.6292549228312933 0.08543906333155926 0.0941032464076637
0 0.3312719531665779 0.38191325172964347 0.09038850452368291 0.08977647684938805
0 0.47088344864289516 0.3862506652474721 0.08977115486961165 0.09472591804151155
0 0.6348110697179351 0.25112027674294835 0.09628525811601936 0.0898722724853645
1 0.043344864289515665 0.4709180415114423 0.08668972857903133 0.1515646620542842
0 0.7638371474188398 0.761439595529537 0.11040979244278824 0.10142096860031931
1 0.15655934007450784 0.6961681745609366 0.13105375199574243 0.19079297498669506
0 0.3275572112825971 0.2549946780202235 0.08172432144757871 0.08729643427354987
0 0.4835763704097924 0.26923097392229917 0.10029803086748276 0.09101117615753057
0 0.043390101117615744 0.2686748270356572 0.08678020223523149 0.08730175625332623
0 0.18348589675359234 0.26341405002660995 0.08605641298563055 0.08358169238956895
0 0.7935657264502396 0.02659393294305483 0.0936136242682281 0.05318786588610966
