0 0.547881562881563 0.7369108669108669 0.09300366300366279 0.09406593406593397
0 0.24741452991452983 0.5814102564102563 0.09898046398046406 0.09542124542124542
0 0.40329975579975585 0.8701037851037853 0.07977411477411483 0.07854700854700843
0 0.24388888888888888 0.3057234432234432 0.09896214896214892 0.09542735042735036
0 0.6897191697191696 0.2166910866910867 0.0976556776556777 0.08631257631257631
0 0.24246642246642255 0.44780219780219777 0.10156288156288164 0.08451770451770453
0 0.09013736263736262 0.1775976800976801 0.09896825396825375 0.09719780219780218
0 0.08925518925518913 0.32339743589743586 0.10073260073260072 0.09189865689865688
0 0.09367216117216126 0.4506410256410256 0.10603785103785104 0.08836385836385836
0 0.24914224664224668 0.16697802197802197 0.10255799755799773 0.10609279609279605
0 0.6914407814407815 0.34600122100122105 0.08709401709401704 0.08052503052503052
0 0.550570818070818 0.5971367521367521 0.10040903540903534 0.09156288156288153
0 0.09500610500610494 0.7218253968253968 0.09965811965811952 0.09896214896214903
0 0.6901190476190479 0.6202960927960928 0.09719780219780227 0.09189865689865684
0 0.5409890109890111 0.20333333333333334 0.09968253968253986 0.08661782661782665
0 0.0899206349206349 0.8718315018315018 0.10230769230769225 0.08759462759462772
0 0.5447039072039072 0.33492368742368744 0.10503663003663015 0.0962210012210012
0 0.09726495726495736 0.5852899877899878 0.11724053724053721 0.10634310134310139
0 0.6892582417582419 0.4832112332112331 0.0896031746031749 0.08549450549450545
0 0.2465323565323565 0.7139499389499389 0.09721611721611734 0.09188034188034189
0 0.6994749694749697 0.8772039072039072 0.09516483516483526 0.08835164835164835
0 0.24300366300366297 0.8694810744810745 0.09013431013431031 0.08836385836385836
0 0.3892704517704518 0.205976800976801 0.08664835164835184 0.07670329670329672
0 0.3949542124542124 0.33026556776556776 0.09943223443223442 0.0823870573870574
0 0.6994749694749693 0.7507020757020758 0.09982905982906007 0.1016483516483517
0 0.39992368742368745 0.4652045177045176 0.0838034188034188 0.0781257631257631
0 0.3990262515262515 0.7355006105006106 0.09512210012210034 0.09578754578754578
0 0.39900183150183155 0.5977319902319903 0.08806471306471306 0.09020146520146523
0 0.5560744810744811 0.8776831501831501 0.10288156288156255 0.0922771672771673
0 0.5447130647130647 0.4651831501831502 0.10786324786324772 0.1074847374847375
