1 0.7532718327183272 0.4157441574415744 0.11538745387453873 0.17308733087330855
1 0.1582072570725707 0.27987699876998773 0.19468019680196796 0.14094710947109476
1 0.3089544895448954 0.2781611316113161 0.17536285362853618 0.14523985239852394
0 0.09782595325953264 0.3060424354243542 0.09615621156211558 0.08843173431734314
0 0.09254920049200493 0.46119926199262 0.09615621156211572 0.08585485854858543
0 0.09126383763837635 0.038284132841328415 0.0970172201722017 0.07656826568265683
0 0.7520110701107011 0.049486469864698665 0.1116113161131611 0.09897293972939733
0 0.24610701107011068 0.036073185731857305 0.09959409594095933 0.07214637146371461
0 0.566260762607626 0.0557410824108241 0.10388683886838837 0.09701722017220171
0 0.5804889298892989 0.17746924969249697 0.09958794587945899 0.0935854858548586
0 0.7453843788437883 0.18955104551045512 0.1056027060270603 0.10045510455104562
0 0.4339944649446494 0.726260762607626 0.10130996309963095 0.08757687576875776
0 0.5917773677736777 0.6076014760147602 0.10645756457564597 0.09873308733087324
0 0.7458733087330875 0.4642865928659285 0.1116113161131611 0.10388683886838875
0 0.5964975399753998 0.7311070110701108 0.09186346863468654 0.09014760147601489
0 0.9151660516605167 0.05309655596555961 0.11328413284132828 0.09897293972939733
0 0.4134993849938499 0.4624477244772448 0.10388683886838875 0.09530135301353015
0 0.9121709717097171 0.19084255842558423 0.11328413284132828 0.10612546125461252
0 0.5788345633456334 0.32882841328413276 0.10646371463714621 0.10217097170971705
0 0.25278290282902816 0.44666666666666666 0.09615621156211555 0.08757687576875776
0 0.9145541205412056 0.4815159901599017 0.11805043050430497 0.10791512915129141
0 0.9124446494464946 0.3482841328413284 0.10910824108241095 0.10731857318573187
0 0.26750307503075027 0.5799292742927429 0.09444034440344388 0.08413899138991392
0 0.7501783517835178 0.8993880688806889 0.10731857318573178 0.09701722017220167
0 0.25653444034440337 0.3056119311193112 0.0978782287822877 0.09272447724477245
0 0.9115559655596556 0.7620356703567035 0.10851168511685104 0.11328413284132866
0 0.0964760147601476 0.16830565805658054 0.10388683886838858 0.09272447724477241
0 0.10235239852398521 0.5778198031980318 0.09272447724477244 0.08327798277982783
1 0.6277521525215252 0.5402921279212792 0.1468081180811808 0.20347478474784736
1 0.4700184501845018 0.6637484624846249 0.15453874538745366 0.195750307503075
1 0.4652952029520295 0.39218634686346865 0.17943419434194322 0.206070110701107
0 0.42473862238622384 0.03675276752767527 0.11332718327183294 0.07350553505535054
1 0.9194372693726937 0.6884901599015989 0.11504920049200494 0.2172140221402214
1 0.7545940959409595 0.813410209102091 0.10645756457564569 0.23009225092250946
