0 0.04223658694246924 0.5262249515190691 0.08447317388493848 0.09274725274725273
0 0.2357336780866193 0.27860374919198455 0.09325145442792486 0.09400129282482228
0 0.7578021978021979 0.6030736910148674 0.09023917259211335 0.08934065934065942
0 0.30192307692307696 0.1683968972204267 0.09086619263089857 0.08711053652230123
0 0.7615513897866838 0.14925339366515836 0.08277957336780825 0.08278603749191993
0 0.02879444085326443 0.28251131221719455 0.05758888170652886 0.08347123464770516
0 0.5992113768584357 0.07928571428571428 0.09525533290239147 0.08773755656108599
0 0.3714188752424047 0.08273432449903038 0.08459599224305096 0.08460245636716231
0 0.257365869424693 0.09714608920491279 0.09212023270846817 0.08835811247575957
0 0.34665481577246277 0.27672268907563025 0.09099547511312214 0.08873949579831933
0 0.09763413057530702 0.3629831932773109 0.09775048480930852 0.0996315449256625
0 0.682420814479638 0.25792501616031027 0.09775694893341925 0.09926308985132508
0 0.1085326438267614 0.21940853264382684 0.09336780866192633 0.09337427278603753
0 0.64409825468649 0.6111990950226245 0.10828700711053675 0.10197155785391077
0 0.540775694893342 0.6084873949579832 0.10738202973497114 0.09475113122171944
0 0.08145442792501616 0.8792081447963801 0.09835811247575972 0.09836457659987047
0 0.43519392372333543 0.6102973497091145 0.10738849385908217 0.10377504848093076
0 0.28810277957336794 0.6170620555914674 0.10557853910795081 0.10106658047834516
0 0.08190691661279885 0.7267065287653524 0.09565610859728509 0.10197155785391085
0 0.47562055591467345 0.07436005171299287 0.08347123464770521 0.08272139625080803
0 0.8034906270200387 0.2609308338720103 0.09475113122171934 0.09625080801551383
1 0.6900808015513897 0.5359987071751778 0.19050420168067236 0.19740142210730446
1 0.5879314802844217 0.5466515837104071 0.19051066580478368 0.21494505494505498
1 0.48264059469941817 0.5385067873303166 0.17549450549450532 0.2099288946347768
1 0.38019392372333555 0.537879767291532 0.16857142857142876 0.20742081447963806
1 0.25799288946347754 0.5397575953458308 0.13849385908209436 0.20868131868131867
0 0.41409502262443443 0.18844861021331608 0.07332255979314822 0.07833225597931473
0 0.5730025856496445 0.26018099547511314 0.08798319327731083 0.08572721396250801
0 0.463590820943762 0.2650678733031675 0.09174531351001924 0.09098901098901098
0 0.5274886877828056 0.1761990950226244 0.08340659340659319 0.08403361344537816
0 0.6324563671622497 0.16993212669683258 0.08152553329023904 0.08153199741435042
