1 0.25308055380742606 0.16039018250471992 0.07980490874764029 0.17424795468848323
1 0.3229987413467589 0.15489616110761484 0.1376400251730648 0.1793706733794841
1 0.4247640025173065 0.1486784140969163 0.1537444933920702 0.1713152926368784
0 0.06108244178728757 0.46259911894273126 0.09517935808684695 0.09029578351164251
1 0.5265292636878541 0.13988986784140967 0.17717432347388318 0.18889238514789164
1 0.6407363121460039 0.1494084329767149 0.16252989301447462 0.16985525487728123
1 0.7454310887350536 0.14977344241661422 0.18888609188168673 0.16765261170547519
0 0.8086847073631214 0.20431718061674006 0.09224669603524212 0.09370673379483944
1 0.04643486469477664 0.4004310887350535 0.09286972938955328 0.19950283196979213
1 0.08200755191944616 0.24155443675267466 0.13544367526746398 0.1885210824417874
0 0.6908149779735683 0.20139081183134044 0.09517306482064167 0.09663939584644424
0 0.5842888609188168 0.20358716173694147 0.08565764631843922 0.08346129641283823
0 0.47776903713027064 0.20834487098804283 0.08932032724984255 0.0885840151038389
0 0.3639238514789175 0.21969162995594718 0.08859030837004402 0.08639395846444305
0 0.25593455003146637 0.22152297042164884 0.09078665827564496 0.09151667715544372
0 0.12148521082441786 0.3036721208307111 0.09516677155443691 0.09699811202013837
