0 0.23143142144638404 0.5420224438902742 0.08297256857855344 0.08993017456359098
0 0.09792269326683294 0.06921197007481296 0.09380049875311706 0.0889675810473816
0 0.24031920199501255 0.06509975062344146 0.08461845386533662 0.0826783042394015
0 0.38054114713216963 0.06751870324189527 0.08848379052369071 0.08751620947630913
0 0.23479800498753117 0.3097032418952619 0.08064837905236903 0.07832917705735656
0 0.10036159600997503 0.31463341645885284 0.08761596009975066 0.08181546134663344
0 0.5160299251870323 0.31515461346633417 0.09399501246882801 0.0852917705735661
0 0.3698154613466334 0.3018129675810474 0.07658852867830446 0.08181047381546143
1 0.09708728179551117 0.5041670822942643 0.09399501246882797 0.14203990024937652
0 0.5041346633416458 0.4248204488778055 0.08412967581047391 0.08877306733167095
0 0.2282418952618454 0.653713216957606 0.08123192019950125 0.08238902743142153
0 0.36343142144638396 0.6525536159600999 0.08006982543640895 0.0881895261845387
0 0.4945635910224439 0.7596034912718204 0.07658852867830418 0.07717206982543645
0 0.09827182044887783 0.540281795511222 0.08935162094763095 0.08296758104738154
0 0.3637231920199502 0.7654064837905238 0.08296758104738144 0.08993516209476322
0 0.23027182044887776 0.7688877805486286 0.08413466334164588 0.0829725685785537
0 0.22766084788029928 0.8837705735660849 0.09283790523690787 0.09805486284289289
0 0.09798254364089772 0.6540049875311721 0.08644887780548625 0.08993516209476314
0 0.10009975062344141 0.19371820448877805 0.09234912718204503 0.09041895261845387
0 0.2403167082294264 0.19347381546134668 0.08751620947630935 0.07929675810473817
0 0.3752194513715711 0.18549625935162095 0.08558104738154619 0.08365087281795511
0 0.3732967581047381 0.4207556109725686 0.08470822942643397 0.08413466334164597
0 0.5115835411471322 0.07379301745635906 0.08265835411471319 0.08463341645885289
0 0.23607481296758112 0.43468079800498755 0.08529675810473814 0.08993017456359098
0 0.5077032418952618 0.18912219451371567 0.08267830423940144 0.08316209476309226
