0 0.3694987714987714 0.4628083538083539 0.09506633906633913 0.08755282555282555
0 0.3783120393120393 0.23211547911547908 0.09244717444717426 0.0897739557739558
1 0.906162162162162 0.3954791154791155 0.18669287469287466 0.0857002457002457
0 0.37098525798525794 0.5747690417690418 0.09459950859950873 0.08751351351351361
1 0.9071547911547911 0.49614250614250616 0.1847076167076167 0.0837837837837839
1 0.9068230958230957 0.5982800982800982 0.18537100737100723 0.08373464373464373
1 0.906990171990172 0.7051597051597052 0.18503685503685507 0.0696805896805898
1 0.9064938574938574 0.7968869778869778 0.18602948402948402 0.08124324324324324
1 0.9078157248157247 0.905945945945946 0.18338574938574936 0.08245700245700242
0 0.24306879606879606 0.23795823095823096 0.09081572481572504 0.08739557739557739
0 0.24933660933660937 0.12502211302211302 0.09537100737100734 0.08854054054054052
0 0.3744275184275184 0.9096216216216215 0.10515970515970516 0.09941031941031958
0 0.37318673218673215 0.7954717444717446 0.08927272727272728 0.0888304668304668
0 0.36960687960687955 0.3538157248157248 0.08802948402948398 0.08881081081081081
0 0.37095577395577395 0.1326068796068796 0.08625552825552815 0.0821867321867322
1 0.906162162162162 0.2899017199017199 0.18669287469287466 0.09233415233415236
0 0.37188452088452095 0.6841597051597051 0.09472727272727269 0.08770024570024572
