0 0.400179257362356 0.9451120358514725 0.09085787451984627 0.09160691421254814
0 0.6928777208706787 0.9454865556978232 0.09533290653008956 0.10277848911651725
0 0.23446862996158768 0.8337708066581307 0.07522407170294494 0.07895006402048668
1 0.9602496798975673 0.44357554417413564 0.07822023047375176 0.2526696542893725
1 0.8576792573623561 0.14001280409731118 0.1415685019206145 0.11261203585147256
1 0.3075608194622279 0.7890941101152368 0.19432778489116515 0.1441421254801536
1 0.7296702944942381 0.772797695262484 0.1427464788732394 0.1533034571062741
0 0.8328201024327785 0.6787067861715749 0.09980153649167721 0.09085787451984641
0 0.6883930857874521 0.8167605633802817 0.08792573623559541 0.08404609475032032
0 0.9633834827144685 0.8068053777208707 0.07195262483994899 0.08937259923175433
0 0.8295710627400769 0.027695262483994874 0.0822407170294495 0.05539052496798975
0 0.5396959026888605 0.9387387964148527 0.08706145966709353 0.08663252240717026
0 0.8167445582586428 0.14931498079385405 0.08327144686299616 0.08171574903969259
0 0.5383834827144686 0.8270102432778488 0.09258002560819456 0.09774647887323958
0 0.6772215108834827 0.030742637644046084 0.08836107554417401 0.06148527528809217
0 0.6805761843790014 0.14246798975672215 0.08813060179257373 0.08378361075544181
0 0.8412612035851472 0.9435371318822021 0.08875800256081955 0.08875160051216394
1 0.8435563380281691 0.4466773367477592 0.141504481434059 0.2526632522407169
0 0.9656562099871959 0.14179577464788734 0.06740717029449428 0.10501280409731113
0 0.8335627400768245 0.8061267605633804 0.08875160051216376 0.09061459667093474
1 0.6975128040973111 0.45384122919334197 0.14799615877080663 0.2458130601792574
