0 0.49039026017344906 0.9213675783855905 0.08838559039359585 0.08353569046030679
0 0.42059706470980646 0.8591194129419613 0.08030020013342228 0.08623082054703113
0 0.5491327551701135 0.8416010673782522 0.0862308205470315 0.08245496997998673
0 0.6000633755837225 0.9227118078719144 0.08138092061374243 0.07760507004669785
0 0.7081254169446298 0.9155937291527684 0.08683122081387583 0.08196797865243498
0 0.6587224816544361 0.839993328885924 0.0770980653769181 0.07822548365577064
0 0.8144129419613076 0.9129753168779186 0.09132088058705796 0.08645763842561711
0 0.7579019346230821 0.8182855236824551 0.07635090060040041 0.07897264843228824
0 0.9328085390260175 0.913162108072048 0.08764509673115428 0.08608405603735822
0 0.8763909272848566 0.8265443629086057 0.10024016010673807 0.09571714476317532
0 0.42536691127418275 0.6682454969979986 0.09745830553702475 0.09296864576384258
0 0.5616744496330887 0.668018679119413 0.09790527018011982 0.09881254169446295
0 0.6829352901934622 0.6635290193462309 0.10509673115410278 0.10240160106737826
0 0.7873582388258838 0.6650967311541028 0.11542361574382937 0.10464309539693109
0 0.8949199466310874 0.6668945963975984 0.11228152101400973 0.10643762508338869
0 0.9630720480320212 0.5689893262174784 0.07252168112074724 0.08039359573048714
0 0.8589926617745164 0.5743762508338893 0.09251501000667134 0.08218812541694476
0 0.7516511007338225 0.5728052034689793 0.08802535023348883 0.07904603068712483
0 0.624996664442962 0.5790927284856571 0.08353569046030669 0.07814543028685811
0 0.4913875917278187 0.5824616410940626 0.09116744496330875 0.08488325550366928
0 0.4475983989326216 0.48545030020013347 0.09611741160773847 0.09027351567711786
0 0.5636924616410939 0.48612741827885253 0.09206804536357585 0.09611074049366221
0 0.6827118078719145 0.48545030020013336 0.09745830553702452 0.08668445630420282
0 0.8057705136757839 0.4858972648432289 0.08129419613075359 0.07679786524349552
0 0.9090760507004673 0.4979686457638425 0.08691794529686465 0.08614409606404276
0 0.45853902601734486 0.12723482321547694 0.10153435623749155 0.09959306204136088
0 0.5772148098732487 0.1133288859239493 0.10218145430286858 0.09765176784523008
0 0.6803669112741829 0.10686124082721811 0.10800533689126078 0.11058705803869245
0 0.8142394929953302 0.10912608405603731 0.09895263509006001 0.09571714476317546
0 0.9258005336891262 0.11494329553035355 0.10606404269513055 0.09830553702468321
0 0.9720113408939293 0.18605403602401602 0.05464309539693122 0.08543695797198143
0 0.5130587058038693 0.20581054036024024 0.0937758505670449 0.08989993328885924
0 0.854176117411608 0.2073949299533022 0.08413609072715139 0.08414276184122758
0 0.7458472314876584 0.21386257505003334 0.0860773849232821 0.08672448298865912
0 0.628822548365577 0.22650433622414942 0.07567044696464337 0.08084056037358228
0 0.44474983322214817 0.31954636424282856 0.09623749166110722 0.09701134089392936
0 0.55922281521014 0.31760507004669786 0.09390927284856565 0.091581054036024
0 0.6799032688458971 0.3055770513675784 0.09468312208138738 0.09390260173448962
0 0.7928185456971314 0.3005336891260841 0.09080053368912597 0.08847231487658432
0 0.9057404936624415 0.29820547031354233 0.10088725817211441 0.10244162775183444
