0 0.8610097719869706 0.6542345276872963 0.08033659066232356 0.07654723127035835
0 0.7288490770901195 0.8898697068403907 0.08730727470141145 0.08366992399565694
1 0.18920466883821932 0.577098262757872 0.19486970684039087 0.210743756786102
1 0.8738545059717697 0.5920874049945711 0.09859934853420212 0.17658523344191113
0 0.24986699239956572 0.2611536373507058 0.10104777415852342 0.08315418023887078
0 0.43318675352877306 0.8912350705754616 0.08458197611292076 0.07638979370249718
0 0.5593023887079261 0.3838816503800217 0.09271986970684044 0.0974375678610206
0 0.5889305103148751 0.8804587404994572 0.09094462540716604 0.09473941368078172
0 0.7208550488599348 0.7627741585233442 0.0784201954397394 0.07473398479913167
0 0.5756677524429967 0.7698099891422366 0.093213897937025 0.08639522258414753
0 0.4067046688382193 0.3974674267100977 0.10000000000000006 0.08631378935939195
0 0.4341720955483171 0.7574538545059717 0.08033116178067318 0.07654723127035826
1 0.7547502714440825 0.5697448425624322 0.12550488599348522 0.2040825190010856
0 0.1078311617806732 0.40186210640608044 0.0894299674267101 0.08336590662323573
1 0.8819625407166124 0.8165689467969598 0.09177524429967408 0.21296416938110754
1 0.44857220412595006 0.358471769815418 0.1637024972855591 0.15619435396308354
0 0.2753040173724213 0.785556460369164 0.09913137893593914 0.09640065146579807
0 0.8557790445168296 0.39549402823018465 0.0864006514657981 0.08639522258414772
0 0.5392915309446253 0.14190825190010856 0.0818512486427795 0.07503257328990229
1 0.17279044516829534 0.3600977198697068 0.1812703583061889 0.1451465798045603
0 0.5536400651465797 0.5350950054288818 0.0852605863192181 0.08400108577633005
0 0.11969869706840393 0.6530510314875135 0.0973127035830619 0.09185667752442994
0 0.7214522258414767 0.6423127035830619 0.08509771986970682 0.08513572204125967
0 0.4062812160694897 0.5244842562432139 0.08715526601520084 0.08109663409337677
1 0.8667290988056461 0.34585504885993484 0.09784473398479919 0.16142779587404976
1 0.30821118349619975 0.23124864277958745 0.1768349619978285 0.1294679695982628
0 0.42581976112920733 0.6441395222584149 0.09640608034744835 0.09367535287730738
0 0.13708197611292072 0.89985884907709 0.08488056460369162 0.07957654723127025
1 0.5970249728555919 0.35080347448425625 0.13957654723127036 0.1654723127035831
0 0.08013300760043433 0.027157980456026045 0.0931541802388708 0.05431596091205209
1 0.58207111834962 0.10386264929424534 0.13876764386536375 0.13187296416938113
0 0.872527144408252 0.8999348534201953 0.0894299674267101 0.08412595005428876
