1 0.25308055380742606 0.1836752674638137 0.07980490874764029 0.17424795468848323
1 0.3229987413467589 0.17818124606670863 0.1376400251730648 0.17937067337948412
1 0.4247640025173065 0.17196349905601008 0.1537444933920702 0.1713152926368784
0 0.06108244178728757 0.4858842039018251 0.09517935808684695 0.09029578351164257
1 0.5265292636878541 0.16317495280050345 0.17717432347388318 0.18889238514789164
1 0.6407363121460039 0.17269351793580867 0.16252989301447462 0.16985525487728123
1 0.7454310887350536 0.17305852737570798 0.18888609188168673 0.16765261170547519
0 0.8086847073631214 0.22760226557583382 0.09224669603524212 0.09370673379483944
1 0.04643486469477664 0.4237161736941473 0.09286972938955328 0.19950283196979218
1 0.08200755191944616 0.26483952171176844 0.13544367526746398 0.1885210824417874
0 0.6908149779735683 0.22467589679043423 0.09517306482064167 0.09663939584644424
0 0.5842888609188168 0.22687224669603526 0.08565764631843922 0.08346129641283823
0 0.47776903713027064 0.23162995594713662 0.08932032724984255 0.0885840151038389
0 0.3639238514789175 0.24297671491504091 0.08859030837004402 0.08639395846444305
0 0.25593455003146637 0.24480805538074263 0.09078665827564496 0.09151667715544376
0 0.12148521082441786 0.32695720578980486 0.09516677155443691 0.09699811202013837
