1 0.05351851851851852 0.7963027940220924 0.09796621182586093 0.23916829109811594
0 0.09294346978557504 0.37006822612085766 0.09825860948667985 0.10014944769330726
0 0.2535055230669266 0.10284925276153352 0.09259909031838871 0.08881741390513323
0 0.36815139701104616 0.0883625730994152 0.08503573749187776 0.08504223521767387
0 0.5971280051981807 0.08489603638726444 0.09575048732943446 0.08819363222871995
0 0.026345029239766126 0.2891780376868096 0.05269005847953225 0.08390513320337877
0 0.8024691358024691 0.2674853801169591 0.09524366471734882 0.0967511371020142
0 0.7603118908382065 0.15522742040285897 0.08320987654320948 0.08321637426900595
0 0.2317608836907083 0.2852501624431449 0.0937361923326834 0.09448992852501635
0 0.2982943469785575 0.17447043534762843 0.09133853151397019 0.08756335282651072
0 0.3432586094866796 0.2833593242365173 0.09146848602988952 0.08920077972709552
1 0.6469558154645874 0.4705360623781676 0.19087069525666023 0.20976608187134524
0 0.7789863547758286 0.6150909681611436 0.09143599740090988 0.09142949967511367
0 0.7196621182586095 0.5405295646523717 0.08599090318388514 0.08381416504223513
0 0.6305458089668619 0.17601364522417154 0.08194931773879127 0.08195581546458747
0 0.03985705003248857 0.5341585445094217 0.07971410006497714 0.09322936972059787
0 0.6048213125406106 0.5258317089018842 0.0827290448343078 0.07836907082521131
1 0.5392397660818715 0.4617153996101366 0.19968810916179353 0.18834307992202728
0 0.640198180636777 0.6237979207277453 0.10776478232618548 0.10231968810916187
0 0.52503248862898 0.18231319038336577 0.0838401559454189 0.08447043534762833
0 0.5357017543859649 0.6178102664067575 0.09687459389213758 0.09469785575048721
1 0.467722547108512 0.12711500974658868 0.18413905133203373 0.18957764782326184
0 0.46080246913580253 0.27164392462638076 0.0922222222222221 0.09146198830409356
0 0.4328362573099415 0.6210786224821314 0.0892592592592595 0.0859909031838856
0 0.5707829759584145 0.2667316439246264 0.08844054580896679 0.08617283950617277
1 0.47939571150097476 0.547699805068226 0.17575048732943463 0.20787524366471746
0 0.32344379467186496 0.6259746588693957 0.0903443794671865 0.08925925925925922
0 0.2135055230669266 0.634139051332034 0.09687459389213786 0.08599090318388569
1 0.20790773229369722 0.5694801819363221 0.09143599740090957 0.20115659519168286
0 0.4110493827160494 0.1946263807667316 0.0737037037037039 0.07873944119558145
0 0.6807699805068226 0.2644639376218323 0.09826510721247532 0.0997790773229369
0 0.07852826510721249 0.8839506172839504 0.09905782975958402 0.08708252111760893
1 0.3745126705653022 0.5458089668615984 0.16503573749187778 0.2053541260558805
1 0.7027517868745937 0.11704353476283301 0.1932098765432102 0.1587394411955815
1 0.27372644574398963 0.5521117608836906 0.1436192332683562 0.21165692007797274
1 0.07051332033788173 0.30555880441845357 0.1051981806367769 0.19779727095516578
