1 0.6251647727272727 0.8835833333333333 0.10307196969696965 0.2320757575757575
1 0.8461098484848484 0.8643939393939393 0.10416666666666673 0.27045454545454545
1 0.6701458333333333 0.6080208333333333 0.14284469696969693 0.14504924242424247
1 0.3691003787878787 0.6183844696969697 0.09606439393939396 0.13616287878787867
1 0.16102272727272726 0.6151856060606061 0.0777348484848486 0.15123484848484847
1 0.8561420454545455 0.6069185606060606 0.16818560606060626 0.1435795454545455
1 0.7370094696969697 0.8775511363636364 0.09210984848484852 0.24414015151515148
1 0.9511003787878789 0.8638465909090909 0.09704166666666655 0.27154924242424244
1 0.3691003787878787 0.6183844696969697 0.09606439393939396 0.13616287878787867
1 0.5678844696969696 0.6122159090909091 0.1176553030303031 0.14277272727272722
1 0.4698276515151515 0.613748106060606 0.10539015151515155 0.14431439393939394
1 0.057568181818181824 0.6221704545454546 0.07895454545454532 0.13862121212121217
1 0.26448863636363634 0.6151212121212121 0.09033333333333318 0.15026515151515155
1 0.7623011363636364 0.6047689393939394 0.1542310606060608 0.1529090909090909
