0 0.5691726403823179 0.8561081242532855 0.11429510155316604 0.09765232974910361
0 0.5598148148148148 0.7253703703703703 0.11248506571087204 0.10896057347670257
0 0.5617562724014336 0.962568697729988 0.098757467144564 0.07366786140979673
1 0.47773297491039435 0.6028673835125449 0.22649342891278387 0.10274790919952209
1 0.4757765830346476 0.7331541218637994 0.2203703703703704 0.0789725209080049
1 0.4826851851851851 0.8633691756272401 0.23439068100358415 0.07608124253285546
0 0.5573058542413383 0.32477299880525684 0.11066905615292723 0.10194743130227002
0 0.6935394265232976 0.603826164874552 0.10341099163679789 0.10195340501792129
1 0.47725806451612907 0.9630256869772997 0.2250896057347668 0.07275388291517315
1 0.47574372759856626 0.49907407407407406 0.22891875746714457 0.16959378733572272
0 0.7018130227001195 0.7327299880525686 0.09753285543608149 0.08600955794504185
0 0.5643966547192354 0.5756869772998805 0.1140979689366786 0.10322580645161289
0 0.5593219832735962 0.4463500597371565 0.10942054958184022 0.10391875746714448
0 0.6939665471923535 0.21900836320191155 0.11971326164874525 0.10813620071684586
0 0.5596326164874551 0.18871266427718042 0.1215113500597371 0.11534647550776585
0 0.7009886499402627 0.34194444444444444 0.10835722819593756 0.09712664277180409
0 0.7034139784946236 0.4676583034647551 0.1147132616487454 0.09863799283154123
0 0.7083124253285544 0.8606989247311827 0.10477299880525648 0.09234169653524482
