0 0.5993611638203667 0.15982605945604045 0.08584440227703975 0.08462365591397847
1 0.6061701454775459 0.10891524351676149 0.09898165717900036 0.1509867172675522
1 0.6750885515496522 0.17808981657178996 0.08476280834914615 0.14982922201138524
0 0.0639120809614168 0.2461764705882353 0.08167615433270074 0.07947501581277666
0 0.8398576850094875 0.2282953826691967 0.0865338393421885 0.09094876660341551
0 0.7594022770398482 0.15369702719797596 0.08585072738772927 0.07726122707147368
0 0.676315623023403 0.22727703984819736 0.08768500948766604 0.08339658444022763
0 0.4129285262492093 0.6402087286527515 0.08741302972802034 0.08476913345983558
0 0.5012302340290955 0.5474984187223276 0.08564832384566747 0.08300442757748257
0 0.7630360531309297 0.31527197975964577 0.08829854522454134 0.08653383934218842
1 0.23067994939911451 0.2561100569259962 0.11390891840607202 0.19867172675521835
0 0.6756198608475648 0.3978304870335231 0.08653383934218842 0.08388361796331455
0 0.674291587602783 0.8940733712839973 0.08211891208096143 0.07505376344086058
1 0.7366318785578748 0.10335230866540163 0.126268184693232 0.1580518659076533
1 0.5074098671726756 0.48092030360531296 0.10066413662239086 0.19690702087286527
1 0.4266129032258064 0.5581815306767869 0.10860847564832384 0.22781151170145475
1 0.34577798861480075 0.47385515496521186 0.12371283997469942 0.20750790638836156
1 0.6720398481973435 0.8027703984819735 0.09986717267552177 0.23487666034155588
1 0.5991967109424414 0.7497881087919038 0.10604680581910178 0.22781151170145486
0 0.5939437065148641 0.3064452877925363 0.08564832384566719 0.08652751423149907
0 0.9365433270082226 0.6432574320050601 0.08564832384566756 0.0892726122707146
1 0.7338962681846932 0.7188836179633142 0.11567362428842512 0.22251106894370645
1 0.9175585072738771 0.5731941808981655 0.1262618595825425 0.20838709677419354
1 0.956034155597723 0.4910752688172042 0.08666666666666675 0.20485768500948767
1 0.9224161922833648 0.08218216318785576 0.12891840607210625 0.16436432637571152
0 0.4107242251739405 0.1492220113851992 0.08653383934218879 0.08838709677419355
1 0.41822580645161284 0.08666350411132195 0.11655281467425682 0.16600253004427581
0 0.7524225173940543 0.8051075268817204 0.08314990512333977 0.08167615433270087
0 0.5947596457938014 0.8242156862745098 0.09013915243516772 0.08891208096141665
0 0.3326249209361163 0.5442947501581278 0.08584440227703975 0.09075268817204311
0 0.9513978494623657 0.13469955724225177 0.09593927893738129 0.09448450347881097
0 0.20783997469955717 0.3296805819101834 0.09013915243516761 0.08707779886148002
0 0.5119829222011385 0.22973118279569885 0.09013915243516744 0.08462365591397843
0 0.2952182163187855 0.24475332068311192 0.09197975964579364 0.08400379506641364
1 0.07895951929158762 0.1729601518026566 0.08248576850094867 0.1942567994939911
