0 0.37774799599198405 0.06331412825651303 0.08888276553106203 0.0879108216432865
0 0.5138476953907815 0.3120666332665331 0.09441883767535071 0.08567635270541082
0 0.09420591182364732 0.5382089178356714 0.08975450901803611 0.08334168336673342
0 0.3669739478957916 0.2986648296593187 0.07693386773547116 0.08217935871743494
0 0.3608542084168337 0.7643486973947896 0.08334168336673342 0.09034068136272566
0 0.5018987975951903 0.4222269539078156 0.08450901803607225 0.08917334669338685
1 0.09452404809619243 0.5032064128256513 0.100070140280561 0.14937875751503005
0 0.22680110220440874 0.7678456913827656 0.08451402805611222 0.08334669338677371
0 0.22417835671342687 0.883246492985972 0.09325651302605226 0.09849699398797605
0 0.5054834669338677 0.18546593186372742 0.08305110220440874 0.08353707414829659
0 0.09391533066132261 0.6524448897795591 0.08683867735470938 0.09034068136272548
0 0.09604208416833668 0.19008266533066132 0.09276553106212439 0.0908266533066132
0 0.23689128256513028 0.18983717434869743 0.08791082164328672 0.07965430861723448
0 0.3724023046092184 0.18182364729458916 0.08596693386773555 0.08402805611222446
0 0.2326302605210422 0.4321317635270541 0.08568136272545089 0.09033567134268533
0 0.37047094188376756 0.4181437875751503 0.08509018036072151 0.08451402805611229
0 0.09630511022044083 0.31154308617234466 0.08801102204408821 0.08218436873747499
0 0.2313476953907816 0.3065906813627255 0.08101202404809613 0.07868236472945887
0 0.5093812625250502 0.06961673346693383 0.08303106212424846 0.08501503006012025
0 0.23689378757515037 0.0608842685370742 0.08499999999999992 0.08305110220440881
0 0.22796593186372743 0.5399574148296593 0.08334669338677334 0.09033567134268539
0 0.22476202404809617 0.6521518036072144 0.08159819639278554 0.08276052104208426
0 0.3605611222444889 0.6509869739478958 0.08043086172344681 0.08858717434869749
0 0.4922845691382766 0.7585195390781563 0.07693386773547092 0.07752004008016038
0 0.0938552104208417 0.06501503006012024 0.09422344689378742 0.08936873747494996
