0 0.4322324255858139 0.7319189360354655 0.09577580747308423 0.09761874604179863
0 0.5838790373654212 0.8587017099430019 0.09577580747308452 0.09701076630778961
1 0.4145915136162128 0.3757029765674479 0.17602279924002537 0.25815706143128575
1 0.4145915136162128 0.3757029765674479 0.17602279924002537 0.25815706143128575
0 0.42333122229259024 0.0712919569347688 0.10744775174160852 0.10253324889170366
1 0.06925585813806207 0.7006143128562382 0.11101329955668142 0.4027485750474982
0 0.28733692210259654 0.6039043698543383 0.10314756174794171 0.09946168461051311
0 0.4276250791640278 0.5950031665611146 0.09761874604179843 0.10253324889170376
1 0.27446168461051296 0.37924002533248885 0.12209626345788469 0.2528562381253957
0 0.292716909436352 0.8776124129195694 0.08929702343255222 0.09283090563647879
1 0.3707346421785941 0.06523432552248258 0.1678150728309056 0.1192083597213425
1 0.6741196960101329 0.7050348321722609 0.18831538948701676 0.13261557948068373
0 0.7347720075997466 0.7405731475617479 0.09990500316656116 0.09990500316656106
