1 0.8795436638214051 0.8806894287590282 0.13940249507550873 0.11202889034799743
1 0.8703151674326987 0.621618516086671 0.1413131976362441 0.12348653972422839
0 0.9713624425476035 0.4495830597504924 0.055961917268548954 0.07744583059750501
0 0.8368220617202888 0.7341759684832567 0.08221930400525286 0.08619829284307286
0 0.8403086014445175 0.873253447143795 0.08221930400525276 0.07585686145764947
0 0.8392514773473407 0.465919238345371 0.09038739330269217 0.07892974392646102
0 0.7001641497045306 0.7432403151674328 0.08487196323046613 0.07903479973736055
0 0.6802232435981616 0.456053841103086 0.09176625082074838 0.08646093237032167
0 0.6876493762311228 0.604047931713723 0.09176625082074867 0.0907091267235718
0 0.8363854235062377 0.6037294812869337 0.08720288903479959 0.08211424819435315
0 0.6922751149047932 0.8708864084044649 0.09739330269205519 0.092934996717006
0 0.9671963230466185 0.3158568614576494 0.06429415627051888 0.09335521996060407
0 0.9683092580433356 0.5913197636244255 0.06206828627708467 0.08783978988837825
