0 0.4559336543606207 0.9520947030497593 0.09959336543606201 0.0947405029427501
0 0.03440877474585337 0.6998582129481006 0.06881754949170674 0.09492241840556463
0 0.4508400214018193 0.6970064205457462 0.10425896201177114 0.09855002675227406
0 0.6023006955591226 0.8295371856607813 0.09906902086677383 0.0969983948635635
0 0.30326912787586957 0.6933761369716427 0.11203852327447839 0.08609951845906905
0 0.7527207062600321 0.829275013376137 0.09388443017656509 0.08506688068485817
0 0.4557704654895665 0.8300535045478866 0.1058159443552702 0.10841091492776889
0 0.8916425896201177 0.9454975922953451 0.08216158373461761 0.08776350989834132
0 0.03596575708935261 0.8251257356875334 0.07193151417870522 0.0954414125200641
0 0.5999652220438737 0.6959711075441413 0.10062600321027267 0.0954414125200644
0 0.1616666666666667 0.8261637239165329 0.10685393258426983 0.09959336543606225
0 0.8974398073836277 0.82071696094168 0.09180845371856612 0.0897378277153557
0 0.7527233814874265 0.6915596575708937 0.09077581594435533 0.08869448903156761
0 0.03700107009095772 0.9535313001605136 0.07400214018191544 0.09186730872124134
0 0.9031487426431247 0.6941546281433922 0.09492241840556434 0.09388443017656481
0 0.7468004280363831 0.9539620117710006 0.08651685393258421 0.08402889245585872
0 0.602581594435527 0.9574157303370787 0.09399143927233826 0.08409844836811144
0 0.3053424291064741 0.8261637239165329 0.10270197966827169 0.10788657035848066
