0 0.07252857705951916 0.37067008277493096 0.11866377611351997 0.11752463539613714
0 0.07366968860859285 0.5047398502167915 0.1346393378005518 0.1255143870713441
0 0.575147812376823 0.09739653133622388 0.09013795821836816 0.0821560898699251
0 0.8963460780449349 0.10823610563657864 0.0958454867954278 0.09698462751281034
1 0.7965037445802129 0.5252798581001181 0.27042175798186857 0.1232282223098147
0 0.5705833661805282 0.23603074497437926 0.0947024044146629 0.09013795821836822
0 0.7291840756799368 0.2423058730784391 0.09013795821836798 0.08443831296807254
1 0.5409164367363027 0.842313756405203 0.2202167914860071 0.31458415451320465
0 0.8894974379188019 0.3980547891210091 0.07986992510839573 0.08101300748916052
1 0.8295940086716594 0.8457370910524242 0.2886795427670478 0.30773748521876243
0 0.5705853370122193 0.5218565234528971 0.11980685849428474 0.11410327158060696
1 0.7868052818289318 0.39235908553409543 0.25102483247930646 0.0946905794245171
0 0.4057055577453685 0.5155794245171462 0.12094994087504926 0.11980685849428456
0 0.9009085534095389 0.5401103665746947 0.09356326369728034 0.0958454867954277
0 0.23968663776113522 0.5167323610563658 0.1152424122979897 0.11069767441860466
1 0.07448758376034682 0.8400315333070556 0.14897516752069365 0.3191486007094994
0 0.8843634213638156 0.25828143476547105 0.10155301537248705 0.0958454867954276
0 0.7440165549862041 0.08998029168309027 0.1038312968072524 0.09926685061095784
0 0.23111943240047295 0.3758100118249902 0.11182499014584142 0.11409538825384313
