0 0.3180790043290044 0.7012554112554114 0.11331168831168836 0.08707792207792203
0 0.4673268398268399 0.704926948051948 0.10544372294372312 0.09966991341991353
0 0.9190016233766233 0.83004329004329 0.09285173160173175 0.09075757575757568
0 0.6181466450216451 0.7038798701298701 0.10176948051948034 0.0965259740259742
0 0.7726406926406927 0.69941829004329 0.09180735930735931 0.08970238095238084
0 0.766650432900433 0.9608847402597404 0.08749999999999988 0.07714826839826845
0 0.6207927489177488 0.9626136363636363 0.0950595238095239 0.07369047619047632
0 0.9131385281385281 0.9556601731601732 0.08309523809523817 0.08759740259740274
0 0.4723133116883116 0.8394859307359308 0.10701839826839829 0.10964285714285725
0 0.32017586580086577 0.8355519480519482 0.10386904761904753 0.10911255411255423
0 0.17486742424242427 0.8355519480519481 0.10806818181818195 0.10072510822510837
0 0.772637987012987 0.8386985930735932 0.09495129870129884 0.08603354978354968
0 0.04205627705627707 0.8345021645021644 0.08411255411255414 0.09652597402597392
0 0.04310335497835496 0.958685064935065 0.08620670995670993 0.08154761904761898
0 0.620508658008658 0.8389637445887446 0.10019480519480535 0.09810064935064947
0 0.47247835497835505 0.9572321428571429 0.10072510822510819 0.08445346320346321
0 0.0404816017316017 0.7078111471861471 0.0809632034632034 0.09600108225108238
0 0.9247754329004331 0.7020427489177489 0.0960010822510821 0.09495129870129847
