0 0.41415540540540524 0.8063253638253638 0.10279106029106028 0.10531185031185031
0 0.8375675675675675 0.9184693347193346 0.07981288981288992 0.08525467775467763
0 0.5567697505197505 0.9318295218295216 0.09130457380457392 0.08525987525987513
0 0.5564968814968815 0.8058238045738045 0.0962370062370064 0.09422557172557174
0 0.6968659043659043 0.926691787941788 0.08404365904365883 0.08162681912681903
0 0.9708575883575886 0.680849792099792 0.05724532224532216 0.08819646569646584
0 0.970220893970894 0.932372661122661 0.05851871101871129 0.08888253638253642
0 0.7026169438669438 0.805569126819127 0.09120062370062373 0.08263513513513505
0 0.8487448024948024 0.6743113305613305 0.09220893970893958 0.09120062370062355
0 0.4093659043659044 0.6770816008316008 0.10127858627858637 0.09573284823284837
0 0.12845893970893976 0.8025467775467776 0.10379937629937643 0.09674636174636192
0 0.8431990644490646 0.7972557172557173 0.08918399168399187 0.0871725571725572
0 0.9688305613305616 0.8010343035343035 0.061299376299376304 0.08666320166320159
0 0.26802754677754675 0.8025467775467776 0.09976611226611218 0.10480249480249489
0 0.5542281704781705 0.6760758835758836 0.09774948024948008 0.09271309771309788
0 0.1264423076923077 0.6775857588357588 0.10480769230769223 0.08868503118503135
0 0.7026195426195427 0.6717905405405407 0.08818087318087314 0.08615904365904367
0 0.4143139293139294 0.9278378378378379 0.09674636174636168 0.09795218295218283
0 0.2660135135135136 0.6735550935550936 0.10883575883575893 0.08363825363825368
