0 0.5688997395833335 0.7903613281249999 0.09694010416666671 0.09315755208333343
0 0.6462174479166665 0.19380533854166665 0.08835937499999985 0.0871028645833333
0 0.88169921875 0.7914941406250001 0.09164062500000024 0.08785807291666659
1 0.4586848958333333 0.12440755208333329 0.1177864583333334 0.1614192708333334
0 0.9323274739583334 0.09333007812500002 0.08590494791666696 0.08503255208333343
0 0.8109472656250001 0.18749674479166667 0.08836588541666672 0.07952473958333323
0 0.5255013020833332 0.4598372395833334 0.0878515625 0.09088541666666657
1 0.04375325520833336 0.20611328125000003 0.08750651041666672 0.1954036458333334
1 0.7827864583333334 0.134921875 0.12269531250000008 0.15904947916666679
0 0.7927083333333332 0.7202994791666667 0.09467447916666681 0.08937500000000015
0 0.7233430989583333 0.9495638020833334 0.08452473958333329 0.07725260416666695
0 0.24322591145833328 0.3686360677083334 0.09277994791666666 0.08962890624999993
0 0.7181022135416667 0.803994140625 0.08785807291666659 0.08861328124999979
0 0.7247102864583334 0.4387825520833334 0.08906901041666665 0.08634114583333358
0 0.3331640624999999 0.2812207031249999 0.09467447916666653 0.08646484374999996
0 0.2785253906249999 0.5291341145833334 0.09990234375000004 0.09510416666666656
0 0.7363411458333333 0.11368164062500002 0.08816406249999999 0.08089192708333333
1 0.7244661458333334 0.213310546875 0.10755208333333349 0.15677734374999994
0 0.45786783854166657 0.5293977864583334 0.09543619791666674 0.08815755208333367
0 0.7254264322916667 0.263232421875 0.09025390624999997 0.08583984374999992
1 0.9027473958333333 0.539306640625 0.12825520833333337 0.19762369791666687
0 0.3668912760416667 0.08196289062499998 0.08634765625000007 0.08452473958333329
1 0.9550651041666667 0.11144205729166672 0.08856770833333327 0.16662109375000003
0 0.556279296875 0.2657584635416666 0.0927799479166665 0.08710286458333327
0 0.44462890625 0.3882161458333333 0.09028645833333326 0.08415364583333314
1 0.645576171875 0.797783203125 0.1112434895833332 0.2381966145833332
0 0.45205403645833336 0.18289062499999997 0.08906901041666693 0.0909765625
1 0.9517024739583334 0.4620898437500001 0.09529296874999983 0.18976562500000005
0 0.6414811197916667 0.8776595052083335 0.09277994791666677 0.09151692708333324
0 0.0950813802083333 0.282685546875 0.0840690104166666 0.08180338541666657
0 0.24004231770833329 0.214521484375 0.08482421874999994 0.07876953125000002
0 0.3765885416666666 0.4670963541666667 0.09656249999999993 0.08835937500000023
0 0.6075911458333334 0.5328938802083334 0.08835937499999985 0.0852669270833334
0 0.5355729166666666 0.08596028645833338 0.091796875 0.08906901041666662
0 0.45432291666666663 0.68826171875 0.08997395833333349 0.08725260416666673
0 0.6406412760416667 0.3447200520833333 0.0881575520833332 0.08906249999999996
0 0.8146875 0.3538053385416666 0.09088541666666665 0.08906901041666665
0 0.8037630208333333 0.8579915364583333 0.08558593750000008 0.08406901041666662
0 0.9119954427083333 0.602666015625 0.09656901041666674 0.09593098958333339
0 0.3716666666666666 0.5895377604166666 0.0883593749999999 0.09341145833333346
1 0.7124381510416666 0.7153483072916668 0.10815755208333334 0.23994140625000016
0 0.5452115885416666 0.5928352864583334 0.08815755208333358 0.08543619791666672
1 0.24637695312499996 0.15747721354166666 0.09906901041666674 0.16629557291666652
1 0.11081054687500001 0.20921875 0.08362630208333334 0.20196614583333333
0 0.8937597656249999 0.2642805989583333 0.08906901041666665 0.09361328124999996
0 0.8131575520833334 0.5396647135416667 0.08709635416666688 0.08406901041666652
