1 0.46704069419509264 0.8629862357869539 0.258497905445841 0.08491921005386001
0 0.7057899461400359 0.4702064631956912 0.08783363255535623 0.08380011968880904
1 0.46142130460801917 0.7391681627767803 0.24807301017354888 0.09389587073608612
1 0.46424895272292044 0.6088270496708558 0.25211250748055064 0.10155595451825256
1 0.4632196289646918 0.47716935966487134 0.254889287851586 0.11735487731897065
0 0.5650748055056852 0.8583333333333334 0.10968282465589478 0.09691801316576905
0 0.5567923399162179 0.7263913824057451 0.10161579892280087 0.09802513464991011
0 0.5652034709754638 0.5827438659485339 0.11245362058647511 0.10432675044883298
0 0.5617833632555357 0.44473369239976057 0.11162178336325553 0.10490724117295029
0 0.5574476361460202 0.32801316576900064 0.10247157390783942 0.10070616397366844
0 0.5604578096947934 0.18859365649311788 0.1082764811490125 0.10061041292639136
0 0.6958467983243565 0.21241172950329143 0.09572710951526042 0.08460801915020945
0 0.566538001196888 0.9711340514661878 0.08006582884500296 0.056535008976660577
1 0.48278276481149013 0.9640454817474565 0.22976660682226188 0.07071214841412324
0 0.7006971873129861 0.8676870137642131 0.0929084380610413 0.09327947336923997
0 0.698815080789946 0.7313644524236983 0.09095152603231635 0.08228605625374033
0 0.6975344105326151 0.33916816277678036 0.08537402752842597 0.07893476959904251
0 0.6958797127468582 0.6010233393177737 0.08138240574506328 0.07897067624177134
