0 0.5630841404358352 0.21049636803874092 0.117415254237288 0.11036319612590811
0 0.40713680387409196 0.08085653753026638 0.09635593220338973 0.09639830508474578
0 0.7215980629539951 0.2275030266343825 0.11418886198547185 0.11739104116222761
0 0.555411622276029 0.08203087167070217 0.09326876513317182 0.09078087167070219
0 0.10905569007263913 0.2252451573849879 0.10903147699757865 0.10846852300242137
0 0.10551150121065381 0.07855932203389829 0.0973426150121065 0.09445520581113798
0 0.26168583535108964 0.2227784503631961 0.09988498789346235 0.09987893462469734
0 0.703931598062954 0.09068401937046001 0.0963740920096852 0.09783292978208226
0 0.26343825665859566 0.07470944309927359 0.09638014527845028 0.08761501210653755
0 0.4138831719128328 0.22578995157384987 0.08239104116222763 0.0781658595641646
