0 0.3497234173325139 0.6768315918869083 0.09524277811923793 0.09094652735095278
0 0.3515642286416718 0.8052335586969882 0.08322679778733869 0.07979717271051048
0 0.4851628764597418 0.5530331899200983 0.07808236017209587 0.07464658881376772
0 0.3455070682237246 0.3966072526121696 0.09953288260602336 0.08580208973570982
1 0.8296435156730178 0.2674830977258758 0.21886908420405654 0.14872157344806378
1 0.6976644130301167 0.2496465888137677 0.2145789797172711 0.13800245851259985
0 0.5050891210817456 0.8016748617086661 0.09181315304240939 0.08837738168408098
0 0.3412692071296865 0.5326828518746158 0.0918070067609096 0.08751690227412412
0 0.6222218807621388 0.41934542102028277 0.09695759065765212 0.08837738168408116
0 0.7810295021511985 0.6926736324523664 0.09652735095267345 0.08580208973571006
0 0.7806699446834665 0.5611063306699448 0.09438229870928101 0.08437615242778101
0 0.4717516902274125 0.41819913952059 0.08151198524892445 0.07465273509526743
0 0.6373509526736324 0.8127627535341119 0.09524277811923779 0.09180700676090983
0 0.7638690842040565 0.44098340503995087 0.09939151813153049 0.08722802704363863
0 0.6234326982175784 0.5508266748617087 0.09180700676090964 0.08065765212046715
0 0.5098094652735096 0.667519975414874 0.08237246465888139 0.07722802704363867
0 0.31257529194837125 0.1408789182544561 0.0900921942224954 0.08237246465888134
0 0.19435771358328213 0.27220651505838966 0.08666256914566689 0.08151198524892445
0 0.7556453595574676 0.30083589428395824 0.09724031960663802 0.0900921942224953
0 0.2010940381069453 0.3981622618315918 0.08666256914566689 0.07722188076213905
0 0.20709895513214507 0.5268653964351566 0.09009219422249537 0.0789428395820529
0 0.9330547019053472 0.8432882606023355 0.08666256914566692 0.08580208973570978
0 0.6068899815611555 0.030414874001229265 0.08752304855562368 0.06082974800245853
0 0.21930239704978488 0.6547756607252612 0.08837738168408113 0.08580208973570978
0 0.2237215734480639 0.7780762138905962 0.1055377996312231 0.0995328826060234
0 0.9165119852489244 0.3117424708051628 0.09438844499078058 0.08665642286416697
1 0.5364658881376767 0.25070374923171473 0.23602950215119844 0.15587584511370614
0 0.6234449907805777 0.2879532882606024 0.08923786109403811 0.08580208973570996
0 0.4581499692685925 0.2920067609096496 0.0900921942224954 0.08837738168408098
0 0.9276029502151197 0.6995052243392749 0.09095267363245235 0.09180700676090983
0 0.32226490473263675 0.26564535955746776 0.09180700676090969 0.08580823601720954
0 0.9141763982790413 0.582080516287646 0.09695759065765212 0.09695759065765212
0 0.9151014136447448 0.45043945912722805 0.09867240319606664 0.0909465273509525
0 0.7913030116779347 0.8244099569760296 0.08923171481253854 0.0875169022741243
0 0.6338537185003074 0.692338660110633 0.09524277811923779 0.09094652735095288
