1 0.27076709401709403 0.3443952991452992 0.14443162393162384 0.16346581196581206
1 0.7057051282051283 0.597267094017094 0.07435042735042748 0.29071367521367514
1 0.6340149572649573 0.6121132478632478 0.0816452991452991 0.28576495726495726
1 0.5443290598290599 0.6195363247863247 0.09030769230769224 0.2931837606837607
1 0.45773290598290606 0.6251025641025642 0.07793589743589757 0.2894786324786324
1 0.16083333333333338 0.6572670940170939 0.09277777777777774 0.31421794871794867
1 0.35995726495726493 0.33902564102564103 0.14622222222222228 0.16107692307692312
1 0.2709337606837606 0.6455149572649573 0.09278205128205133 0.3105085470085471
1 0.3717564102564103 0.6405662393162392 0.09154700854700852 0.30802991452991463
1 0.18456196581196582 0.3437970085470085 0.1354829059829059 0.17181623931623924
1 0.08731837606837609 0.34827136752136756 0.1330982905982907 0.18434615384615394
1 0.44705982905982894 0.34111111111111114 0.14622222222222217 0.14974358974358978
1 0.5264038461538462 0.32679487179487177 0.16054273504273517 0.16764102564102562
1 0.6030662393162394 0.3238119658119658 0.16591025641025633 0.15809401709401713
1 0.6767435897435898 0.3232136752136752 0.1760512820512823 0.14974358974358984
1 0.7743632478632477 0.5867542735042736 0.08052991452991445 0.2919529914529914
