0 0.09126383763837635 0.9659040590405903 0.0970172201722017 0.06696186961869631
0 0.4136562115621156 0.8363253382533825 0.09658671586715877 0.09062115621156208
0 0.24610701107011068 0.9619772447724477 0.09959409594095933 0.07481549815498162
0 0.08043972939729394 0.832730627306273 0.09897293972939733 0.08943419434194345
0 0.7514544895448955 0.8378044280442805 0.11268757687576873 0.09837638376383766
1 0.30276445264452645 0.9398154981549816 0.18459409594095938 0.11913899138991386
0 0.5695756457564576 0.8452767527675277 0.0912177121771219 0.08466174661746621
0 0.9193327183271833 0.8383640836408364 0.11208487084870848 0.1031488314883148
1 0.15273370233702338 0.9390282902829027 0.1938929889298893 0.1207134071340714
1 0.14858548585485856 0.8119864698646986 0.19675276752767518 0.11590405904059041
0 0.42473862238622384 0.9579366543665437 0.11332718327183294 0.08289667896678965
