1 0.025641791044776145 0.1883074626865672 0.05128358208955229 0.18327761194029846
1 0.34838507462686574 0.5490805970149254 0.11189850746268676 0.21703880597014913
1 0.8661492537313433 0.48613731343283584 0.12106268656716433 0.19147462686567152
1 0.8094805970149255 0.5664447761194029 0.11768358208955224 0.19774925373134336
1 0.816355223880597 0.10183283582089556 0.12096119402985052 0.15684776119402988
1 0.7029164179104479 0.1863313432835821 0.11632835820895515 0.1637910447761194
1 0.6488029850746267 0.2714149253731342 0.11691343283582088 0.15800597014925363
1 0.5096029850746269 0.26446567164179113 0.10707462686567182 0.1591641791044777
1 0.581662686567164 0.33652238805970147 0.10186865671641794 0.18057910447761183
0 0.5091402985074627 0.3026089552238806 0.08681791044776127 0.08334328358208967
0 0.582065671641791 0.38826865671641786 0.08334328358208977 0.08450149253731344
0 0.6616507462686567 0.30810746268656714 0.08508059701492533 0.08854925373134313
0 0.7331283582089552 0.23171044776119404 0.0821850746268658 0.0839223880597016
0 0.8367283582089552 0.14112835820895522 0.08334328358208977 0.0810268656716418
1 0.3382567164179104 0.12247462686567162 0.1099701492537312 0.16832835820895511
0 0.9015671641791044 0.5468955223880597 0.07820298507462684 0.07960597014925364
0 0.8256119402985075 0.6269492537313431 0.08831044776119419 0.09216716417910445
0 0.33777611940298496 0.6192328358208955 0.09453731343283577 0.08831641791044775
0 0.025746268656716417 0.246420895522388 0.05149253731343283 0.07899104477611948
0 0.3311731343283583 0.16003283582089547 0.09992238805970148 0.09378507462686561
