0 0.5771846846846848 0.8564285714285716 0.09731660231660262 0.09857142857142838
1 0.4051737451737452 0.36565958815958827 0.17885456885456893 0.26231016731016743
1 0.26278957528957525 0.36925353925353915 0.12406048906048898 0.2569240669240668
1 0.6688770913770913 0.7002895752895754 0.19134491634491602 0.13474903474903444
1 0.3606113256113257 0.05537966537966534 0.17051480051480053 0.11075933075933068
1 0.04672458172458166 0.7074002574002575 0.09344916344916332 0.4144658944658943
0 0.4230984555984557 0.7276061776061776 0.09731660231660234 0.09918918918918924
0 0.7305051480051479 0.7363996138996138 0.1015122265122265 0.1015122265122265
0 0.2813384813384812 0.8756435006435006 0.09073359073359069 0.09432432432432432
0 0.2758719433719433 0.597532175032175 0.10480694980694977 0.10106177606177624
0 0.41405405405405404 0.05635135135135132 0.10917631917631905 0.10418275418275424
0 0.4184169884169884 0.5884877734877735 0.09918918918918901 0.10418275418275429
0 0.2784588159588159 0.7400482625482625 0.1099034749034749 0.1024517374517374
0 0.42562097812097816 0.8639221364221366 0.1099034749034749 0.10803732303732279
1 0.4051737451737452 0.36565958815958827 0.17885456885456893 0.26231016731016743
