0 0.23253333333333334 0.7773650793650794 0.0746031746031746 0.07829841269841271
0 0.6827111111111112 0.7604952380952381 0.08719999999999993 0.08335238095238125
1 0.6917555555555556 0.40057142857142863 0.1467746031746031 0.243784126984127
0 0.5352412698412699 0.8814666666666667 0.08634285714285714 0.08591746031746018
0 0.8259460317460319 0.6235809523809523 0.09897777777777765 0.09010793650793646
0 0.6871587301587302 0.8881587301587301 0.09454603174603168 0.10193015873015891
0 0.8100031746031746 0.09855873015873017 0.08258412698412688 0.08104126984126975
0 0.9595587301587299 0.7506222222222222 0.0796126984126985 0.08863492063492083
1 0.8365936507936509 0.3934666666666667 0.14033650793650815 0.2505777777777776
0 0.39687619047619044 0.8877873015873016 0.09010793650793641 0.09085079365079377
0 0.8266825396825397 0.7499492063492064 0.08801904761904754 0.08986666666666658
1 0.3050222222222222 0.7330571428571426 0.1927238095238095 0.1429523809523809
0 0.9618126984126983 0.09110158730158731 0.07510476190476187 0.10414603174603172
1 0.7236476190476191 0.7168952380952381 0.14156825396825398 0.15203809523809528
1 0.8506 0.08933333333333338 0.1404 0.11168253968253977
1 0.9564507936507937 0.3903904761904761 0.08582857142857137 0.2505841269841269
1 0.9652222222222221 0.7165873015873016 0.06828571428571432 0.15019047619047632
