0 0.4224479843953186 0.827721066319896 0.11104681404421331 0.10351755526657994
1 0.5054551365409624 0.13069245773732122 0.1722886866059818 0.1223862158647593
0 0.7242815344603383 0.9453120936280885 0.09832899869961026 0.09959687906371896
0 0.419834200260078 0.6837223667100131 0.10589726918075419 0.10211313394018215
0 0.7177275682704812 0.13752925877763328 0.0944798439531862 0.09076723016905068
0 0.5594538361508453 0.13691157347204158 0.11031209362808843 0.10526657997399225
0 0.42535760728218447 0.9582119635890767 0.09167750325097528 0.08227568270481138
0 0.5638621586475943 0.6745838751625487 0.10022106631989583 0.10526657997399222
1 0.110812743823147 0.7922756827048115 0.06933680104031202 0.39763328998699626
1 0.8169278283485045 0.7875487646293888 0.19333550065019472 0.13615084525357576
0 0.5685923276983096 0.8151495448634591 0.09832899869960998 0.10022106631989593
1 0.059860208062418756 0.7966514954486346 0.11499999999999994 0.4053966189856957
1 0.550481144343303 0.4494375812743825 0.1807152145643694 0.26503901170351113
1 0.19535760728218451 0.804993498049415 0.11344603381014305 0.37622886866059824
1 0.550481144343303 0.4494375812743825 0.1807152145643694 0.26503901170351113
0 0.8791970091027307 0.8240344603381013 0.10256827048114443 0.10256827048114443
0 0.5711410923276983 0.9488263979193757 0.11104681404421325 0.10104681404421319
1 0.40661573472041607 0.4530689206762028 0.12535110533159943 0.259596879063719
