1 0.4617343173431734 0.8521463714637146 0.12284132841328428 0.24211562115621155
1 0.632641451414514 0.8503659286592866 0.1335239852398521 0.25279827798277965
1 0.29886223862238626 0.6972601476014759 0.12650676506765088 0.22075645756457551
0 0.6424354243542436 0.942939729397294 0.1210578105781061 0.11393603936039336
1 0.1384440344403445 0.5515375153751539 0.11590405904059044 0.2060270602706027
1 0.48022140221402204 0.15596248462484627 0.13055350553505551 0.1750615006150062
0 0.12204182041820406 0.6243234932349322 0.11506765067650673 0.11089790897908984
0 0.1312669126691267 0.3179366543665436 0.12222632226322251 0.12162976629766295
0 0.3004735547355473 0.35471402214022146 0.1198400984009841 0.11327798277982784
0 0.12895141451414513 0.1821217712177122 0.12579950799507977 0.10970479704797043
0 0.29972939729397285 0.20043050430504314 0.1198400984009841 0.10731857318573187
0 0.12499692496924962 0.7668542435424355 0.10314268142681426 0.10374538745387453
0 0.12472632226322267 0.04850553505535056 0.12162976629766295 0.09701107011070112
0 0.3036039360393604 0.055759532595325935 0.12878228782287826 0.11151906519065187
0 0.4779981549815497 0.19028597785977858 0.12579950799508008 0.12162976629766295
0 0.4575461254612546 0.925307503075031 0.11948339483394847 0.12448954489544904
0 0.2922601476014761 0.7579428044280443 0.11208487084870848 0.1144710947109471
