1 0.8376573426573427 0.39269548633185 0.1405149396058487 0.25089637635092166
0 0.23282898919262554 0.7770820089001907 0.07469802924348376 0.07839796567069295
0 0.3973808010171646 0.8876446280991735 0.0902225047679592 0.09096630642085209
0 0.8277336300063572 0.749631277813096 0.08813095994914162 0.08998092816274625
0 0.8269961856325493 0.6231023521932612 0.09910362364907807 0.0902225047679593
0 0.9623998728544183 0.08994596312778132 0.07392879847425304 0.10427844882390334
0 0.6880324221233313 0.8880165289256198 0.09466624284806095 0.10205975842339483
1 0.9570311506675143 0.38961538461538453 0.08466624284806108 0.2509027336300062
1 0.30541004450095355 0.7327177368086458 0.19296884933248562 0.14313413858868398
1 0.7245677050222504 0.7165352828989193 0.14174825174825167 0.15223140495867776
0 0.8110330578512396 0.09741258741258743 0.08268912905276533 0.08114431023521924
0 0.5359218054672601 0.8813159567705022 0.08645263827082006 0.08602670057215496
0 0.9601430387794023 0.7503051493960585 0.07844246662428489 0.08874761602034348
1 0.9658137317228226 0.7162269548633184 0.06710108073744436 0.15038143674507332
1 0.8516815003178639 0.08817546090273368 0.14057851239669408 0.11182453909726645
1 0.6926350921805465 0.3998092816274635 0.14696122059758424 0.2440940877304514
0 0.6835791481246027 0.7601907183725366 0.0873108709472345 0.08345835982199645
