0 0.7196005747126437 0.023626436781609205 0.08456896551724166 0.04725287356321841
0 0.2923591954022988 0.25460632183908044 0.10816666666666676 0.10978735632183904
0 0.4329252873563218 0.11652298850574713 0.09987356321839065 0.09649425287356328
0 0.4326982758620689 0.25162931034482755 0.09987931034482753 0.10084482758620694
0 0.575396551724138 0.12514367816091954 0.09355172413793081 0.09614942528735644
0 0.7356925287356322 0.25909482758620683 0.10506321839080479 0.10313218390804599
0 0.5804339080459769 0.02810344827586206 0.09684482758620708 0.05620689655172412
0 0.14412068965517238 0.2552643678160919 0.106862068965517 0.1013333333333333
0 0.2956925287356321 0.12814655172413794 0.10150000000000012 0.0964655172413794
0 0.1490804597701149 0.12847413793103446 0.08245977011494254 0.0796724137931034
0 0.718905172413793 0.1366724137931034 0.09150000000000001 0.0928850574712643
0 0.5868362068965517 0.25210344827586206 0.09815517241379312 0.08817241379310338
