0 0.07868070362473349 0.03572761194029849 0.09146588486140726 0.07145522388059698
1 0.5814925373134328 0.36018123667377405 0.13084221748400846 0.15571428571428578
0 0.4181023454157783 0.6505890191897654 0.0946588486140724 0.09197761194029865
1 0.8659781449893389 0.8198933901918977 0.0901119402985074 0.20910447761194031
1 0.571521855010661 0.12010394456289974 0.1362526652452026 0.12948294243070366
1 0.8510207889125799 0.3577105543710021 0.0960714285714285 0.15850213219616188
1 0.8580170575692962 0.5994802771855011 0.09681236673773996 0.1733848614072496
1 0.16965884861407252 0.37169509594882727 0.17798507462686566 0.14251599147121546
0 0.6893949893390192 0.02879797441364604 0.09859808102345416 0.05759594882729208
1 0.44044243070362465 0.37009861407249467 0.1607356076759061 0.15336353944562892
0 0.8402691897654585 0.40644989339019194 0.08483475479744139 0.08482942430703633
0 0.2703144989339019 0.7894429637526653 0.09733475479744133 0.09465351812366744
0 0.5295175906183369 0.1574600213219616 0.08036780383795301 0.07367270788912582
0 0.4253358208955224 0.8932062899786782 0.08304904051172705 0.07500533049040514
1 0.30262526652452026 0.24518123667377398 0.17363006396588487 0.1271215351812367
1 0.14132462686567163 0.03387260127931767 0.19029317697228146 0.06774520255863534
0 0.845405117270789 0.6605010660980809 0.07888059701492538 0.07515991471215347
0 0.39891791044776115 0.5331023454157782 0.08557569296375266 0.07962686567164184
0 0.11752931769722816 0.6593390191897655 0.09554904051172708 0.09019189765458425
0 0.5652345415778252 0.7739818763326226 0.09152452025586355 0.08482942430703619
0 0.10587686567164181 0.4127025586353945 0.08780916844349682 0.08185501066098093
0 0.13459754797441364 0.9016737739872067 0.08334221748400851 0.07813432835820883
0 0.39933368869936037 0.40838752665245204 0.09818763326226018 0.08474946695095947
0 0.5491657782515992 0.39504797441364603 0.09103944562899798 0.09567164179104473
0 0.5436060767590618 0.54352078891258 0.0837153518123667 0.08247867803837955
0 0.7077905117270789 0.7670735607675906 0.07699893390191903 0.07337953091684465
0 0.9674200426439231 0.13388059701492536 0.06409381663112998 0.0950852878464818
1 0.18577558635394456 0.5847627931769723 0.19133795309168442 0.2069243070362474
0 0.38038912579957357 0.03202292110874203 0.09178038379530924 0.06404584221748406
0 0.7083768656716417 0.6487953091684435 0.08355543710021317 0.08359275053304914
0 0.8567137526652452 0.9017484008528783 0.08780916844349693 0.08260127931769701
0 0.24533848614072495 0.2745442430703625 0.09921641791044784 0.08164712153518124
0 0.5782569296375266 0.8826252665245203 0.08929637526652447 0.0930223880597013
1 0.7410714285714285 0.577542643923241 0.123230277185501 0.20038379530916836
0 0.836412579957356 0.03206023454157782 0.10180170575692961 0.06412046908315563
