0 0.61603441040705 0.035421737305916925 0.09912715065044057 0.07084347461183385
0 0.2470394460763743 0.4812400335711288 0.17978598405371374 0.17006714225765832
0 0.06642677297524133 0.47698489299202695 0.13285354595048265 0.16399076793957212
0 0.61389634913974 0.48305916911456154 0.17006714225765845 0.1567016365925304
0 0.7827465379773395 0.4873122114981117 0.14091061686949244 0.160348300461603
0 0.07007133864876207 0.15021821233738986 0.14014267729752414 0.15670163659253047
0 0.07128409567771711 0.3148174569869912 0.14256819135543422 0.15305916911456144
0 0.24582459085186736 0.3148174569869912 0.17006294586655465 0.15305916911456144
0 0.24339488040285354 0.15264582459085183 0.17006294586655465 0.15913134704154425
0 0.4262169534200588 0.31785354595048265 0.16399076793957193 0.15670583298363408
0 0.6157175828787242 0.16600923206042803 0.1737096097356272 0.15427612253462028
0 0.6126793957196812 0.32331934536298784 0.17006714225765845 0.14334032731850602
0 0.7882144355853965 0.32271296684851025 0.14698699118757866 0.1518464120856064
0 0.7876059588753673 0.19334032731850606 0.0898908938313052 0.08503566932438096
0 0.7836697440201427 0.04489718841796055 0.09328997062526244 0.0897943768359211
0 0.42871800251783465 0.04125262274443978 0.10932857742341595 0.08250524548887957
1 0.07189257238774652 0.8400188837599665 0.14378514477549303 0.31912295425933684
