1 0.30076946658491727 0.0357265481299816 0.18402820355610056 0.0714530962599632
0 0.9039117106069895 0.899095646842428 0.10461066830165565 0.09866952789699561
1 0.30408645003065615 0.2718117719190681 0.17481912936848562 0.14478847332924594
1 0.15722256284488048 0.26924586143470264 0.1940772532188841 0.14051502145922753
1 0.4622256284488045 0.3943991416309014 0.17888412017167374 0.20543838136112824
1 0.46864500306560386 0.6597455548743103 0.1540649908031884 0.19515021459227463
0 0.737145922746781 0.19146842427958308 0.1052789699570815 0.10014101778050284
0 0.2628816676885346 0.5745769466584917 0.09415082771305941 0.08388105456774986
0 0.25278050275904357 0.4419129368485592 0.09586143470263654 0.0873083997547518
0 0.744077253218884 0.45509196811771924 0.11126916002452478 0.10356223175965654
0 0.2517535254445125 0.3063366033108522 0.09757204169221327 0.09244022072348249
1 0.7469926425505825 0.6823237277743716 0.11844880441446966 0.2132311465358676
1 0.7501655426118945 0.41842427958307793 0.11174739423666487 0.17713059472716133
0 0.08835683629675047 0.17435009196811774 0.1035683629675045 0.0924402207234825
0 0.27212446351931324 0.7113549969343961 0.10099938687921506 0.09415082771305945
0 0.74271612507664 0.739083384426732 0.1061189454322502 0.10012875536480682
0 0.271354996934396 0.8447057020232984 0.10356836296750463 0.09244022072348267
0 0.7441661557326793 0.8890465971796444 0.10699570815450643 0.09671980380134898
0 0.5837676272225628 0.7346351931330473 0.09158185162477002 0.08987124463519305
0 0.41258430410790936 0.8720999386879215 0.11383813611281426 0.10185775597792784
0 0.5841937461679951 0.6089883507050889 0.10613120784794601 0.09843041079092604
0 0.577173513182097 0.3229399141630902 0.10613120784794601 0.10185775597792765
0 0.4349202942979766 0.72 0.1009993868792152 0.08730839975475176
0 0.9081146535867566 0.048672593500919674 0.11293071735131832 0.09734518700183935
0 0.9040404659717964 0.18518700183936235 0.11293684855916628 0.10580012262415697
0 0.9012538320049049 0.3502820355610055 0.10877375843041087 0.10698957694665848
0 0.905134886572655 0.4813274064990804 0.11768853464132416 0.10758430410790937
0 0.9013182096873082 0.7468822808093195 0.10817903126916006 0.11293071735131822
1 0.6239944819129369 0.5429092581238504 0.14635806253832015 0.2028510116492949
0 0.5760790925812385 0.17811771919068056 0.09928264868179056 0.09329245861434692
0 0.41317903126916017 0.04228080931943595 0.11297976701410176 0.0845616186388719
0 0.24593500919681183 0.03590435315757201 0.09928877988963827 0.07180870631514402
0 0.09315450643776821 0.03582158185162474 0.09671980380134887 0.07164316370324948
0 0.09614653586756594 0.3057357449417536 0.09586143470263636 0.08816063764561637
0 0.09299509503372161 0.4579705702023299 0.09586143470263635 0.08559166155732674
0 0.10607602697731454 0.7186327406499081 0.09757204169221327 0.09500919681177182
0 0.12525137952176582 0.8364071122011036 0.09244022072348251 0.0864500306560392
0 0.41271612507664 0.4623175965665236 0.10356836296750463 0.09500919681177192
0 0.5605303494788473 0.055735744941753505 0.10356223175965668 0.09671980380134887
0 0.09897302268546901 0.5791140404659717 0.09244022072348253 0.0830226854690374
1 0.9138779889638258 0.6860208461066831 0.11721030042918464 0.21692213366033128
0 0.7415144083384428 0.05007050889025136 0.11126916002452487 0.10014101778050272
