1 0.9629780174201575 0.3885586893405226 0.07321443384487761 0.17812940688510995
1 0.571520116134384 0.40484446287847364 0.08403566984653668 0.19059311489008712
1 0.6634155951887183 0.7318581501451679 0.10952716715055989 0.32714226462048945
1 0.5273454997926171 0.7526068021567814 0.10470344255495642 0.3367938614682704
1 0.3712525922853588 0.7832476150974698 0.10905018664454591 0.3150808793031937
1 0.2339796764827872 0.7682890916632104 0.11145997511406056 0.3401700539195355
1 0.8875673994193282 0.39298009124844463 0.10172957279137285 0.1797386976358358
1 0.3495624222314393 0.41549771878888425 0.10092492741601002 0.1918000829531315
1 0.7826192451265036 0.394187059311489 0.1041435089174616 0.18536291995022805
1 0.4611447532144338 0.41147863956864367 0.09730402322687674 0.19099543757776852
1 0.6778743260058067 0.40303193695562006 0.09167565325591039 0.18295313148071332
1 0.8076939029448361 0.7277561177934466 0.09120696806304451 0.31508087930319356
