1 0.18599706744868041 0.6950397989107667 0.13597402597402602 0.16619187264348553
1 0.27615835777126096 0.6909007121910348 0.138902387934646 0.17253456221198155
1 0.3616925010473398 0.6848051948051949 0.14620863007959786 0.16619187264348553
1 0.4440552995391706 0.6894260578131546 0.14523669878508605 0.15009635525764545
1 0.5225219941348973 0.6774926686217008 0.15498114788437367 0.16229157938835356
1 0.5980624214495183 0.6750565563468789 0.16375785504817766 0.1583912861332216
1 0.6731168831168831 0.6701843317972349 0.16278173439463772 0.15449518223711772
1 0.8227377461248429 0.9019773774612484 0.0766108085462927 0.19520737327188928
1 0.7592836196062004 0.9046103896103895 0.09123586091328036 0.18994134897360707
1 0.635297444490993 0.9104587348135734 0.0853833263510683 0.17824465856723917
1 0.5437704231252618 0.908118977796397 0.08831168831168842 0.1829241726015919
1 0.4156891495601173 0.9066568914956011 0.08248847926267264 0.18584834520318386
1 0.33352115626309176 0.9092878089652283 0.0736866359447004 0.18058651026392955
