1 0.9433574575204532 0.16559156702328506 0.11202643171806152 0.19767778477029588
1 0.746079295154185 0.17584329767149154 0.15235997482693509 0.17717432347388296
1 0.8397923222152298 0.17254877281309003 0.1362492133417244 0.1705852737570799
0 0.9108432976714916 0.23258023914411582 0.0922466960352423 0.08639395846444306
0 0.8039521711768408 0.23258023914411582 0.08639395846444309 0.07906859660163632
0 0.6944996853366898 0.23477658904971685 0.08419131529263674 0.07760855884203896
1 0.6429893014474511 0.17291063561988673 0.174826935179358 0.17395217117684084
1 0.5415166771554436 0.16720264317180616 0.18625550660792953 0.17132158590308372
0 0.5841283826305853 0.22909691629955944 0.0922466960352423 0.09146003775959732
0 0.46947451227186915 0.22782252989301446 0.10366897419760863 0.10279421019509136
