1 0.41827564505978604 0.37963184392699817 0.1749150409062303 0.25653241032095664
0 0.43580553807426053 0.7336060415355569 0.0951730648206419 0.09700440528634362
0 0.29182190056639395 0.6063971050975456 0.10249842668344866 0.09883574575204547
1 0.27902769037130265 0.3831466331025801 0.12132787916928882 0.2512649465072371
0 0.5864977973568283 0.8595909376966646 0.09517306482064214 0.09640025173064792
1 0.37469477658904976 0.07111705475141598 0.16675896790434233 0.11845814977973557
1 0.41827564505978604 0.37963184392699817 0.1749150409062303 0.25653241032095664
0 0.42696035242290753 0.07713656387665195 0.10677155443675258 0.10188797986154823
1 0.05378225298930147 0.7438609188168658 0.10756450597860294 0.4053429830081813
0 0.43122718691000633 0.5975519194461926 0.09700440528634342 0.10188797986154824
