0 0.8945647193585339 0.26145761741122564 0.12324169530355093 0.12038373424971352
0 0.7423825887743413 0.12949599083619695 0.10481099656357389 0.11282932416953033
0 0.5928465063001146 0.11896620847651776 0.11192439862542959 0.11474799541809858
0 0.7435624284077892 0.25431844215349375 0.11654066437571586 0.11988545246277205
0 0.14213058419243985 0.25052691867124854 0.10922107674684997 0.11552119129438718
0 0.2914662084765178 0.24037800687285227 0.14215349369988536 0.14112256586483396
0 0.29579037800687286 0.10154639175257729 0.13820160366552103 0.12485681557846506
0 0.5942268041237113 0.2458161512027492 0.12162657502863669 0.1277262313860252
0 0.8892439862542956 0.12347079037800683 0.10483390607101942 0.0953951890034364
0 0.15025773195876296 0.12139461626575032 0.11620847651775493 0.11116265750286364
