0 0.5018967701076631 0.7680177327422419 0.09577580747308433 0.09761874604179863
0 0.6535433818872705 0.8948005066497785 0.09577580747308452 0.09701076630778953
1 0.4842558581380622 0.4118017732742243 0.17602279924002548 0.25815706143128575
1 0.4842558581380622 0.4118017732742243 0.17602279924002548 0.25815706143128575
0 0.49299556681443957 0.10739075364154523 0.10744775174160862 0.10253324889170363
1 0.13892020265991134 0.7367131095630146 0.11101329955668145 0.4027485750474983
0 0.3570012666244458 0.6400031665611147 0.10314756174794171 0.09946168461051311
1 0.039423685877137425 0.7618682710576314 0.07884737175427485 0.38048131728942375
0 0.49728942368587714 0.631101963267891 0.09761874604179853 0.10253324889170376
1 0.3441260291323623 0.4153388220392653 0.12209626345788469 0.2528562381253957
0 0.36238125395820125 0.9137112096263458 0.08929702343255226 0.09283090563647871
1 0.44039898670044336 0.10133312222925903 0.1678150728309056 0.1192083597213425
1 0.7437840405319822 0.7411336288790373 0.18831538948701687 0.13261557948068373
0 0.8044363521215958 0.7766719442685243 0.09990500316656106 0.09990500316656106
