0 0.7016587677725119 0.962026066350711 0.1114928909952605 0.07476303317535538
0 0.5539040284360188 0.19988744075829384 0.09809241706161159 0.08920616113744079
1 0.6106990521327013 0.9666469194312798 0.23286729857819874 0.06552132701421791
1 0.6130035545023697 0.8540521327014218 0.2402251184834123 0.09068720379146933
0 0.7001332938388627 0.7185396919431281 0.1031101895734599 0.09098933649289105
1 0.6105065165876775 0.7336789099526067 0.23799170616113707 0.07991706161137445
1 0.6090639810426539 0.606931279620853 0.24751184834123233 0.09111374407582944
0 0.6958264218009478 0.33157582938388624 0.09402251184834136 0.08649289099526071
0 0.6989099526066349 0.21027251184834123 0.09476303317535552 0.0837559241706161
0 0.7109626777251186 0.8555005924170617 0.08717417061611403 0.07717417061611367
0 0.7010159952606636 0.6036404028436019 0.09431872037914704 0.08917654028436027
0 0.6998104265402845 0.4654620853080569 0.1048341232227488 0.09964454976303322
