0 0.970925729442971 0.5473315649867374 0.057087533156498664 0.08146419098143236
0 0.7044111405835544 0.768185676392573 0.07663129973474803 0.07302917771883316
0 0.3970132625994695 0.5353315649867373 0.08516710875331567 0.07924668435013273
1 0.5687931034482759 0.12430503978779839 0.1356021220159151 0.12886472148541114
1 0.7031830238726791 0.48623607427055704 0.09981962864721466 0.1673899204244033
0 0.7122228116710876 0.8923819628647214 0.0853156498673739 0.08176127320954893
0 0.832419098143236 0.0342944297082228 0.10131564986737401 0.0685888594164456
0 0.2690238726790451 0.790448275862069 0.0968700265251989 0.0942015915119364
1 0.8469575596816977 0.3607771883289124 0.09561273209549065 0.1577453580901855
0 0.9677612732095491 0.2668461538461539 0.06341644562334225 0.09411671087533162
0 0.5410106100795755 0.5457002652519894 0.0833156498673739 0.08208488063660471
0 0.5754960212201591 0.8831856763925731 0.08887002652519889 0.09257824933686991
0 0.7049946949602122 0.6504721485411141 0.08315649867373998 0.0831936339522548
0 0.24416710875331565 0.2780079575596817 0.09874270557029181 0.08125729442970822
1 0.43833952254641906 0.37310610079575596 0.15996816976127312 0.15263129973474793
0 0.37857294429708227 0.03425729442970824 0.09134217506631306 0.06851458885941648
0 0.5465437665782493 0.39793633952254637 0.0906047745358091 0.09521485411140578
0 0.42330503978779843 0.8937161803713529 0.08265251989389923 0.07464721485411131
1 0.1406498673740053 0.03609814323607424 0.18938461538461537 0.07219628647214849
0 0.07830503978779842 0.0379442970822281 0.0910291777188329 0.0758885941644562
0 0.8362572944297083 0.40928381962864735 0.08442970822281176 0.08442440318302395
1 0.8539204244031829 0.6013925729442972 0.09635013262599489 0.172557029177719
0 0.6902042440318302 0.5443872679045092 0.08062068965517243 0.07934217506631298
0 0.13395490716180372 0.9021432360742706 0.0829442970822281 0.07776127320954909
0 0.3974270557029178 0.41121220159151195 0.09771883289124672 0.08434482758620684
0 0.5625358090185677 0.7750610079575597 0.0910875331564986 0.08442440318302372
0 0.4249363395225464 0.7660981432360744 0.08664721485411135 0.08442970822281166
0 0.416106100795756 0.6522572944297083 0.09420689655172403 0.09153846153846161
0 0.5269893899204243 0.16148275862068964 0.07998408488063649 0.0733209549071618
0 0.9651883289124669 0.13801591511936337 0.06856233421750664 0.09463129973474795
1 0.86184350132626 0.8207533156498673 0.08968169761273204 0.20810610079575598
0 0.1053713527851459 0.4155066312997348 0.08738992042440319 0.08146419098143245
1 0.16884880636604774 0.3746949602122016 0.17713527851458888 0.14183554376657834
0 0.8526233421750663 0.9022175066312995 0.0873899204244032 0.08220689655172408
0 0.11696816976127321 0.6609655172413793 0.09509283819628649 0.08976127320954899
1 0.5823607427055704 0.3661671087533156 0.1370079575596818 0.16416445623342166
0 0.6861034482758621 0.031047745358090174 0.09812732095490713 0.06209549071618035
0 0.841368700265252 0.6621220159151193 0.07850397877984082 0.07480106100795755
1 0.18488859416445624 0.5867453580901859 0.1904244031830239 0.20593633952254642
1 0.30118037135278514 0.24878514588859416 0.1728010610079576 0.12651458885941647
