1 0.15416359163591642 0.810990159901599 0.19675276752767534 0.11590405904059041
1 0.15416359163591634 0.939529520295203 0.1938868388683887 0.1197109471094711
1 0.30405289052890533 0.9423892988929888 0.18458794587945887 0.11399138991389908
0 0.4118788437884378 0.8363253382533825 0.09658671586715854 0.09062115621156208
0 0.4158394833948339 0.9659471094710949 0.11332718327183267 0.06687576875768754
0 0.24076260762607618 0.964649446494465 0.09959409594095926 0.06947109471094717
0 0.08948031980319797 0.9667958179581796 0.09701722017220173 0.06517835178351786
0 0.09112238622386229 0.832730627306273 0.09897293972939734 0.08943419434194345
0 0.5677952029520297 0.8541789667896678 0.09122386223862235 0.08466789667896675
0 0.9193327183271833 0.8365836408364086 0.11208487084870848 0.10314268142681436
0 0.7514544895448955 0.837810578105781 0.11268757687576873 0.09837638376383757
