1 0.7186286254728876 0.745970996216898 0.1405863808322825 0.15098360655737705
0 0.8043852459016394 0.13192307692307692 0.08201134930643125 0.08047919293820924
0 0.8209489281210592 0.7787957124842372 0.08740857503152567 0.08924337957124837
0 0.5315290037831021 0.9094010088272384 0.08574401008827234 0.08532156368221927
0 0.3941235813366961 0.9156778058007565 0.08948297604035296 0.09022068095838595
0 0.23092055485498109 0.8060214375788146 0.07408575031525852 0.07775535939470374
1 0.9619955863808323 0.7456651954602774 0.07474779319041615 0.14914880201765462
1 0.8307912988650694 0.42478562421185373 0.13936317780580088 0.24883984867591416
1 0.6869577553593946 0.4318411097099622 0.14575662042875162 0.24209331651954596
1 0.8447005044136192 0.12276166456494329 0.13942622950819666 0.11090794451450198
0 0.6779760403530896 0.7892686002522067 0.08659520807061788 0.08277427490542269
0 0.8202175283732661 0.6533039092055485 0.09829129886506917 0.0894829760403531
0 0.9563713745271121 0.7794640605296344 0.08599621689785633 0.08802017654476695
0 0.958609709962169 0.12451765447667089 0.08151954602774263 0.10342370744010088
1 0.3029066834804539 0.7620208070617905 0.19138713745271116 0.14196090794451446
1 0.9532849936948296 0.4217307692307692 0.09216897856242125 0.24884615384615372
0 0.6823928121059268 0.9160466582597729 0.09389029003783098 0.10122320302648173
