0 0.17652150537634417 0.3906102150537634 0.09194623655913975 0.0969408602150537
0 0.038067204301075304 0.5044435483870968 0.07613440860215061 0.08943548387096764
0 0.17151612903225805 0.5063198924731181 0.0894408602150536 0.09694086021505374
1 0.6944247311827956 0.6878870967741935 0.1852043010752689 0.2007849462365591
0 0.32444086021505375 0.37559946236559144 0.09131182795698933 0.09069354838709681
0 0.4693252688172043 0.12590860215053762 0.08912365591397846 0.0896451612903226
0 0.3265134408602151 0.12199999999999998 0.09225268817204309 0.09017204301075271
0 0.1810940860215054 0.13059946236559145 0.0943387096774195 0.08547849462365593
0 0.03986021505376349 0.13086290322580643 0.07972043010752698 0.09746774193548385
0 0.16745161290322583 0.8747096774193548 0.10007526881720445 0.10569892473118306
0 0.17026612903225802 0.7508709677419356 0.09069354838709681 0.08944086021505393
0 0.31412096774193554 0.7471182795698926 0.0894354838709677 0.09694623655913992
0 0.4551612903225807 0.7408629032258064 0.08255913978494615 0.08318817204301086
0 0.3138064516129031 0.6254677419354839 0.08631182795698916 0.09506451612903233
0 0.4654784946236558 0.3799811827956989 0.09068817204301091 0.0956935483870969
1 0.03868010752688169 0.46551344086021507 0.07736021505376338 0.15311290322580637
0 0.32068817204301076 0.24738440860215055 0.08255913978494644 0.08818817204301084
0 0.47830107526881716 0.2617661290322581 0.10132258064516139 0.09194086021505375
0 0.03872580645161289 0.26120430107526876 0.07745161290322577 0.08819354838709675
0 0.17514516129032257 0.25588978494623654 0.08693548387096765 0.08443548387096775
1 0.14794354838709686 0.6930645161290322 0.13239247311827956 0.19274193548387097
0 0.7614247311827957 0.7590026881720431 0.11153763440860166 0.1024569892473119
0 0.6310806451612904 0.24347043010752686 0.09726881720430139 0.09079032258064508
