0 0.8282282184655397 0.5978413524057217 0.08635240572171647 0.08131339401820532
1 0.8709655396618986 0.8721001300390115 0.13804291287386208 0.11093628088426512
1 0.8618270481144342 0.6155559167750325 0.13993498049414824 0.1222821846553965
0 0.9637418725617685 0.5855526657997399 0.07121586475942776 0.08698309492847858
0 0.6809427828348505 0.5981566970091027 0.09087126137841357 0.08982444733420021
0 0.6933355006501951 0.7359915474642393 0.0840442132639791 0.07826397919375824
0 0.9731176853055915 0.8605331599479843 0.052464239271781565 0.0824707412223669
0 0.6735890767230168 0.45160598179453837 0.09087126137841339 0.08561768530559155
0 0.8310663198959687 0.46137516254876454 0.08950585175552664 0.07815994798439534
0 0.9667652795838751 0.44519830949284794 0.06516905071521438 0.07669050715214569
0 0.8321131339401822 0.8647366710013004 0.08141742522756831 0.07511703511053314
0 0.8286605981794537 0.7270156046814044 0.08141742522756823 0.08535760728218462
0 0.9716482444733419 0.7207574772431729 0.05540312093628087 0.08089076723016912
