0 0.7340542718968299 0.8870768404083825 0.08555077915099414 0.08684578183772186
0 0.7340891993551856 0.7716066630843632 0.08655561526061256 0.0787318645889307
0 0.6079983879634604 0.7718968296614722 0.10630306286942467 0.09940891993551855
0 0.7269290703922623 0.539661472326706 0.0730736163353039 0.07090811391724874
0 0.7364615797958086 0.41908382590005366 0.09763030628694218 0.09401934443847397
0 0.7346560988715746 0.3070526598602902 0.10414293390650214 0.09465341214400856
0 0.5989172487909725 0.17836378291241267 0.09939279957012344 0.0937829124126814
1 0.5271359484148308 0.8727565824825363 0.20601826974744739 0.09360558839333712
0 0.7361364857603437 0.657009672219237 0.09355185384202071 0.08576571735626004
0 0.4745137023105857 0.6414347125201505 0.10485760343901115 0.0926491133799034
0 0.5986109618484685 0.28931757119828044 0.101252015045674 0.09315421816227837
0 0.46569586243954864 0.17697474476088126 0.112993014508329 0.09344438473938743
0 0.7243981730252552 0.18854648038688876 0.09220311660397594 0.07911337990327785
0 0.6045432563138098 0.647178936055884 0.10063944116066627 0.092530897367007
1 0.5250779150994089 0.7691160666308436 0.23184309511015586 0.08567974207415369
0 0.4669236969371305 0.284218162278345 0.11021493820526607 0.08981192907039226
0 0.4774932831810854 0.5217759269210103 0.11207415368081682 0.10529285330467483
0 0.5998441698011822 0.40871305749596987 0.0925416442772705 0.08939817302525521
0 0.6064293390650186 0.8784927458355722 0.10191832348199868 0.09502955400322417
0 0.6007845244492209 0.5231031703385277 0.1006555615260613 0.09189145620634065
0 0.4696668457818377 0.4051450832885546 0.0975389575497045 0.09467490596453529
