0 0.8143757159221077 0.38344788087056125 0.12898052691867126 0.11294387170675828
0 0.9624398625429551 0.14797250859106528 0.07397479954180983 0.10153493699885452
0 0.36426116838487976 0.38596792668957614 0.10721649484536082 0.10492554410080183
0 0.9518613974799542 0.5410996563573883 0.09513172966781194 0.12939289805269188
0 0.9576317296678121 0.6700315005727377 0.08359106529209613 0.11320160366552114
0 0.49799541809851083 0.5109965635738831 0.10790378006872851 0.11191294387170674
0 0.946082474226804 0.9131099656357388 0.10668957617411223 0.13390607101947308
0 0.806930126002291 0.7846506300114547 0.11615120274914086 0.11351660939289793
0 0.9530927835051546 0.7883447880870561 0.09266895761741117 0.11093928980526921
0 0.8076174112256588 0.6566151202749141 0.12096219931271482 0.1152920962199312
0 0.955426689576174 0.40034650630011454 0.08800114547537231 0.11979954180985113
0 0.9586082474226805 0.2741294387170676 0.08163802978235947 0.10652920962199308
