0 0.29625071387778407 0.267158766419189 0.10752141633352374 0.09595088520845224
0 0.892881210736722 0.42155910908052535 0.09919474585950881 0.08266133637921184
0 0.8887492861222158 0.3025271273557967 0.09423186750428321 0.08596801827527124
0 0.8895745288406623 0.1661364934323244 0.09258138206738982 0.09092518560822385
0 0.4423472301541976 0.27683323814962874 0.09323814962878342 0.08971444888635063
0 0.5931524842946887 0.15440605368360938 0.10221587664191885 0.09921758994860082
0 0.2896287835522559 0.673709308966305 0.10293546544831537 0.1009423186750428
0 0.29324386065105656 0.5292318675042832 0.10427184466019439 0.09633923472301541
0 0.449363221016562 0.15328098229583095 0.1022672758423756 0.09572244431753282
0 0.13935465448315246 0.6693603655054255 0.10788121073672192 0.10422615648201027
0 0.2960536836093661 0.3953055396916048 0.10195316961736152 0.10292404340376916
0 0.5837178754997143 0.8061450599657338 0.11295259851513428 0.10318675042832677
0 0.44191033695031406 0.6716561964591663 0.11170188463735009 0.10949171901770417
0 0.2970445459737293 0.1473101085094232 0.10259851513420877 0.09498572244431754
0 0.44275271273557965 0.7945973729297545 0.11890348372358667 0.11427755568246742
0 0.43371787549971436 0.9298458023986292 0.11501998857795546 0.10788121073672167
0 0.2861279268989149 0.9340719588806398 0.10456881781838945 0.10062821245002858
0 0.4386093660765276 0.5342290119931468 0.1136664762992577 0.10591090805254143
0 0.7453997715591091 0.9386721873215305 0.1165105653912049 0.10586521987435735
0 0.5889834380354084 0.6798914905768134 0.1165162764134779 0.10315248429468872
0 0.7419360365505426 0.81368075385494 0.10356367789834393 0.10056539120502565
0 0.14364077669902905 0.5313792118789263 0.11386065105653906 0.10793260993717876
0 0.7462735579668761 0.6654654483152483 0.10130782410051394 0.09699600228440901
0 0.7363478012564248 0.5428840662478583 0.091667618503712 0.09125071387778405
0 0.14750142775556824 0.3950199885779555 0.10229011993146768 0.09845802398629354
0 0.7400199885779554 0.16630211307824103 0.09100513992004566 0.08007424328954882
0 0.595 0.5420616790405482 0.1198686464877212 0.11313535122786976
0 0.4390890919474586 0.4100314106225014 0.09649914334665899 0.09816676185037125
0 0.8908366647629925 0.942627070245574 0.09453455168475151 0.09512278697886938
0 0.8835179897201598 0.8075899486007996 0.10741290691033684 0.09125071387778415
0 0.7437064534551685 0.2939605939463164 0.09620788121073674 0.09020559680182756
0 0.8922729868646487 0.6805368360936608 0.09693889206167901 0.08998286693318111
0 0.5859537407195887 0.4198172472872644 0.10143346659051987 0.09822958309537408
0 0.8958709308966305 0.5492033123929184 0.11041690462592821 0.10284980011422042
0 0.595890919474586 0.28101085094231865 0.11502569960022871 0.10628212450028551
0 0.14649057681324956 0.2667732724157624 0.10098800685322681 0.09687035979440317
0 0.5863078241005141 0.9348372358652197 0.11162193032552814 0.10382638492290117
0 0.2879640205596802 0.7970245573957739 0.10091947458595091 0.0942889777270133
0 0.14661050828098232 0.14731296402055966 0.09927470017133076 0.08504283266704737
0 0.7449314677327241 0.4187892632781268 0.08872073101085118 0.07845802398629355
