0 0.40627679697351826 0.14559899117276165 0.08626103404791956 0.08810844892812107
1 0.07390605296343004 0.16882408575031524 0.08141866330390915 0.19584489281210585
1 0.4112042875157628 0.08100882723833545 0.11442622950819674 0.1620176544766709
0 0.9462799495586381 0.1311223203026482 0.09770491803278696 0.09418663303909215
0 0.3285435056746533 0.5469482976040352 0.0825220680958387 0.0788524590163935
0 0.6722730138713744 0.22054854981084487 0.0818600252206809 0.08361916771752828
0 0.7519293820933165 0.15277427490542242 0.07921815889029017 0.07658259773013873
0 0.7415447667087011 0.7914974779319042 0.09095838587641851 0.08068726355611629
0 0.40847414880201766 0.6350378310214375 0.08713745271122338 0.0845018915510719
0 0.5889186633039093 0.30232660781841103 0.08537831021437566 0.08625472887767965
0 0.49649747793190413 0.5426197982345523 0.08537831021437595 0.08274274905422452
0 0.8340573770491803 0.2244230769230769 0.08626103404791928 0.0906620428751576
0 0.669013240857503 0.8881021437578815 0.08186002522068099 0.07481715006305198
0 0.06055800756620427 0.24224779319041614 0.08141866330390914 0.07922446406052955
1 0.9181021437578816 0.0801576292559899 0.1268978562421185 0.1603152585119798
0 0.930438209331652 0.6380769230769231 0.08537831021437595 0.08899117276166447
1 0.7299558638083227 0.09796658259773014 0.12322824716267337 0.15550441361916778
1 0.6687074401008828 0.1753530895334174 0.10929382093316505 0.15476670870113482
0 0.6703373266078184 0.3934237074401009 0.08626103404791928 0.08361916771752856
1 0.5252742749054226 0.1775535939470366 0.11743379571248429 0.14450189155107193
1 0.5857881462799496 0.2501702395964691 0.08882723833543515 0.16356872635561168
1 0.5006998738965953 0.47498738965952086 0.10643127364438841 0.198045397225725
1 0.34116015132408567 0.470955233291299 0.12184110970996201 0.20758511979823463
1 0.4145113493064312 0.5516393442622952 0.09542875157629278 0.22958385876418655
1 0.7266551071878942 0.7133795712484238 0.11516393442622963 0.22298865069356866
1 0.5923865069356873 0.7423518284993695 0.10790037831021443 0.223720050441362
1 0.666141235813367 0.7977332912988652 0.10708701134930665 0.2347225725094578
1 0.9118631778058007 0.5729129886506936 0.12616015132408565 0.21491803278688523
1 0.9534174022698612 0.4852585119798234 0.0919041614123582 0.2024464060529634
0 0.7574779319041614 0.31112547288776793 0.08802017654476667 0.08626103404791924
