1 0.729866950505588 0.6817030335284726 0.18333155934007447 0.10630122405534852
0 0.47469132517296425 0.8202182011708355 0.08822245875465665 0.08873869079297507
0 0.33332357637040977 0.8163491218733369 0.09131985098456633 0.08926024481106977
0 0.189374667376264 0.8248616285258117 0.09338477913783942 0.08461415646620542
0 0.04451303885045242 0.825122405534859 0.08902607770090484 0.09648217136774895
0 0.4788318254390634 0.6971554018094731 0.08820117083555083 0.0903086748270357
0 0.6348110697179351 0.9365912719531666 0.09628525811601936 0.08987227248536443
0 0.3275572112825971 0.9404656732304417 0.08172432144757871 0.08729643427354979
0 0.4835763704097924 0.9543320915380521 0.10029803086748276 0.09027142096860025
0 0.043390101117615744 0.9541458222458753 0.08678020223523149 0.08730175625332623
0 0.18348589675359234 0.9488850452368283 0.08605641298563055 0.08358169238956885
0 0.33900212879191066 0.6904603512506653 0.09441724321447571 0.09338477913783905
0 0.18937732836615231 0.687879191059074 0.09029270888770617 0.08822245875465665
0 0.04373869079297496 0.6922671633847791 0.08747738158594992 0.09493347525279414
0 0.7935657264502396 0.6958648217136775 0.0936136242682281 0.08558807876530083
