0 0.7649973060344828 0.12872575431034486 0.09454202586206908 0.0856627155172414
0 0.03971982758620691 0.12454741379310343 0.07943965517241382 0.09610991379310337
1 0.6102693965517241 0.46436153017241383 0.101540948275862 0.15344288793103447
1 0.7317753232758621 0.6924030172413792 0.13267780172413796 0.19315732758620688
0 0.7553987068965518 0.5052559267241379 0.08963362068965502 0.09714978448275854
0 0.4661314655172414 0.2554741379310345 0.10029094827586202 0.10154094827586208
0 0.0420689655172414 0.37840247844827585 0.0841379310344828 0.09610452586206897
0 0.4659671336206895 0.12950969827586206 0.10655711206896551 0.10917025862068973
0 0.4699865301724138 0.7613227370689655 0.08670797413793119 0.08252693965517233
0 0.322645474137931 0.7636476293103447 0.08800646551724149 0.08198275862068954
0 0.17973329741379301 0.631640625 0.09928340517241381 0.09251616379310353
0 0.6115490301724139 0.5033755387931036 0.09652478448275874 0.08962823275862054
1 0.17779094827586203 0.8051427801724138 0.10150862068965509 0.22485452586206903
0 0.1791567887931035 0.882478448275862 0.09358297413793103 0.09098060344827602
1 0.32001346982758616 0.695199353448276 0.09627693965517244 0.18127155172413797
0 0.7541460129310344 0.750334051724138 0.09088900862068967 0.0896336206896553
0 0.7604148706896553 0.389296875 0.09214439655172423 0.09714978448275859
0 0.04076239224137929 0.255390625 0.08152478448275859 0.09558728448275867
0 0.8983108836206896 0.7465732758620691 0.08962823275862046 0.0971551724137933
0 0.040325969827586225 0.7812365301724137 0.08065193965517245 0.09213900862068965
1 0.31712553879310346 0.4586099137931034 0.11914331896551733 0.18413793103448278
0 0.46738685344827596 0.38051993534482753 0.09778017241379311 0.10342133620689646
0 0.7590355603448277 0.25428609913793104 0.0871228448275861 0.0846174568965517
0 0.319822198275862 0.5165490301724137 0.10292025862068967 0.09641702586206906
0 0.6138065732758621 0.2596120689655172 0.09464978448275876 0.08838362068965513
0 0.8979956896551723 0.6246605603448276 0.08649784482758612 0.09526939655172419
0 0.33002963362068954 0.9051454741379309 0.09657866379310344 0.08664870689655196
0 0.6135237068965518 0.12898976293103445 0.09976293103448286 0.09767780172413792
0 0.9086530172413793 0.3742537715517242 0.09150862068965537 0.09088900862068972
0 0.9048922413793103 0.2457623922413793 0.0827370689655174 0.08837823275862082
1 0.46161099137931033 0.5843615301724138 0.10289870689655153 0.1927963362068966
0 0.17528556034482765 0.37630926724137936 0.10289870689655188 0.09506465517241378
0 0.31448545258620686 0.12559267241379313 0.10342133620689642 0.10864224137931038
0 0.7513254310344827 0.8744396551724138 0.10029094827586231 0.10592672413793118
1 0.04376077586206898 0.478203125 0.08752155172413796 0.1797683189655172
1 0.04718211206896554 0.7048599137931033 0.09436422413793108 0.21120689655172412
0 0.045037715517241395 0.884520474137931 0.09007543103448279 0.08574353448275863
0 0.036990840517241365 0.5402586206896551 0.07398168103448273 0.0827370689655172
1 0.17916487068965517 0.5766891163793103 0.0957650862068967 0.17149245689655165
0 0.1698033405172414 0.12559267241379313 0.10760237068965532 0.10029094827586212
0 0.4681088362068965 0.6450161637931033 0.10506465517241384 0.09531250000000008
0 0.47074353448275863 0.8989628232758621 0.08950431034482773 0.08424030172413778
0 0.9107300646551726 0.12010775862068965 0.09245150862068965 0.09036637931034484
1 0.1737473060344827 0.34382273706896543 0.10478987068965502 0.14983297413793098
