0 0.7061635423400129 0.18196509372979963 0.08798319327731083 0.08572721396250801
0 0.8155817711700064 0.17970911441499676 0.09775694893341935 0.09926308985132512
0 0.5472559793148029 0.11023270846800255 0.07332255979314813 0.07833225597931469
0 0.6606496444731739 0.09798319327731088 0.08340659340659329 0.08403361344537816
0 0.7656173238526182 0.09171622495151907 0.08152553329023904 0.08153199741435044
0 0.9366515837104072 0.18271493212669682 0.09475113122171944 0.09625080801551383
0 0.3688946347769878 0.20038784744667099 0.09325145442792486 0.09400129282482228
0 0.4350840336134454 0.09018099547511318 0.09086619263089862 0.08711053652230122
0 0.8947123464770521 0.07103749191984485 0.08277957336780817 0.08278603749191994
0 0.14713316095669038 0.20429541047188104 0.08723335488041388 0.08347123464770516
0 0.03822882999353594 0.08142210730446027 0.07645765998707188 0.09656108597285075
0 0.3905268261150614 0.03155462184873953 0.09212023270846813 0.06310924369747906
1 0.20848093083387204 0.22059146735617327 0.10465416936005145 0.19677440206851982
1 0.8374499030381383 0.05600517129928894 0.19221073044602477 0.11201034259857788
0 0.08909179056237883 0.5140723981900452 0.08482870071105367 0.0813057530704588
0 0.02694893341952169 0.6011570782159017 0.05389786683904338 0.09123464770523591
1 0.13196509372979967 0.16701034259857792 0.10590820943762132 0.16105365223012286
0 0.16875242404654164 0.44800904977375566 0.09776341305753054 0.09274725274725273
1 0.6036360698125405 0.06868455074337426 0.18318681318681315 0.13736910148674852
1 0.13146412411118294 0.38440206851971565 0.1341111829347125 0.2017840982546864
0 0.030982546864899846 0.4344085326438269 0.06196509372979969 0.09211376858435683
1 0.34516483516483515 0.48314802844214594 0.09096315449256613 0.20011635423400123
0 0.2307950872656755 0.28476729153199737 0.09775048480930854 0.0996315449256625
1 0.4102553329023917 0.4634065934065935 0.15250808015513917 0.2138720103425986
1 0.5135811247575954 0.4588914027149322 0.1678474466709763 0.21025856496444734
1 0.6164511958629607 0.4602456367162249 0.17326438267614744 0.21296703296703293
1 0.7175210084033613 0.46430833872010346 0.18769877181641859 0.2228894634776987
1 0.8118228829993539 0.4543826761473821 0.15250161603102788 0.20484809308338717
0 0.861005171299289 0.5256722689075631 0.088435681965094 0.08392372333548792
0 0.778884938590821 0.5396574014221074 0.09745959922430476 0.09204912734324504
0 0.6742049127343245 0.5315384615384615 0.09204266321913346 0.090239172592114
0 0.5618584356819651 0.5261247575953459 0.09655462184873935 0.09745959922430514
0 0.4544699418228831 0.5374014221073045 0.09294764059469944 0.08753716871363933
0 0.35746283128636075 0.5495862960568841 0.08301874595992235 0.0776082740788623
0 0.21472527472527467 0.7963186813186814 0.09529411764705886 0.09095669036845497
0 0.1465029088558501 0.7329670329670329 0.08663219133807369 0.0812152553329024
1 0.19355203619909514 0.7080639948287007 0.08998707175177764 0.23932126696832567
1 0.12425016160310273 0.6820749838396898 0.10082094376212011 0.15268261150614085
0 0.47981577246283125 0.19850678733031676 0.09099547511312214 0.0887394957983193
0 0.5967517776341306 0.18685197155785394 0.09174531351001924 0.090989010989011
