0 0.1882971197574533 0.5581682668014148 0.08406265790803447 0.0828852956038404
1 0.18445679636179887 0.5201970692268821 0.09873673572511353 0.15236988377968683
0 0.6118393127842344 0.2013466397170288 0.08582112177867622 0.09229408792319342
0 0.32219807983830223 0.799944416371905 0.08166750884284987 0.08289034866093989
0 0.3203688731682668 0.92366851945427 0.092642748863062 0.09141990904497221
0 0.46847145022738756 0.796288529560384 0.08897928246589194 0.08776654876200085
0 0.46968418393127837 0.6841435068216271 0.0792167761495704 0.08289034866093979
0 0.6001187468418393 0.7877564426478019 0.08410813542193046 0.08045477513895892
0 0.32707427993936333 0.683534613441132 0.07923193532086899 0.0816725618999495
0 0.049762506316321266 0.08807731177362307 0.09020717534108134 0.08044972208185953
0 0.33438858009095507 0.5756594239514906 0.08410813542193019 0.08532592218292039
0 0.1900631632137443 0.33155381505811016 0.07935826174835763 0.07877210712481048
0 0.1918241536129359 0.20810763011622033 0.0911167256189996 0.08582617483577556
0 0.19300151591712988 0.08407276402223345 0.08758969176351682 0.07994946942900458
0 0.05951490651844364 0.22825922182920672 0.08532592218292073 0.07801414855987879
0 0.049762506316321384 0.3324759979787771 0.08776149570490162 0.07923193532086918
0 0.05768569984840832 0.4519353208691258 0.08898433552299137 0.08898433552299143
0 0.3392622536634663 0.46046740778170797 0.08898433552299138 0.0962961091460335
0 0.3331682668014148 0.3245553309752401 0.07679636179888835 0.08044972208185958
0 0.3367281455280445 0.08377716018191005 0.0822991409802933 0.08288529560384031
0 0.48927235977766553 0.08671551288529561 0.08406265790803417 0.08406265790803431
0 0.6147801920161697 0.08848155634158666 0.07994946942900467 0.08171298635674583
0 0.4731076301162204 0.19429257200606367 0.08112177867609906 0.09346639717028801
0 0.46693532086912587 0.31450480040424456 0.08171298635674593 0.08582617483577562
0 0.46899191510864074 0.43354219302678115 0.08582617483577562 0.08406265790803427
0 0.60566700353714 0.4441258211217787 0.08641232945932281 0.09463870641738256
0 0.6141915108640726 0.32244315310763005 0.09288024254674081 0.08993936331480545
0 0.3362152602324407 0.20814552804446687 0.08532592218292076 0.07923193532086908
0 0.18772107124810508 0.6813314805457301 0.08525517938352713 0.09403233956543716
