0 0.7916596002422773 0.7621380981223501 0.0916050878255603 0.0845548152634766
0 0.6535523924894003 0.7649545729860691 0.08878861296184133 0.0845548152634766
0 0.6419261053906723 0.640587522713507 0.09230769230769235 0.0866747425802545
0 0.4978285887341005 0.6451665657177468 0.0958267716535433 0.08455481526347669
0 0.49959115687462136 0.7656602059357965 0.09230163537250158 0.08456087219866747
0 0.3653603876438522 0.7663658388855239 0.09583282858873417 0.09723803755299816
0 0.7904633555420957 0.5041035735917626 0.07891580860084786 0.07821320411871581
0 0.21265293761356752 0.6454391278013326 0.0917504542701393 0.08497880072683223
1 0.2790430042398547 0.6140218049666869 0.21138703815869173 0.1352877044215627
1 0.8258328285887341 0.48754391278013326 0.14797092671108408 0.1204906117504542
1 0.692976983646275 0.6196608116293155 0.15226529376135672 0.12190187764990917
