0 0.7825174216027874 0.9489895470383276 0.10813588850174227 0.10011614401858294
0 0.04006968641114982 0.5505807200929153 0.08013937282229965 0.12555168408826947
0 0.6150522648083625 0.6854558652729384 0.11052264808362376 0.10013356562137032
0 0.7731155632984902 0.2978164924506388 0.0943147502903602 0.09739837398373984
0 0.036004645760743324 0.6791840882694542 0.07200929152148665 0.1166608594657376
0 0.1621312427409988 0.5390737514518001 0.11329849012775825 0.10772938443670144
0 0.611114982578397 0.8184436701509872 0.1134030197444833 0.10236933797909402
0 0.4677497096399536 0.5380516840882695 0.10170150987224158 0.09869337979094074
0 0.9247154471544716 0.8264285714285714 0.09960511033681758 0.09859465737514511
0 0.46935830429732867 0.15867886178861787 0.11281649245063878 0.10296747967479673
0 0.3148083623693379 0.9272648083623692 0.14761904761904746 0.12909407665505243
0 0.9284959349593496 0.5517131242740999 0.11088269454123123 0.10272938443670149
0 0.17307491289198607 0.1498925667828107 0.10375725900116135 0.09928571428571431
0 0.1621312427409988 0.9436382113821139 0.11891986062717769 0.10993612078977932
0 0.3184552845528456 0.3891289198606272 0.12684088269454127 0.1240301974448317
0 0.45978513356562134 0.9444541231126597 0.12212543554006985 0.10993031358885007
0 0.16663763066202092 0.818437862950058 0.12235772357723593 0.12851335656213697
0 0.468321718931475 0.8077235772357724 0.12038327526132384 0.11672473867595819
0 0.16444250871080135 0.3983420441347271 0.10472706155632978 0.10134146341463421
0 0.9243757259001162 0.6888501742160278 0.09811265969802538 0.09221835075493608
0 0.768060394889663 0.16536004645760743 0.1020905923344949 0.09262485481997677
0 0.16642276422764224 0.2722444831591173 0.1075261324041811 0.10022648083623693
0 0.6264285714285714 0.2894308943089431 0.10558652729384421 0.1005807200929152
0 0.16747677119628346 0.6887049941927991 0.10940185830429736 0.10772357723577236
0 0.035148083623693364 0.1356445993031359 0.07029616724738673 0.1043437862950058
0 0.6092334494773519 0.942711962833914 0.1140534262485483 0.11341463414634134
0 0.7769192799070848 0.6815360046457608 0.10250290360046481 0.09976190476190464
0 0.3243554006968641 0.14932926829268295 0.09586527293844364 0.08800813008130082
0 0.7760743321718931 0.42000290360046455 0.09372822299651577 0.09145760743321711
0 0.030926248548199767 0.26308652729384435 0.061852497096399534 0.0958710801393728
0 0.621396631823461 0.5543176538908245 0.12281649245063865 0.10646341463414637
0 0.4638124274099884 0.4145876887340302 0.09719512195121946 0.0856910569105691
0 0.7743699186991869 0.8112485481997678 0.09961091753774694 0.09678281068524965
0 0.30946573751451795 0.5230545876887341 0.12229965156794419 0.12183507549361217
0 0.3181910569105691 0.2754210220673636 0.10371080139372807 0.09473286875725903
0 0.3179152148664344 0.7930894308943088 0.13919860627177721 0.1307781649245064
0 0.9241492450638793 0.9541666666666666 0.0961498257839724 0.09050522648083614
0 0.6170934959349593 0.42387340301974447 0.10128339140534275 0.1031939605110337
0 0.3114692218350754 0.6554878048780487 0.12514518002322883 0.13583042973286866
0 0.03439314750290362 0.40074041811846683 0.06878629500580724 0.11581300813008119
0 0.4666376306620209 0.28149535423925665 0.09480836236933793 0.09122531939605108
0 0.6196486643437862 0.1580081300813008 0.09245644599303127 0.09077816492450637
0 0.9247590011614403 0.42865853658536585 0.10086527293844377 0.08405342624854821
0 0.9205574912891985 0.3076219512195122 0.09581881533101055 0.0874157955865273
0 0.9213966318234611 0.16893437862950056 0.09414053426248539 0.09245644599303134
