1 0.30022755227552267 0.9448523985239853 0.18458794587945873 0.10906519065190648
0 0.08469557195571957 0.8354059040590406 0.09897293972939733 0.08943419434194336
1 0.141420664206642 0.9396771217712178 0.1938868388683887 0.11941574415744159
0 0.2379274292742927 0.9666051660516606 0.09068880688806874 0.06555965559655594
0 0.0899876998769988 0.9677675276752769 0.09701107011070109 0.0632349323493235
1 0.14782287822878232 0.8177060270602705 0.19675276752767518 0.1159040590405905
0 0.7400676506765067 0.8379704797047971 0.11268142681426829 0.09837638376383766
0 0.40756765067650685 0.9665221402214023 0.11332718327183275 0.06572570725707257
0 0.9125553505535057 0.8425030750307504 0.11208487084870848 0.103148831488315
0 0.5639452644526445 0.8464268142681427 0.09122386223862225 0.08466174661746613
0 0.40366851168511686 0.836549815498155 0.09658671586715849 0.09062730627306281
