0 0.20376807039597733 0.30317096165933377 0.10003142677561289 0.09698931489629165
1 0.582605279698303 0.2270961659333752 0.08774984286612193 0.16634820867379
1 0.5207699560025142 0.15581709616593337 0.12072281583909472 0.1506285355122565
1 0.6620741671904462 0.14806411062225014 0.10822124450031405 0.14989314896291647
1 0.7245945945945946 0.07421433060967948 0.1221118793211815 0.14842866121935896
0 0.4018573224387178 0.12125707102451286 0.08598994343180419 0.08783155248271529
0 0.5839252042740416 0.2774921433060968 0.08510999371464475 0.08598365807668132
0 0.6650879949717159 0.3683029541169076 0.08598994343180391 0.0833563796354496
0 0.7519547454431175 0.2862633563796354 0.0877435575109993 0.08598994343180381
0 0.6637680703959773 0.8614267756128221 0.08160276555625398 0.0745820238843497
0 0.8282935260842237 0.199833438089252 0.08598994343180381 0.09037712130735383
0 0.6657888120678819 0.19834066624764293 0.08774355751099958 0.0842363293526084
0 0.7460747957259586 0.12288183532369577 0.08861722187303571 0.08248271527341283
0 0.31963859208045253 0.5282589566310497 0.08510999371464494 0.08247642991829049
0 0.9401634192331867 0.106825895663105 0.0973978629792584 0.09389063482086744
0 0.5863796354494029 0.7993903205531113 0.08862350722815844 0.0877435575109993
0 0.7403708359522313 0.7634129478315524 0.08950345694531751 0.08950345694531751
0 0.28450974230043996 0.21506913890634824 0.0827718416090509 0.08327467001885608
0 0.503463230672533 0.19922061596480195 0.08423632935260843 0.0824764299182904
1 0.9492803268384664 0.46245128849780015 0.10018227529855413 0.20357008170961635
1 0.9053299811439345 0.5436140791954747 0.12810810810810816 0.2097045883092394
1 0.6600879949717158 0.7699937146448775 0.10617221873035824 0.23252042740414838
1 0.5894060339409176 0.7169107479572595 0.10362664990571972 0.22988686360779384
1 0.7223821495914519 0.6862005028284097 0.11845380263984925 0.22287240729101201
1 0.4143588937774985 0.5273821495914519 0.10801382778126951 0.2281395348837211
1 0.4990729101194217 0.4497297297297298 0.10704588309239467 0.19391577624135764
1 0.33758013827781275 0.4453425518541798 0.12292897548711505 0.2079572595851664
0 0.057225015713387783 0.21760213702074171 0.08116279069767436 0.07897548711502192
1 0.2257510999371465 0.22773727215587686 0.11845380263984921 0.20269013199245778
1 0.0694374607165305 0.1457259585166562 0.08554996857322433 0.1959648020113136
1 0.4090760527969831 0.06920804525455689 0.11845380263984916 0.13841609050911377
1 0.9139283469516029 0.06789126335637963 0.12722815839094911 0.13578252671275926
0 0.9243714644877435 0.6121873035826525 0.08510999371464503 0.08871150219987418
0 0.40404776869893144 0.6091577624135763 0.08686360779384052 0.08423632935260852
0 0.49179446888749206 0.5170301697045884 0.08510999371464513 0.08248271527341294
