1 0.12341467889908257 0.7140770642201835 0.09772844036697247 0.3042642201834862
1 0.9306788990825687 0.43379449541284404 0.07531009174311938 0.14651743119266053
1 0.830451376146789 0.44056146788990824 0.07649174311926606 0.13429724770642193
1 0.7328678899082569 0.4377467889908257 0.08798899082568801 0.14344220183486234
1 0.6343779816513762 0.437994495412844 0.09528807339449548 0.14446605504587154
1 0.5384733944954129 0.4399669724770643 0.10544587155963292 0.14642935779816516
1 0.4437633027522936 0.44701100917431186 0.10890642201834871 0.13063853211009172
1 0.3568146788990825 0.44368073394495416 0.1280733944954128 0.13839266055045868
1 0.2706256880733945 0.4433596330275229 0.14216146788990822 0.1375082568807339
1 0.1804422018348624 0.44321284403669725 0.1575743119266055 0.14173577981651364
1 0.9218348623853212 0.6982220183486239 0.08609174311926612 0.33442568807339457
1 0.8139449541284404 0.715743119266055 0.09526605504587163 0.31537614678899084
1 0.7138954128440368 0.7119798165137615 0.09135779816513762 0.31550458715596336
1 0.6208256880733946 0.7126788990825688 0.09029724770642202 0.31231559633027517
1 0.5179449541284403 0.7109357798165139 0.09666788990825681 0.30678899082568817
1 0.3991119266055046 0.7141889908256881 0.08857247706422018 0.30594128440366986
1 0.31266788990825684 0.7284733944954128 0.08177614678899084 0.28461651376146785
1 0.2195394495412844 0.707256880733945 0.09344220183486239 0.30860550458715597
