1 0.04446219035202089 0.11185788787483704 0.08892438070404178 0.19565840938722304
0 0.7210430247718382 0.7136701434159061 0.08281616688396348 0.08190352020860511
0 0.8148696219035202 0.443116036505867 0.08645371577574987 0.07826597131681867
0 0.8170534550195567 0.25974250325945236 0.09100391134289434 0.08918513689700125
0 0.7276760104302478 0.16905149934810954 0.09037157757496747 0.08595176010430239
0 0.7386049543676663 0.02990221642764016 0.08827900912646679 0.05980443285528032
0 0.8841525423728814 0.6980019556714472 0.09176010430247747 0.08797262059973922
1 0.6477216427640157 0.7042992177314211 0.11138852672750961 0.2385071707953062
1 0.7146707953063884 0.6217568448500653 0.10829856584093876 0.24025423728813572
0 0.8962288135593219 0.1701010430247718 0.08918513689700129 0.09373533246414602
1 0.9052281616688397 0.44548565840938725 0.1284224250325945 0.19788135593220352
0 0.3783833116036505 0.37318122555410693 0.09668839634941327 0.08847457627118666
0 0.725589960886571 0.8562777053455018 0.08463494132985663 0.07735332464146055
0 0.7989406779661018 0.6264895697522815 0.08554758800521509 0.08099739243807043
0 0.5723435462842243 0.7011114732724902 0.0891851368970012 0.07917209908735323
1 0.11225880052151241 0.11496740547588007 0.08373533246414606 0.20222946544980444
0 0.5274902216427639 0.36591264667535867 0.08796610169491527 0.0910039113428943
0 0.9144882659713166 0.5089276401564536 0.09669491525423736 0.09605606258148625
0 0.5472262059973925 0.4990840938722295 0.08827249022164292 0.08554758800521518
0 0.8061147327249022 0.7645860495436767 0.08569752281616694 0.08417861799217731
0 0.2416590612777053 0.12027705345501954 0.08493481095176006 0.0788722294654498
0 0.09650912646675357 0.18852998696219037 0.08417861799217724 0.08191003911342885
1 0.9529432855280313 0.3681681877444591 0.0928096479791395 0.19001303780964796
0 0.6096870925684486 0.43906453715775756 0.08847457627118638 0.08537809647979157
0 0.6436212516297263 0.7842796610169491 0.09290091264667544 0.09163624511082114
0 0.456219035202086 0.5946349413298565 0.09009126466753603 0.08736636245110824
1 0.24800195567144714 0.07320730117340284 0.09919817470664932 0.14641460234680567
0 0.28746740547588007 0.43606258148631033 0.09327900912646668 0.09176010430247743
0 0.3734550195567144 0.4957822685788787 0.08847457627118638 0.09353324641460241
1 0.4605867014341591 0.055430247718383285 0.11794002607561935 0.11086049543676657
0 0.4597685788787483 0.435563885267275 0.09556062581486319 0.08827249022164298
1 0.7851108213820079 0.06010104302477187 0.12285528031290753 0.12020208604954374
0 0.2448468057366362 0.2745925684485007 0.09290091264667535 0.08974576271186431
0 0.8133083441981747 0.09321707953063886 0.08848109517601041 0.0796284224250325
0 0.33490221642764006 0.18706323337679268 0.09479791395045617 0.08657757496740547
1 0.7267144719687092 0.11906453715775749 0.10769230769230778 0.1569817470664928
0 0.5583083441981745 0.17158083441981742 0.09290091264667526 0.08721642764015643
0 0.6427803129074315 0.2506453715775749 0.08827249022164264 0.0891786179921773
0 0.4470795306388526 0.2938689700130377 0.09037809647979128 0.09543024771838322
0 0.7269589308996088 0.3448305084745763 0.08918513689700129 0.08645371577574987
0 0.45394719687092566 0.0886049543676662 0.08918513689700157 0.09109517601043027
0 0.6483637548891785 0.0995338983050847 0.08847457627118628 0.08721642764015643
