0 0.6017245989304812 0.26515508021390366 0.09394117647058832 0.08772192513368982
0 0.5994839572192514 0.5070935828877006 0.09580213903743325 0.08895721925133677
0 0.036280748663101624 0.7828743315508021 0.07256149732620325 0.09144919786096264
0 0.7382139037433154 0.8753796791443851 0.09954010695187188 0.1051336898395724
0 0.31274331550802137 0.7654171122994652 0.08734759358288774 0.08136898395721924
0 0.17090106951871648 0.634398395721925 0.09854010695187165 0.09182352941176472
1 0.3101310160427807 0.69748128342246 0.09555614973262032 0.17991443850267383
0 0.7472352941176471 0.39386898395721925 0.09145454545454547 0.09642245989304812
1 0.450668449197861 0.5874732620320855 0.10212834224598918 0.19135294117647056
0 0.7458663101604278 0.25986898395721925 0.08647058823529401 0.08398395721925134
0 0.03671390374331549 0.2609652406417112 0.07342780748663098 0.09487165775401074
0 0.8906310160427807 0.2514090909090909 0.08211764705882367 0.08771657754010706
0 0.30464438502673796 0.13213903743315508 0.10264705882352927 0.10782887700534766
0 0.7422566844919786 0.5089598930481284 0.0889625668449196 0.09642245989304807
1 0.03968983957219253 0.48210962566844917 0.07937967914438505 0.1784224598930481
0 0.45711764705882346 0.6476737967914438 0.10427807486631012 0.0945989304812835
0 0.032970588235294106 0.5437005347593583 0.06594117647058821 0.08211764705882359
0 0.1610454545454546 0.13213903743315508 0.10679679144385043 0.09954010695187171
0 0.8964251336898397 0.12669518716577538 0.09175935828877015 0.08968983957219254
0 0.4597326203208556 0.8997192513368983 0.08883422459893063 0.08360962566844889
0 0.03567914438502675 0.13110160427807485 0.0713582887700535 0.09539037433155075
1 0.7188101604278077 0.6947058823529412 0.13168449197860962 0.19171122994652406
0 0.45515508021390383 0.26104812834224606 0.09954010695187158 0.1007807486631016
1 0.5982139037433154 0.4683716577540107 0.10078074866310151 0.15229411764705877
0 0.7517834224598929 0.13524866310160433 0.09383422459893058 0.08502139037433158
1 0.16495989304812833 0.34873529411764703 0.1040053475935828 0.148711229946524
1 0.17033689839572191 0.5798582887700534 0.09504812834224613 0.17020855614973252
1 0.04308556149732622 0.7070695187165774 0.08617112299465245 0.20962566844919783
0 0.1664866310160428 0.38097860962566854 0.10212834224598943 0.09435294117647061
0 0.6014438502673797 0.13551069518716574 0.09901604278074877 0.0969465240641711
0 0.4564010695187167 0.3851577540106951 0.097048128342246 0.10264705882352931
0 0.8943636363636364 0.3789385026737968 0.0908235294117649 0.09020855614973267
0 0.8837860962566845 0.6274705882352942 0.08585026737967909 0.09455614973262041
0 0.30994117647058816 0.5201684491978609 0.10214973262032086 0.0956951871657755
1 0.307264705882353 0.46266310160427804 0.1182513368983958 0.18275935828877005
0 0.8840989304812835 0.7484705882352941 0.08895721925133686 0.09642780748663109
0 0.17032887700534766 0.8833582887700535 0.0928823529411765 0.09029946524064181
1 0.1689732620320855 0.8066016042780749 0.10074866310160417 0.22317112299465253
0 0.45898128342245986 0.7631096256684491 0.08605882352941185 0.0819090909090909
0 0.4549919786096256 0.13602673796791445 0.1057593582887701 0.10835294117647065
0 0.7410133689839572 0.7522032085561497 0.09020855614973262 0.08896256684491988
