1 0.9488403519798867 0.4597297297297296 0.10106222501571338 0.20181018227529848
1 0.4122093023255814 0.5251005656819611 0.10177875549968558 0.22549968573224377
1 0.4977152734129478 0.4492017598994343 0.10625392834695135 0.19303582652419854
1 0.6587240729101194 0.7694688874921434 0.10888749214330626 0.23691389063482085
1 0.9066467630421118 0.5452828409805154 0.1289817724701445 0.2062036455059708
1 0.6644720301697046 0.3026681332495286 0.11319296040226252 0.18601508485229415
1 0.5920427404148335 0.2258925204274042 0.10538026398491511 0.16583909490886242
1 0.7351068510370836 0.23554682589566303 0.12810182275298554 0.1693463230672532
1 0.7956505342551854 0.14472972972972972 0.13337523570081689 0.17724072910119426
1 0.9136675047140164 0.06841609050911378 0.12898177247014467 0.13683218101822756
1 0.40953488372093033 0.08026398491514775 0.11415461973601493 0.1605279698302955
1 0.0710087994971716 0.14428661219358896 0.07921433060967943 0.19438089252042734
0 0.40404776869893144 0.6091577624135763 0.08686360779384052 0.08423632935260852
0 0.49179446888749206 0.5170301697045884 0.08510999371464513 0.08248271527341294
0 0.6637680703959773 0.8614267756128221 0.08160276555625398 0.0745820238843497
0 0.9243714644877435 0.6121873035826525 0.08510999371464503 0.08871150219987418
0 0.4018573224387178 0.12125707102451286 0.08598994343180419 0.08783155248271529
0 0.5839252042740416 0.2774921433060968 0.08510999371464475 0.08598365807668132
0 0.6650879949717159 0.3683029541169076 0.08598994343180391 0.0833563796354496
0 0.7519547454431175 0.2862633563796354 0.0877435575109993 0.08598994343180381
0 0.8282935260842237 0.199833438089252 0.08598994343180381 0.09037712130735383
0 0.9401634192331867 0.106825895663105 0.0973978629792584 0.09389063482086744
0 0.057225015713387783 0.21760213702074171 0.08116279069767436 0.07897548711502192
