1 0.2336279637377964 0.7234850069735007 0.08352510460251053 0.29731868898186886
1 0.41925557880055786 0.45841527196652715 0.08842747559274752 0.1384483960948396
1 0.04078626220362619 0.46578103207810323 0.08157252440725238 0.13629009762900965
1 0.13248953974895397 0.468455369595537 0.07267782426778227 0.12760111576011154
1 0.22771966527196652 0.46202580195258025 0.07155509065550918 0.13921199442119941
1 0.32598849372384936 0.4619665271966527 0.0831555090655509 0.1383193863319387
1 0.5119752440725244 0.45807008368200836 0.09701185495118558 0.13810669456066946
1 0.6022367503486749 0.45929218967921903 0.10830195258019525 0.13142259414225949
1 0.6022367503486749 0.4674006276150628 0.10830195258019525 0.11520571827057188
1 0.696368549511855 0.4607112970711298 0.13148884239888411 0.12295676429567653
1 0.7811976987447699 0.4524372384937238 0.14197001394700154 0.14075313807531384
1 0.8675784518828452 0.456849721059972 0.15481520223152043 0.1272977684797768
1 0.03578626220362622 0.7269246861924687 0.07157252440725244 0.29976987447698755
1 0.13608263598326364 0.7220292887029288 0.08703277545327759 0.3049023709902372
1 0.33752963737796365 0.7259152719665273 0.09386680613668064 0.3017887029288704
1 0.45108089260808926 0.7296443514644352 0.08478382147838218 0.27616457461645744
1 0.5545362622036262 0.719860529986053 0.08983263598326356 0.3058298465829847
1 0.6549633891213389 0.7153120641562064 0.09487796373779632 0.3088668061366806
1 0.7579166666666668 0.718852859135286 0.08478730822873089 0.2977475592747559
1 0.8583437935843792 0.7165481171548117 0.09588563458856354 0.31043235704323563
1 0.9549877963737796 0.7193549511854951 0.08932705718270571 0.3068340306834033
