0 0.5960792192881744 0.160341561423651 0.10134328358208951 0.09803099885189435
0 0.75648392652124 0.6760533869115959 0.09677956371986228 0.09175086107921915
0 0.6033295063145809 0.41080941446613084 0.09357060849598164 0.09303099885189435
0 0.3010907003444317 0.2703214695752009 0.11756601607347889 0.11423650975889783
0 0.4486509758897818 0.9284730195177955 0.11119402985074645 0.11056257175660165
0 0.3019058553386911 0.3921584385763491 0.1125717566016073 0.11314580941446611
0 0.6033926521239955 0.6788691159586683 0.10471871412169913 0.09461538461538457
0 0.4550430539609644 0.1557089552238806 0.10641216991963258 0.09948909299655567
0 0.7564408725602755 0.945536739380023 0.09967853042479899 0.09308266360505182
0 0.6074971297359358 0.2824339839265213 0.10489092996555674 0.09207807118254886
0 0.1547072330654421 0.3879161882893226 0.1174512055109071 0.11073478760045931
0 0.7481257175660162 0.815088978185993 0.09636624569460385 0.09470149253731323
0 0.2947474167623422 0.6771814006888633 0.1025832376578647 0.09477611940298508
0 0.15080367393800231 0.26938576349024107 0.11745120551090693 0.1129735935706085
0 0.5960907003444317 0.8059471871412169 0.10515499425947174 0.09499425947187135
0 0.30028702640642946 0.9197761194029851 0.15120551090700352 0.13461538461538455
0 0.899336969001148 0.16699483352468428 0.09305970149253708 0.09139494833524683
0 0.7500516647531572 0.2904965556831229 0.09401836969001154 0.08328932261768084
0 0.4477037887485649 0.6722732491389208 0.10091848450057422 0.1036739380022963
0 0.30416188289322627 0.5301119402985075 0.1125717566016073 0.11648105625717575
0 0.15295637198622275 0.9347588978185994 0.1125717566016073 0.10924225028702625
0 0.29753157290470716 0.7906429391504017 0.14041331802525825 0.11928817451205498
0 0.15932835820895525 0.14623421354764637 0.12198622273249153 0.11096440872560276
0 0.8985074626865671 0.3040901262916188 0.09471871412169924 0.08641216991963258
0 0.4538691159586682 0.40828645235361655 0.11223880597014928 0.10489667049368533
0 0.9080740528128587 0.6803702640642939 0.08539035591274388 0.08308266360505166
0 0.9110332950631458 0.5478501722158439 0.10025258323765822 0.09499999999999989
0 0.14743398392652127 0.6810763490241103 0.11257175660160743 0.115907003444317
0 0.14489092996555689 0.8082089552238806 0.11308840413318028 0.10424799081515505
0 0.5935591274397245 0.9347933409873709 0.10411021814006863 0.10793340987370832
0 0.4503731343283582 0.5314867967853042 0.11153846153846132 0.1133754305396096
0 0.30998851894374285 0.14512055109070035 0.11756601607347889 0.10539609644087256
0 0.6059385763490241 0.5380367393800229 0.11509184845005724 0.10202066590126295
0 0.1535017221584385 0.525361653272101 0.13151549942594715 0.12485648679678522
0 0.9049368541905856 0.8181113662456946 0.08459242250287041 0.07902411021814007
0 0.7488662456946038 0.16779276693455797 0.09176234213547642 0.08175086107921929
0 0.4492250287026406 0.7989092996555683 0.11670493685419038 0.1123995407577496
0 0.9026607347876004 0.42373708381171066 0.09970723306544191 0.08308840413318026
0 0.4497990815154994 0.27826349024110214 0.09371986222732483 0.09017795637198625
0 0.9049368541905856 0.9474999999999999 0.08236509758897831 0.079580941446613
0 0.7539466130884042 0.42095292766934556 0.0891791044776122 0.07886337543053956
