0 0.5265982028241336 0.05877406931964052 0.10889602053915273 0.10391527599486527
1 0.5177406931964058 0.3672881899871631 0.17839537869062916 0.26163671373555847
0 0.5381354300385108 0.8642715019255456 0.1096213093709885 0.10775994865211808
1 0.47329268292682936 0.056521181001283664 0.1700770218228498 0.11304236200256733
1 0.37572207958921694 0.3708729139922977 0.12374197689345312 0.2562644415917842
0 0.3942233632862643 0.8759627727856225 0.0905006418485238 0.09408215661103968
1 0.5177406931964058 0.3672881899871631 0.17839537869062916 0.26163671373555847
1 0.041819640564826684 0.7630584082156612 0.08363928112965337 0.40109756097561006
0 0.5356193838254173 0.7283055198973043 0.0970667522464699 0.09893453145057772
1 0.15109114249037234 0.7082991014120668 0.11921694480102679 0.4134017971758667
0 0.3887708600770218 0.5985654685494224 0.10453786906290116 0.10080231065468563
0 0.5309499358151477 0.5895442875481386 0.09893453145057753 0.10391527599486532
0 0.3913510911424904 0.7407156611039794 0.10962130937098846 0.10218870346598193
