0 0.08866933005531653 0.8304394591272279 0.09891210817455445 0.08937307928703117
0 0.4092286416717886 0.8340319606637984 0.09652735095267373 0.09057160417947152
0 0.557937922556853 0.8518746158574063 0.09116779348494164 0.08460971112476937
0 0.74860172095882 0.8301782421634911 0.11261831591886899 0.09831591886908417
0 0.9199323909035033 0.8342901044867854 0.11202212661339915 0.10308543331284573
1 0.15423478795328832 0.8100860479409957 0.19663183773816847 0.11583282114320836
0 0.9175507068223725 0.9697295636140135 0.11320835894283944 0.05931161647203447
0 0.4042901044867855 0.9647725875845115 0.11326367547633688 0.06922556853103874
0 0.24711739397664417 0.9634726490473263 0.09953288260602351 0.07182544560540867
0 0.0852550706822372 0.9673970497848802 0.09695144437615244 0.06397664413030107
1 0.3029870928088507 0.9454671173939766 0.1844744929317763 0.1078365089121082
1 0.14783650891210823 0.9394068838352796 0.1937676705593116 0.11995697602950217
