0 0.3221401515151515 0.83004329004329 0.09285173160173166 0.09075757575757568
0 0.17577651515151518 0.8386985930735932 0.09495129870129888 0.08603354978354968
0 0.036872294372294424 0.8389637445887446 0.07374458874458885 0.09810064935064947
0 0.036084956709956685 0.7038798701298701 0.07216991341991337 0.0965259740259742
0 0.3279139610389611 0.7020427489177489 0.09600108225108214 0.09495129870129847
1 0.7253354978354978 0.6931385281385282 0.1864069264069264 0.10808441558441548
0 0.17577922077922084 0.69941829004329 0.09180735930735921 0.08970238095238084
0 0.790102813852814 0.7075378787878787 0.09518398268398302 0.08702380952380959
0 0.16978896103896104 0.9608847402597404 0.08749999999999991 0.07714826839826845
0 0.03573051948051947 0.9626136363636363 0.07146103896103893 0.07369047619047632
0 0.4700892857142859 0.7088501082251082 0.08968073593073596 0.09182359307359318
0 0.47491341991341984 0.9619534632034632 0.10198051948051956 0.07501082251082243
0 0.31627705627705627 0.9556601731601732 0.08309523809523836 0.08759740259740274
0 0.628685064935065 0.9523024891774893 0.09790043290043321 0.09137987012987026
0 0.46587932900432893 0.8339772727272726 0.08970238095238094 0.09022727272727285
