1 0.5554657980456027 0.35780781758957664 0.18106840390879486 0.2655570032573291
0 0.8848241042345275 0.7331368078175895 0.10276872964169374 0.10276872964169383
0 0.43009771986970674 0.8741042345276874 0.09185667752443 0.09549185667752437
0 0.4271824104234528 0.736830618892508 0.11126384364820847 0.10371986970684033
0 0.5761661237785016 0.8622377850162867 0.11126384364820847 0.10937459283387603
0 0.7296058631921825 0.8546514657980457 0.09852117263843684 0.09979153094462527
0 0.573612377850163 0.7242345276872966 0.09852117263843656 0.10041693811074914
0 0.5688729641693812 0.5833941368078177 0.10041693811074905 0.1054723127035831
0 0.4245635179153094 0.5925504885993486 0.10610423452768725 0.10231270358306202
1 0.5554657980456027 0.35780781758957664 0.18106840390879486 0.2655570032573291
0 0.564456026058632 0.048703583061889245 0.11052768729641696 0.09740716612377849
1 0.41131921824104234 0.3614462540716612 0.12559609120521167 0.2601042345276871
1 0.5103517915309447 0.0498762214983713 0.17262540716612373 0.0997524429967426
1 0.8224332247557002 0.6965798045602606 0.1937133550488596 0.13641693811074893
