0 0.07970663265306117 0.9147142857142855 0.0896275510204082 0.08369387755102035
0 0.2228775510204082 0.6594515306122449 0.08656122448979585 0.08457653061224478
0 0.4964005102040816 0.7863214285714285 0.08457653061224488 0.08507142857142862
0 0.2172295918367347 0.909670918367347 0.08249999999999995 0.08012755102040807
0 0.5003698979591839 0.668344387755102 0.08455612244897955 0.08657653061224498
0 0.5049183673469387 0.9152474489795919 0.09615306122448991 0.08725000000000001
0 0.360875 0.7826122448979591 0.08754591836734704 0.08557142857142858
0 0.22287500000000002 0.7907729591836736 0.0895255102040818 0.08111734693877547
0 0.36631887755102044 0.6619260204081633 0.09051530612244893 0.08952551020408145
0 0.07721173469387757 0.663658163265306 0.09595408163265293 0.09101020408163277
0 0.0794387755102041 0.7910229591836735 0.09446938775510219 0.09249489795918371
0 0.35534693877551016 0.9015994897959184 0.07834693877551042 0.08368877551020422
