0 0.6295843641761504 0.3770509648688768 0.09024245423057889 0.08716476991588318
0 0.2659574468085106 0.5854032657100445 0.10123701138050492 0.09856506679861457
0 0.5046511627906977 0.3780554181098466 0.09143988124690754 0.07921820880752099
0 0.6352053438891639 0.7044037605145967 0.09881246907471564 0.09510143493320135
0 0.3825680356259278 0.3694903513112321 0.08923305294408712 0.0816031667491341
0 0.13814943097476487 0.919495299356754 0.11182582879762495 0.11647699158832256
0 0.38570014844136563 0.47419594260267184 0.09163780306778813 0.09297377535873337
0 0.6364176150420585 0.8119247897080653 0.10282038594755082 0.09925779317169729
0 0.7433300346363186 0.1811603166749134 0.08952993567540801 0.08102424542305792
0 0.6342899554675903 0.5907718951014349 0.09995051954477945 0.10702622464126658
0 0.743693715982187 0.2828550222662049 0.0830331519049972 0.07704106877783272
0 0.13913904007916875 0.8104403760514597 0.10578921326076186 0.09460663038099949
0 0.3876546264225631 0.5815437902028698 0.09455714992577925 0.10054428500742206
0 0.13787728847105385 0.6981939633844632 0.1063334982681841 0.10277090549233062
0 0.7522414646214746 0.39361702127659576 0.08162295893122212 0.07897080653142012
0 0.39007916872835224 0.7093023255813954 0.08822365165759537 0.09025235032162296
0 0.13923800098960903 0.5794408708560119 0.10173181593270654 0.1001979218208807
0 0.7508411677387433 0.6020781791192479 0.09732805541810971 0.09430974764967832
0 0.6394359228104897 0.9228104898565066 0.10103908955962382 0.10301830776843159
0 0.3837209302325581 0.2619445818901534 0.0953983176645226 0.10013854527461652
0 0.13619495299356754 0.364200890648194 0.09000494804552184 0.07902028698664026
0 0.7502968827313213 0.7041810984661059 0.09772389905987136 0.09346857991093512
0 0.3896338446313706 0.815536862939139 0.10227610094012882 0.09510143493320135
0 0.3860935180603662 0.14374567046016823 0.09380999505195459 0.10281048985650666
0 0.12783275606135583 0.26535131123206335 0.09451756556160314 0.09160316674913413
0 0.7538594755071748 0.8133844631370608 0.09950519544779836 0.10069272637308264
0 0.5157100445324097 0.9338446313706087 0.09703117268678892 0.09223156853043055
0 0.38715982187036124 0.9227610094012865 0.10722414646214759 0.10648193963384463
0 0.12992330529440863 0.14925531914893617 0.08498268184067294 0.07971796140524492
0 0.7616056407718951 0.9206952003958436 0.11212765957446835 0.10571499257793161
0 0.7464670954972786 0.5010663038099951 0.08640277090549235 0.08070757050964862
0 0.5145967342899554 0.8112815437902029 0.09411182582879755 0.09203364670954986
0 0.25739732805541804 0.15014844136566055 0.09054923305294409 0.09119247897080654
0 0.266585848589807 0.9220336467095496 0.10445324096981708 0.10737258782780794
0 0.2545917862444334 0.2655714992577932 0.08923305294408694 0.08552201880257297
0 0.6258238495794162 0.17086095992083128 0.08509648688767933 0.08232558139534885
0 0.5143122216724393 0.7021227115289461 0.09923305294408691 0.10579910935180617
0 0.2666996536368134 0.8132360217714002 0.10272142503711057 0.09623948540326553
0 0.6277337951509153 0.27429242949035126 0.07367639782286002 0.07368134586838197
0 0.5001731815932707 0.16865413161801088 0.08960910440376044 0.07941613062840179
0 0.5076694705591291 0.6009896091044038 0.09866402770905468 0.08946066303809995
0 0.5066798614547254 0.48651657595249875 0.08936170212765984 0.08693715982187032
0 0.2646264225630876 0.7082731321128155 0.0963879267689264 0.09228104898565075
0 0.2633547748639287 0.36869866402770907 0.09009401286491858 0.07853537852548244
0 0.5003117268678872 0.27320633349826823 0.07714002968827306 0.06813458683819888
0 0.6331939633844632 0.4899851558634339 0.08647699158832237 0.0862345373577438
0 0.26716971796140526 0.4672934190994557 0.10841167738743192 0.10519544779811976
