1 0.8796421536441235 0.16920551543007228 0.14519369665134588 0.1154957321076823
1 0.3154366382140512 0.8349080761654628 0.19930400525279052 0.14783322390019685
1 0.7483552199606041 0.8181943532501642 0.1464018384766907 0.1572291529875246
0 0.8541464215364412 0.7216940249507551 0.1023571897570583 0.09318450426789236
0 0.5521700590938936 0.8737951411687458 0.09495075508864079 0.10024950755088656
0 0.553516086671044 0.9716513460275772 0.08929087327642811 0.055384110308601464
0 0.6945633617859487 0.044333552199606024 0.09062376887721597 0.08866710439921205
1 0.7153742613263295 0.4910702560735391 0.1517859487852922 0.25210768220617197
1 0.8651575837163493 0.48372291529875244 0.14512803676953392 0.25913328956007875
0 0.8549080761654629 0.8523768877216021 0.09102429415627047 0.09293499671700592
0 0.24047275114904795 0.8807288246881155 0.07715036112934993 0.08097176625082082
0 0.6980039395929087 0.17172357189757054 0.09038739330269227 0.08592908732764287
1 0.5667268548916612 0.48974392646093245 0.16407747866053862 0.26031516743269867
0 0.8376592252133945 0.17874589625738677 0.08540380827314499 0.08380827314510826
1 0.4122751149047932 0.49020354563361784 0.18332895600787918 0.2648982271831912
0 0.8508141825344714 0.041208141825344706 0.0843466841759685 0.08241628365068941
0 0.70602101116218 0.8632829940906106 0.09017728168089294 0.08619829284307313
