0 0.7184635416666666 0.1842838541666667 0.0870963541666665 0.08028645833333328
0 0.7582259114583334 0.09286783854166666 0.07876953124999986 0.07801432291666661
0 0.8752408854166668 0.07847656249999999 0.08255208333333333 0.08104166666666668
1 0.9554361979166667 0.1130143229166667 0.08782552083333335 0.19540364583333342
0 0.9422721354166665 0.18201171875000002 0.09542968750000001 0.08937500000000001
1 0.7141634114583333 0.050009765625000036 0.1570507812499999 0.10001953125000007
1 0.81013671875 0.05982421874999999 0.15050781250000003 0.11964843749999998
0 0.48567382812500004 0.17708984375 0.10724609375 0.10634114583333346
0 0.8316927083333333 0.18201171875000002 0.08937499999999995 0.08179687500000007
1 0.9142936197916667 0.048372395833333304 0.14505859375000002 0.09674479166666661
1 0.5991015624999999 0.05764322916666664 0.1668619791666666 0.11528645833333329
0 0.5446484375 0.08870442708333333 0.09088541666666665 0.09391927083333348
0 0.6042838541666666 0.17840820312499997 0.09542968750000001 0.09461588541666677
0 0.6574934895833333 0.06976888020833338 0.08179687499999994 0.08331380208333333
