1 0.7511179361179362 0.4164619164619165 0.11524570024570022 0.1728746928746926
0 0.40189189189189184 0.336953316953317 0.09775184275184265 0.09089680589680608
0 0.9116308353808354 0.04996621621621623 0.11313882063882057 0.09885135135135126
0 0.4289219901719902 0.7330681818181818 0.10118550368550368 0.08746314496314511
0 0.26272113022113025 0.863461302211302 0.1037592137592138 0.09261056511056519
0 0.25124385749385736 0.44378992628992625 0.09603808353808346 0.08746928746928748
1 0.9170792383292382 0.6888728501228499 0.11490786240786234 0.21694717444717446
1 0.1551689189189189 0.2736732186732187 0.19444103194103204 0.1407739557739558
0 0.09851044226044225 0.8621713759213759 0.09261056511056509 0.08660319410319427
0 0.08736179361179362 0.4630036855036855 0.09603808353808363 0.08574938574938593
0 0.0890755528255528 0.31080159705159704 0.0960380835380836 0.08832309582309587
1 0.752438574938575 0.8136394348894349 0.10632678132678124 0.2298095823095824
0 0.08778869778869783 0.17317260442260443 0.1037592137592138 0.09261056511056512
1 0.6221928746928747 0.5515264127764128 0.14663390663390652 0.20322481572481566
1 0.4699877149877151 0.6552733415233414 0.15434889434889448 0.19550982800982813
0 0.9112530712530713 0.18862407862407857 0.11314496314496313 0.10599508599508599
0 0.906188574938575 0.34859336609336616 0.10897420147420134 0.10718673218673228
0 0.911164004914005 0.48867014742014747 0.11790540540540524 0.10778255528255518
0 0.08179054054054054 0.04028255528255531 0.0968980343980344 0.08056511056511062
0 0.24000000000000002 0.040709459459459446 0.09947174447174452 0.08141891891891889
0 0.25143427518427514 0.31179668304668295 0.09775798525798517 0.092610565110565
0 0.5844379606879606 0.6111486486486486 0.10633292383292399 0.09861179361179355
0 0.5903900491400491 0.742997542997543 0.09175061425061443 0.090036855036855
0 0.7453593366093366 0.9075184275184275 0.10539926289926284 0.10579852579852562
0 0.7446191646191646 0.4699355036855037 0.11147420147420141 0.10375307125307144
0 0.734794226044226 0.2004760442260442 0.10547297297297295 0.10032555282555276
0 0.5745239557739558 0.3330098280098279 0.10633292383292389 0.10203931203931198
0 0.5730159705159706 0.18154176904176908 0.09947174447174449 0.09346437346437353
0 0.736081081081081 0.05560810810810809 0.1114742014742015 0.10632678132678126
0 0.5568796068796068 0.05957002457002451 0.1037592137592138 0.0968918918918919
0 0.408762285012285 0.04710380835380832 0.11318796068796069 0.09420761670761664
0 0.40376228501228506 0.4630098280098281 0.10375307125307144 0.09518427518427512
1 0.3013175675675676 0.2779606879606879 0.17514127764127768 0.145061425061425
0 0.9033783783783784 0.7639066339066338 0.10837837837837845 0.11314496314496313
