1 0.6330867630700778 0.8754764553207267 0.10089358546533178 0.24830552465702616
1 0.577017055988135 0.5992769744160178 0.1151687059695959 0.13975528364849832
1 0.41627734519836856 0.8422024471635151 0.09015943641082688 0.3148535409714497
1 0.6771171672228402 0.5951705598813497 0.1398257322951427 0.1419836855765666
1 0.8493622543566925 0.8566926214312197 0.10196514645902853 0.28587319243604
1 0.767324805339266 0.5919873934000741 0.1509714497589916 0.1496774193548387
1 0.859182424916574 0.5940915832406377 0.16463107156099382 0.14054505005561732
1 0.38243418613274005 0.6053151649981461 0.0940341119762699 0.13328513162773442
1 0.7425676677790138 0.869571746384872 0.09016314423433448 0.2601149425287355
1 0.38243418613274005 0.6053151649981461 0.0940341119762699 0.13328513162773442
1 0.4810326288468668 0.6007767890248424 0.10316277345198378 0.14126436781609195
1 0.28003337041156845 0.6021208750463477 0.08842417500926947 0.1470893585465332
1 0.0774860956618465 0.6090211345939934 0.07728587319243589 0.1356915090841676
1 0.9521338524286244 0.8561568409343714 0.09499073044123077 0.28694475342973674
1 0.526292176492399 0.8566926214312197 0.09552836484983308 0.28587319243604
1 0.17875417130144602 0.6021839080459771 0.07609195402298861 0.14803856136447907
1 0.2955265109380793 0.8609862810530218 0.09981831664812751 0.2772858731924359
