0 0.7296644893111638 0.24544833729216153 0.10507719714964353 0.10649049881235151
0 0.5722387173396676 0.22809085510688837 0.09970308788598609 0.0962648456057008
0 0.2637796912114014 0.2300861045130642 0.1218586698337293 0.11290380047505932
0 0.10885985748218524 0.08953681710213776 0.10904988123515433 0.10223277909738711
0 0.11325415676959608 0.22937054631828976 0.11522565320665079 0.10695961995249396
0 0.5644239904988124 0.09534738717339664 0.09036817102137752 0.08080166270783842
0 0.7095576009501188 0.10796318289786218 0.09454275534441814 0.09597387173396668
0 0.42103325415676957 0.24099465558194777 0.1066983372921617 0.09956650831353925
0 0.2699851543942993 0.10025237529691207 0.1094477434679335 0.10187054631828973
0 0.4173931116389548 0.09532363420427552 0.09654394299287408 0.08856888361045122
