1 0.3715306767868438 0.09993991144845034 0.16760278304870332 0.11905755850727374
1 0.6745319418089816 0.7389310562934851 0.1880771663504108 0.1324478178368118
0 0.584405439595193 0.8924035420619861 0.09565464895635706 0.09688804554079673
1 0.27537950664136623 0.41354838709677416 0.12194180898165712 0.2525363693864641
0 0.4329506641366224 0.7657811511701456 0.09565464895635678 0.09749525616698289
0 0.28823845667299175 0.6379285262492094 0.10301707779886146 0.09933586337760926
1 0.06724857685009497 0.733697027197976 0.10686907020872868 0.39680581910183416
1 0.4153320683111955 0.41001581277672366 0.17580012650221377 0.2578304870335232
0 0.42406072106261866 0.10598987982289684 0.10731182795698917 0.10240354206198614
1 0.4153320683111955 0.41001581277672366 0.17580012650221377 0.2578304870335232
0 0.4283491461100569 0.6290385831752057 0.09749525616698283 0.10240354206198617
0 0.7351075268817203 0.7744244149272611 0.09977862112586965 0.09977862112586973
0 0.2936116382036684 0.911290322580645 0.08918406072106261 0.09271347248576851
