0 0.627725774555043 0.5520929466051417 0.08946605141727082 0.08633487145682282
0 0.1087969676994067 0.29875082399472647 0.08512195121951213 0.08282794990112055
0 0.564564930784443 0.612785102175346 0.08926170072511556 0.08650626235992098
0 0.9359426499670402 0.6227389584706658 0.09777851021753467 0.09713249835201045
0 0.5446077785102174 0.4781212920237311 0.08895187870797625 0.09202373104812127
0 0.7449274884640738 0.9671061305207646 0.08558338826631512 0.06446934739617678
1 0.10083388266315098 0.5640837178642056 0.12036255767963079 0.22306526038233349
0 0.7403295978905734 0.82977587343441 0.0837442320369149 0.08282135794330932
0 0.9033520105471325 0.969403427818062 0.08895847066578803 0.059874752801582
0 0.9052669742913645 0.8139321028345419 0.092788398154252 0.08895847066578776
0 0.37344429795649303 0.9751582069874754 0.08435728411338168 0.04836519446275539
0 0.7580883322346736 0.12763019116677654 0.0892682926829268 0.08190507580751483
0 0.480421885299934 0.9682564271588662 0.08512854317732362 0.06216875411997373
0 0.5908536585365853 0.9736222808174028 0.08512195121951191 0.0514370468029006
0 0.2756690837178642 0.8949901120632828 0.09586025049439688 0.09202373104812117
0 0.3569578114700067 0.815237310481213 0.08512195121951233 0.07822676334871471
0 0.2733651944627554 0.750435069215557 0.08052076466710617 0.07898483849703365
0 0.8178411338167435 0.7416183256427158 0.08512195121951219 0.09508899143045486
0 0.393829927488464 0.4854713249835201 0.09777191825972306 0.08946605141727111
0 0.3840112063282795 0.09551417270929465 0.08742913645352672 0.08558338826631505
0 0.47024060646011856 0.1977059986816084 0.09018457481872143 0.0921160184574819
0 0.946354647330257 0.09229400131839155 0.1059723137771919 0.09754779169413318
0 0.6611898483849704 0.3615622940013184 0.08926170072511527 0.09017798286090968
0 0.7463117996044825 0.45680290046143707 0.09018457481872115 0.08742254449571543
0 0.6778905735003297 0.7466018457481872 0.08435069215557023 0.08205009887936689
0 0.5904680290046144 0.8110184574818721 0.09049439683586036 0.0866512854317731
0 0.8374159525379037 0.3707613711272247 0.09202373104812127 0.09018457481872115
0 0.8336288727752142 0.20236980883322347 0.08947264337508234 0.08052076466710607
0 0.4624027686222807 0.4068820039551746 0.08435728411338146 0.08665787738958457
0 0.826354647330257 0.8812623599208965 0.08665787738958479 0.08512195121951228
0 0.0927686222808174 0.6515095583388265 0.10122610415293337 0.10046143704680295
0 0.25557350032959786 0.22973302570863544 0.08588661832564269 0.0797560975609756
0 0.9174785761371126 0.28011535926170067 0.09018457481872115 0.09478576137112721
0 0.6620402109426501 0.9011766644693474 0.0939419907712591 0.09266315095583379
0 0.5548055372445615 0.0995616348055373 0.09294660514172703 0.09018457481872111
0 0.4725379037574159 0.7094067237969677 0.09110085695451568 0.08834541858932111
0 0.7470369149637444 0.27905405405405415 0.09138431114040875 0.08691496374423195
0 0.3018951878707976 0.5490573500329599 0.09432432432432424 0.092788398154252
0 0.3888464073829927 0.6094462755438365 0.08946605141727082 0.0945814106789718
0 0.25879696769940663 0.38577785102175344 0.093941990771259 0.09075148319050746
0 0.34986156888595904 0.2972676334871456 0.0958602504943967 0.08754779169413314
0 0.575771259063942 0.2816117336849044 0.09394199077125891 0.08819380355965717
0 0.6668358602504943 0.20875741595253786 0.08946605141727082 0.08819380355965717
1 0.9265787738958471 0.5585860250494397 0.12986156888595926 0.2000988793671722
1 0.26198747528015814 0.17197429136453524 0.10030982201713914 0.16837837837837824
1 0.12472313777191828 0.22436387607119315 0.08467369808833225 0.20449571522742252
1 0.050563612392880715 0.22121951219512195 0.10112722478576143 0.19785102175346084
1 0.7460646011865524 0.22850692155570201 0.10889914304548463 0.15874093605800915
0 0.47612722478576125 0.5485530652603824 0.0966315095583389 0.08926170072511565
1 0.4769545154911008 0.13849044166117333 0.11926170072511544 0.16344100197758737
