0 0.9365907941325238 0.3054552352048559 0.09532625189681361 0.08649974709155285
0 0.6441375821952453 0.8821244309559939 0.09415275670207401 0.09944360141628743
0 0.7818310571573089 0.6476327769347497 0.08120384420839655 0.08943854324734449
0 0.6526707132018209 0.42667425392008096 0.08650480526049573 0.09120384420839653
0 0.6447268588770865 0.6488088012139605 0.08238239757207884 0.08355589276681843
0 0.6569752149721801 0.05185887708649474 0.0858168942842691 0.08384926656550329
0 0.9245270612038441 0.416674253920081 0.08532119372787075 0.09003034901365717
0 0.0982068791097623 0.1791097622660597 0.1010166919575115 0.09415275670207392
0 0.6467855336368235 0.7656145675265554 0.08532625189681335 0.08414769853313106
0 0.791836115326252 0.41255184623166413 0.08590794132524032 0.08532625189681345
0 0.7991831057157309 0.0543120890237734 0.08973697521497205 0.08875569044006061
0 0.6569726858877086 0.18205108750632273 0.08875569044006074 0.08041982802225593
0 0.5126226605968639 0.6491047040971168 0.08767324228629236 0.0912089023773394
0 0.37158320687910984 0.057008093070308505 0.09856348002023275 0.09316641375821955
0 0.09624430955993929 0.05749873545776427 0.1019979767324228 0.0863075366717249
0 0.7883055134041477 0.29192463328275164 0.07767324228629248 0.08296914516944878
0 0.9148204350025291 0.7561987860394537 0.07767324228629248 0.07826504805260501
0 0.37639858371269613 0.3010419828022256 0.09415275670207382 0.09532625189681337
0 0.5125619625695498 0.056029337379868475 0.09512898330804236 0.09022761760242796
0 0.2320738492665656 0.05357612544258982 0.10591805766312602 0.08139605462822462
1 0.10699544764795144 0.6025973697521497 0.08990389479008613 0.16099645928174
0 0.37757713707637847 0.41843449671219013 0.0917956499747092 0.09709155285786536
0 0.6513758219524532 0.2999266565503288 0.08179059180576612 0.07943854324734442
0 0.5147698533131007 0.18229893778452197 0.09365705614567538 0.09169954476479511
0 0.23403388973191702 0.17910976226605968 0.09709155285786536 0.10199291856348006
0 0.5129160343955489 0.5337708649468893 0.09061709661102686 0.0841426403641881
1 0.375293373798685 0.8319195751138089 0.08896813353566006 0.20265553869499256
1 0.10190945877592308 0.3839833080424886 0.0983763277693474 0.14066262013151234
0 0.3807283763277694 0.9051466868993426 0.08402630247850296 0.0790844714213454
0 0.10335356600910472 0.4144815376833587 0.09660091047040985 0.08924633282751648
0 0.6479615579160344 0.5355361659079413 0.08414769853313088 0.09120384420839653
0 0.9320814365199798 0.06067526555386946 0.083829033889732 0.08583206879109766
0 0.9281461810824482 0.17763783510369247 0.08384926656550312 0.08433990895295906
0 0.7937860394537178 0.17396054628224583 0.08679312089023783 0.08483560950935765
0 0.5150354071825999 0.3049266565503287 0.08885685381891761 0.08297420333839152
0 0.7821269600404654 0.7620839656044511 0.0841426403641881 0.0912089023773395
1 0.5117147192716235 0.4971446636317653 0.09532625189681332 0.1440515933232169
0 0.3762443095599392 0.18278705108750634 0.10003540718259997 0.10248861911987868
0 0.10752908447142126 0.6541856348002022 0.09320687910976226 0.08685381891755188
