1 0.5291525423728815 0.4496610169491526 0.10362062747926419 0.1438946988820772
1 0.6022268301478543 0.7170465200144248 0.08873061666065636 0.30690948431301845
1 0.9145690587811035 0.44359538406058424 0.07400649116480346 0.1439812477461233
1 0.6233970429138117 0.44772268301478535 0.0936386584926074 0.14196538045438153
1 0.17731878831590336 0.4528507032095204 0.15484673638658497 0.13928236566895047
1 0.7201821132347638 0.4474792643346557 0.08646592138478179 0.14095924990984485
1 0.3506382978723404 0.4533104940497656 0.12585647313379003 0.1359971150378651
1 0.265941218896502 0.452994951316264 0.13970068517850698 0.1351280201947349
1 0.43608186080057704 0.45658312297151094 0.10702127659574477 0.12837720879913456
1 0.8197926433465561 0.7125063108546701 0.09001442481067434 0.3153479985575189
1 0.816076451496574 0.45024522178146414 0.07516768842408925 0.1319725928597187
1 0.708184276956365 0.7175694194013704 0.08977641543454726 0.3100396682293545
1 0.9206797692030292 0.7167345834835919 0.08638658492607289 0.3020591417237649
