0 0.5792135476463834 0.9399827784156143 0.08678530424799066 0.08111366245694585
0 0.29400975889781855 0.5458668197474167 0.08974167623421349 0.08805970149253732
0 0.5833840413318027 0.8277784156142365 0.09179678530424788 0.0817566016073479
0 0.424911021814007 0.19700631458094142 0.08311710677382318 0.07877726750861078
0 0.5785304247990815 0.3174253731343284 0.08547646383467282 0.08548220436280132
0 0.2951492537313434 0.9378587830080367 0.11739380022962109 0.10315729047072308
0 0.43077210103329505 0.44572904707233063 0.08875430539609659 0.09005740528128588
0 0.4377669345579792 0.9430396096440873 0.091377726750861 0.08475889781859929
0 0.43227324913892073 0.8247990815154995 0.08831228473019524 0.08714121699196326
0 0.14445752009184842 0.16699483352468428 0.09305970149253712 0.09139494833524683
0 0.5807319173363947 0.56398392652124 0.08775545350172212 0.09109070034443172
0 0.4282405281285879 0.5703530424799081 0.09609070034443157 0.10142939150401836
0 0.7098622273249139 0.3253444316877153 0.08189437428243396 0.07571756601607349
0 0.7102841561423652 0.5849282433983926 0.09139494833524683 0.08641216991963271
0 0.2931831228473019 0.8208955223880597 0.0847474167623422 0.08308840413318012
0 0.2931859931113663 0.6754908151549943 0.08807118254879456 0.08142939150401841
0 0.5743915040183696 0.4357462686567165 0.09642939150401833 0.09773823191733645
0 0.1436280137772674 0.3040901262916188 0.09471871412169919 0.08641216991963258
0 0.7177812858783007 0.45104190585533877 0.08425373134328373 0.08038461538461535
0 0.28769230769230775 0.42106773823191734 0.09549942594718722 0.07947187141216992
0 0.7192278989667049 0.9543628013777268 0.09139494833524683 0.090126291618829
0 0.29480195177956375 0.15784156142365097 0.09477037887485654 0.10142365097588978
0 0.4310763490241102 0.31719288174512056 0.09349598163030992 0.0907577497129736
0 0.153194603903559 0.6803702640642939 0.08539035591274398 0.08308266360505166
0 0.43077210103329516 0.6982606199770378 0.09770952927669345 0.0967278989667049
0 0.15615384615384612 0.5478501722158439 0.10025258323765805 0.09499999999999989
0 0.5717221584385763 0.19119402985074627 0.08707233065442042 0.08144661308840415
0 0.28902985074626864 0.287471297359357 0.09305396096440867 0.08973019517795636
0 0.15005740528128583 0.8181113662456946 0.08459242250287034 0.07902411021814007
0 0.719922502870264 0.8289810562571757 0.08447187141217027 0.07478185993111368
0 0.708243398392652 0.20375430539609643 0.091825487944891 0.08115958668197475
0 0.1477812858783009 0.42373708381171066 0.09970723306544203 0.08308840413318026
0 0.5765269804822044 0.6954075774971297 0.07746268656716422 0.08013777267508622
0 0.15005740528128583 0.9474999999999999 0.0823650975889782 0.079580941446613
0 0.7157663605051666 0.7008840413318026 0.08723880597014948 0.07893226176808267
