0 0.8811 0.6461666666666667 0.08221111111111104 0.07833333333333332
0 0.14028055555555557 0.8975222222222222 0.0868611111111111 0.0814333333333332
1 0.7723611111111112 0.5597055555555556 0.12843333333333326 0.20884444444444428
0 0.25569722222222224 0.2439138888888889 0.10340555555555564 0.08509444444444444
1 0.9025416666666666 0.8122888888888888 0.09391666666666659 0.21793333333333342
0 0.8928861111111112 0.8976000000000001 0.09151666666666676 0.08608888888888892
1 0.45903888888888883 0.3435027777777777 0.16752222222222213 0.15983888888888875
0 0.737675 0.7572388888888889 0.08024999999999996 0.076477777777778
0 0.4161944444444444 0.3834083333333334 0.1023333333333334 0.08832777777777778
0 0.5890999999999998 0.7644388888888889 0.09538888888888886 0.08841111111111098
0 0.7382861111111111 0.6339666666666668 0.08708333333333332 0.08712222222222235
0 0.5665583333333333 0.5242472222222223 0.08724999999999991 0.08596111111111109
0 0.6026722222222222 0.8776694444444445 0.0930666666666666 0.09694999999999983
1 0.31540277777777775 0.21331111111111112 0.18096111111111113 0.13248888888888893
0 0.4157611111111111 0.5133888888888888 0.0891888888888889 0.08298888888888896
0 0.5518749999999999 0.1218861111111111 0.08376111111111106 0.07678333333333336
0 0.44329444444444444 0.8886972222222222 0.08655555555555557 0.07817222222222217
1 0.8942444444444443 0.5825694444444444 0.10090000000000007 0.18070555555555567
0 0.8757472222222222 0.38138888888888894 0.08841666666666678 0.08841111111111118
0 0.2817277777777778 0.7805527777777779 0.10144444444444439 0.09864999999999999
1 0.8869527777777779 0.3305916666666667 0.10012777777777777 0.16519444444444423
1 0.5956527777777777 0.08295277777777774 0.14200555555555555 0.13495000000000004
1 0.6062722222222223 0.4609083333333334 0.13966666666666674 0.18031666666666685
0 0.43575555555555556 0.6358361111111112 0.09865555555555545 0.09586111111111129
