0 0.25888050694025344 0.5722088111044057 0.09217260108630057 0.08925769462884736
0 0.39627338563669284 0.2036149668074834 0.08565479782739913 0.07582377791188895
0 0.40133071816535915 0.45986722993361495 0.09378998189499088 0.09178032589016283
0 0.41064574532287257 0.9731291490645745 0.09262522631261323 0.05253470126735063
0 0.41345805672902836 0.725859987929994 0.10319855159927582 0.10772480386240187
0 0.10915509957754986 0.5781864815932408 0.11281834640917321 0.10433916716958361
0 0.5548038624019312 0.7310802655401327 0.08143633071816543 0.08424864212432104
0 0.4018919734459867 0.3264785757392879 0.09829209414604705 0.0814423657211829
0 0.10369945684972838 0.7146710923355462 0.1140615570307785 0.11041641520820764
0 0.6932770066385032 0.21420639710319855 0.09653590826795416 0.0853228726614363
0 0.10403138201569108 0.8582558841279422 0.1107664453832227 0.11098370549185264
0 0.25115268557634285 0.4426674713337356 0.10039831019915513 0.08354858177429089
0 0.7011858780929392 0.7368376584188292 0.09171394085697063 0.0829812914906457
0 0.25208207604103805 0.8527066988533495 0.11333735666867817 0.10794809897404936
0 0.10406457453228736 0.4454737477368738 0.10482196741098371 0.08735063367531681
0 0.5681412190706097 0.8658811104405552 0.08424864212432095 0.0772299336149668
0 0.25255884127942063 0.3022178636089318 0.09782739891369938 0.09433313216656602
0 0.7055552202776102 0.8715057332528665 0.08880506940253503 0.07861798430899217
0 0.26082981291490653 0.162045866022933 0.09522631261315624 0.09884127942063967
0 0.09969824984912481 0.3196891973445986 0.09957754978877488 0.09084490042245022
0 0.6949788774894387 0.34203379601689804 0.0860953530476764 0.07960168980084491
0 0.6954224502112252 0.6149336149668074 0.09608328304164154 0.09084490042245036
0 0.5628756789378394 0.9751146650573325 0.08074230537115257 0.0485636692818347
0 0.5604194327097163 0.4484972842486421 0.08565479782739871 0.08354858177429081
0 0.5569100784550391 0.3337085093542546 0.08986119493059762 0.08986722993361494
0 0.40105310802655403 0.5939076644538323 0.0967350633675316 0.0952263126131562
0 0.7033041641520821 0.4741792395896198 0.0885757392878698 0.08450814725407359
0 0.10057030778515388 0.17556125528062763 0.09783343391671674 0.09608328304164152
0 0.5635787567893784 0.5832951116475558 0.08354858177429071 0.07652383826191919
0 0.4095353047676523 0.8601086300543149 0.09945684972842497 0.09945684972842468
0 0.25692818346409174 0.7101418225709113 0.09258901629450818 0.0856065178032589
0 0.26566083283041647 0.9722540736270369 0.09608931804465891 0.05428485214242609
0 0.5509897404948703 0.20242003621001808 0.08906457453228749 0.08846107423053712
