1 0.4023421717171717 0.8355336280391539 0.1310479797979798 0.2681180928323334
0 0.9600268308080809 0.3983675402589201 0.07931502525252523 0.08410483107041367
1 0.5447727272727273 0.8340101041995579 0.10508207070707062 0.25440479949478995
0 0.9531723484848484 0.038222292390274706 0.09302398989898987 0.07644458478054941
0 0.8126578282828283 0.04242185033154405 0.10454545454545454 0.0848437006630881
0 0.5156265782828283 0.04147773918534891 0.08829861111111108 0.08295547837069782
0 0.817511047979798 0.4102715503631197 0.08620896464646462 0.08991474581622987
0 0.8228061868686869 0.5377470792548152 0.08830808080808106 0.0867477107672876
0 0.6735684974747475 0.2875355225765709 0.10124053030303042 0.09730028418061257
0 0.21816761363636364 0.04583201768234922 0.10262310606060612 0.09166403536469844
0 0.8236521464646464 0.15329965266814022 0.07931818181818176 0.07511209346384594
0 0.07124526515151515 0.04432112409220083 0.10576073232323233 0.08864224818440165
1 0.6715104166666667 0.1786896116198295 0.11238952020202024 0.12887906536154092
0 0.6713620580808081 0.14827597095042627 0.09835542929292937 0.09256709820018945
1 0.032528409090909094 0.8347710767287654 0.06505681818181819 0.23765077360277864
1 0.24700441919191923 0.8408651720871487 0.10667929292929297 0.26659299021155686
1 0.23240056818181815 0.07266340385222608 0.09327967171717172 0.14532680770445217
1 0.5261789772727273 0.06763340700978844 0.10882891414141414 0.13344805809914748
1 0.03930239898989899 0.20262709188506475 0.07860479797979798 0.11504894221660876
1 0.8085716540404041 0.187379223239659 0.09594381313131332 0.12246921376697191
1 0.11375000000000002 0.8439137985475212 0.15693813131313133 0.26811809283233323
1 0.9363383838383839 0.40811335648879066 0.12669191919191927 0.10511209346384588
1 0.8057875631313131 0.06580517840227344 0.0978630050505052 0.1279665298389643
1 0.9509122474747475 0.06717713924850015 0.09754419191919196 0.1325355225765709
0 0.8206976010101009 0.28623144932112404 0.08935606060606077 0.08409535838332807
0 0.957383207070707 0.27564730028418066 0.08460227272727264 0.0809314808967477
1 0.9614520202020204 0.8157293969055889 0.07646464646464642 0.25440795705715186
1 0.8345075757575757 0.8168724344805809 0.12868686868686857 0.2627881275655194
1 0.6947806186868687 0.8290590464161667 0.1126988636363637 0.25059677928639085
