0 0.1335832821143208 0.3155777504609711 0.12215119852489258 0.12155500921942218
0 0.3069760295021512 0.348279041180086 0.11976644130301176 0.11321450522433929
0 0.13792870313460362 0.17925629993853717 0.12572833435771352 0.10963736939151805
0 0.30816840811309165 0.2046773202212661 0.1197664413030118 0.10725261216963737
0 0.12909342347879524 0.7687768899815611 0.10307928703134606 0.10367547633681608
1 0.48007068223724647 0.15488629379225569 0.13961278426551943 0.1706330669944683
1 0.13426244622003683 0.5580731407498465 0.11737553779963109 0.21017209588199132
1 0.30029809465273516 0.6961216963736938 0.1260295021511986 0.21498463429625084
0 0.1492685925015365 0.6049846342962507 0.1149969268592501 0.11082974800245837
0 0.48009834050399514 0.17833128457283343 0.12572833435771358 0.12155500921942225
0 0.29343577135832827 0.7539920098340505 0.11202212661339905 0.11440073755377994
0 0.30937307928703145 0.05069452980946529 0.1287031346035649 0.10138905961893058
0 0.135381069452981 0.04266133988936691 0.12155500921942228 0.08532267977873383
