0 0.41555840821566115 0.12231707317073166 0.10889602053915268 0.10391527599486525
1 0.4067008985879333 0.43083119383825424 0.17839537869062908 0.26163671373555847
0 0.42709563543003853 0.9278145057766367 0.10962130937098846 0.10775994865211808
1 0.36225288831835695 0.1161777920410783 0.1700770218228498 0.12081514762516032
1 0.2646822849807446 0.43441591784338884 0.12374197689345309 0.2562644415917842
0 0.28318356867779193 0.9395057766367138 0.09050064184852372 0.09408215661103968
1 0.4067008985879333 0.43083119383825424 0.17839537869062908 0.26163671373555847
0 0.4245795892169449 0.7918485237483954 0.09706675224646985 0.09893453145057772
1 0.04982991014120667 0.7718421052631579 0.09965982028241334 0.4134017971758666
0 0.27773106546854937 0.6621084724005135 0.10453786906290112 0.10080231065468563
0 0.41991014120667525 0.6530872913992298 0.09893453145057758 0.10391527599486522
0 0.2803112965340179 0.8042586649550705 0.10962130937098846 0.10218870346598202
