1 0.5116248256624826 0.4678905160390517 0.10018828451882836 0.13912831241283127
1 0.42163702928870295 0.47458333333333325 0.10347629009762915 0.1241248256624826
1 0.33902370990237096 0.47141910739191073 0.12168758716875865 0.13149232914923292
1 0.25713214783821475 0.4711140167364017 0.13507322175732214 0.1306520223152022
1 0.17144525801952581 0.47097454672245465 0.14971757322175733 0.13466875871687575
1 0.8901830543933054 0.7230840306834031 0.08352510460251046 0.2981206415620641
1 0.7926377266387729 0.7280875174337518 0.08703277545327764 0.29278591352859146
1 0.684726290097629 0.7269246861924687 0.08680264993026494 0.29976987447698755
1 0.5822785913528591 0.7193514644351464 0.08579149232914916 0.310878661087866
1 0.47226115760111576 0.7314679218967922 0.09185146443514657 0.2967433751743376
1 0.3768793584379358 0.728439679218968 0.08882147838214777 0.2906868898186891
1 0.2880299860529987 0.7311994421199441 0.09228730822873084 0.2908856345885635
1 0.1992468619246862 0.7247733612273362 0.0887866108786611 0.29322175732217576
1 0.1003207810320781 0.7254114365411437 0.09285913528591352 0.30078103207810325
1 0.9687953277545328 0.4619665271966527 0.061711994421199505 0.1383193863319387
1 0.8842747559274756 0.46202580195258025 0.07155509065550915 0.13921199442119941
1 0.789044630404463 0.46340829846582987 0.07267782426778234 0.13769525801952584
1 0.6963267085076709 0.4631101813110181 0.08360181311018129 0.14163179916317994
1 0.602747559274756 0.4660163877266388 0.09053695955369599 0.13726290097629007
