1 0.07372208436724567 0.5123604218362283 0.14744416873449134 0.29989454094292783
0 0.0698511166253102 0.1800248138957816 0.1397022332506204 0.12704714640198508
1 0.711315136476427 0.5051799007444169 0.18676178660049625 0.2963027295285359
0 0.3970533498759307 0.05102357320099255 0.1293424317617866 0.1020471464019851
0 0.2381389578163771 0.18372208436724574 0.12754342431761778 0.1274813895781638
0 0.2417183622828785 0.05192307692307695 0.12748138957816377 0.1038461538461539
0 0.7239454094292804 0.1788213399503722 0.12580645161290344 0.11657568238213403
1 0.24352047146401987 0.5123604218362283 0.14905086848635232 0.31426178660049614
0 0.3907816377171216 0.1810359801488834 0.13106699751861023 0.12212158808932995
0 0.06470223325062038 0.04466501240694789 0.1285359801488834 0.08933002481389578
