0 0.2361145320197044 0.8502463054187193 0.12653940886699488 0.11761083743842367
0 0.0632389162561576 0.7094211822660099 0.10517241379310342 0.10689655172413792
0 0.5687838669950738 0.1616810344827586 0.09810960591133004 0.09603448275862068
0 0.5551416256157635 0.2984821428571428 0.10052955665024624 0.09673029556650244
0 0.557558497536946 0.5674230295566502 0.10536330049261089 0.09845443349753698
0 0.7261422413793104 0.7237407635467981 0.09983374384236454 0.09258004926108371
0 0.7297721674876847 0.5815855911330048 0.10916256157635455 0.10052339901477833
0 0.7173860837438424 0.16754310344827586 0.09803571428571417 0.09625615763546796
0 0.4009944581280787 0.1559575123152709 0.09269088669950752 0.08377463054187193
0 0.39653940886699507 0.2851878078817734 0.0980418719211824 0.08911945812807885
0 0.23700431034482763 0.15595751231527094 0.09269088669950734 0.08021551724137933
0 0.2316564039408867 0.5668195812807881 0.09268472906403939 0.0855603448275863
0 0.7269766009852215 0.3020628078817734 0.10715517241379317 0.0969827586206896
0 0.7260775862068967 0.4362253694581281 0.11286945812807889 0.10865763546798028
0 0.88435960591133 0.30446120689655176 0.10800492610837444 0.1036268472906404
0 0.8830665024630542 0.17195197044334973 0.10554187192118236 0.0930418719211823
0 0.716533251231527 0.854710591133005 0.11816502463054197 0.1036330049261083
0 0.23205357142857144 0.4235498768472906 0.10203817733990155 0.0942795566502463
0 0.07530788177339898 0.42161330049261087 0.12660098522167482 0.13041871921182271
0 0.241865763546798 0.2910129310344828 0.10025862068965494 0.09543719211822661
0 0.07364532019704435 0.5652709359605911 0.11921182266009862 0.11736453201970443
0 0.39655172413793105 0.4188731527093596 0.11231527093596032 0.1105295566502463
0 0.3938731527093597 0.7138546798029557 0.10695812807881762 0.10517241379310334
0 0.060006157635468 0.8340209359605911 0.120012315270936 0.1233374384236451
0 0.06943965517241378 0.2807266009852217 0.10341133004926112 0.0980295566502463
0 0.5559729064039407 0.43528325123152706 0.10615763546798035 0.09642857142857149
0 0.396551724137931 0.5623768472906404 0.10517241379310356 0.10160098522167493
0 0.8823245073891627 0.7118134236453201 0.10738300492610862 0.10022783251231537
0 0.8849445812807881 0.4470720443349753 0.10277093596059114 0.09352832512315264
0 0.08104371921182267 0.14526477832512316 0.11586822660098528 0.10873152709359606
0 0.8831588669950738 0.8689562807881773 0.1122536945812809 0.1122967980295565
