1 0.6664698646986469 0.7106119311193112 0.13351783517835147 0.2474600246002459
1 0.31753382533825336 0.6776752767527675 0.12996309963099614 0.21719557195571942
1 0.5053536285362853 0.13735854858548588 0.13530750307503092 0.17980934809348087
1 0.15730627306273062 0.5352429274292743 0.1228413284132843 0.21365928659286612
0 0.5082626076260762 0.17248462484624844 0.1257995079950801 0.12162361623616234
0 0.33387146371463716 0.039735547355473556 0.12878843788437874 0.07947109471094711
0 0.15977552275522747 0.033477859778597754 0.12162976629766298 0.06695571955719551
0 0.32999384993849934 0.18440959409594088 0.11984009840098406 0.10731857318573185
0 0.15470787207872083 0.17009840098400986 0.12579950799507977 0.1097047970479704
0 0.3288038130381304 0.32809655596555964 0.11983394833948334 0.1132779827798277
0 0.15530442804428035 0.3102121771217712 0.12222017220172204 0.12162976629766295
0 0.14635916359163592 0.7543911439114391 0.10314883148831505 0.10373923739237371
0 0.31896678966789677 0.7526045510455105 0.11209102091020896 0.1144710947109471
0 0.14874538745387447 0.6047416974169741 0.11506765067650668 0.11089790897908966
0 0.6747416974169742 0.7917896678966789 0.11948339483394867 0.12448954489544886
