0 0.7484019668100799 0.8325507068223724 0.11261216963736952 0.09831591886908427
0 0.2502335586969883 0.962879532882606 0.09953288260602322 0.07301167793484933
0 0.9188936693300552 0.8415058389674247 0.11202212661339915 0.10308543331284573
1 0.14711739397664414 0.8100860479409957 0.19663183773816834 0.11583282114320836
0 0.09192685925015369 0.9656422864167178 0.0969575906576521 0.06748617086662578
0 0.5619883220651506 0.8435709895513215 0.09116779348494164 0.08460971112476946
0 0.40685617701290716 0.8340811309157958 0.09652735095267378 0.09057160417947142
0 0.4065673017824216 0.9656853103872157 0.11325752919483713 0.06740012292562998
1 0.3029870928088507 0.94279963122311 0.1844744929317763 0.11317148125384148
0 0.088079287031346 0.8294038106945298 0.09891210817455443 0.0893792255685312
1 0.14605716041794714 0.9402980946527352 0.19377381684081127 0.1181745543945913
