0 0.3029428044280443 0.7597263222632227 0.11208487084870852 0.1144710947109471
0 0.13868696186961876 0.18968019680196802 0.12579950799508005 0.1097047970479704
1 0.48022140221402204 0.15596248462484627 0.13055350553505551 0.1750615006150062
1 0.1384440344403445 0.5515375153751539 0.11590405904059044 0.2060270602706027
0 0.30921894218942186 0.3583640836408365 0.11984009840098382 0.1132841328413286
0 0.12143603936039357 0.7686346863468634 0.10314268142681432 0.10373923739237381
0 0.13272447724477254 0.6225461254612547 0.1150676506765067 0.11089790897909003
0 0.47977859778597787 0.18850861008610095 0.12580565805658056 0.12162976629766298
0 0.30894833948339495 0.0548708487084871 0.12878228782287826 0.1097416974169742
0 0.1366328413284134 0.04415744157441572 0.12162976629766295 0.08831488314883144
1 0.29886223862238626 0.6972601476014759 0.12650676506765088 0.22075645756457551
0 0.30507380073800733 0.20755227552275524 0.1198400984009841 0.10731857318573183
0 0.1339421894218942 0.3262330873308733 0.12222632226322251 0.12162976629766313
