0 0.5634720416124839 0.8410500650195057 0.09304291287386217 0.08774382314694407
0 0.25425552665799733 0.7050487646293888 0.0892522756827048 0.08698959687906363
1 0.502051365409623 0.7150487646293889 0.17472691807542298 0.10434980494148252
0 0.40360858257477245 0.9647139141742523 0.08993498049414808 0.06927178153446023
0 0.5547204161248377 0.4294408322496749 0.10032509752925883 0.09349804941482444
0 0.251443433029909 0.8398569570871262 0.10347204161248359 0.09893368010403134
0 0.245591677503251 0.15708387516254876 0.0976983094928477 0.09297139141742519
1 0.34086150845253566 0.3386508452535761 0.17321846553966172 0.13463589076723012
1 0.04584525357607281 0.47977893368010394 0.09169050715214562 0.12889466840052013
1 0.35425227568270473 0.5946911573472042 0.1853185955786736 0.11800390117035112
0 0.25152470741222366 0.4387516254876463 0.08907022106632007 0.08754226267880363
0 0.06726267880364112 0.5814531859557867 0.0989596879063721 0.09013654096228865
0 0.5459232769830948 0.711553966189857 0.10135240572171629 0.09001300390117023
0 0.06400845253576082 0.44664824447334195 0.10619635890767225 0.08804291287386218
0 0.41578348504551377 0.5775682704811442 0.09770481144343296 0.09769830949284787
0 0.2520773732119636 0.9644408322496749 0.10074772431729535 0.06981794538361503
0 0.40803315994798445 0.8429388816644995 0.08774382314694425 0.0854746423927179
0 0.39818595578673593 0.2996944083224968 0.09612483745123546 0.09455136540962285
1 0.49300065019505834 0.45386215864759427 0.18594928478543551 0.12133940182054614
