0 0.735609217171717 0.7710637626262626 0.09958964646464652 0.09958964646464642
0 0.2949494949494948 0.9076704545454546 0.08901515151515152 0.09253787878787877
1 0.416439393939394 0.4073453282828283 0.17546717171717174 0.2573421717171718
0 0.5851925505050506 0.8888194444444445 0.09547348484848515 0.0967045454545453
0 0.42943181818181825 0.6259532828282829 0.0973106060606059 0.102209595959596
0 0.4340246212121212 0.7624368686868687 0.09547348484848488 0.0973106060606061
0 0.42515151515151517 0.10389520202020197 0.10710858585858575 0.102209595959596
1 0.3727209595959597 0.09785669191919193 0.1672853535353535 0.11883207070707058
1 0.2767518939393939 0.410871212121212 0.12171085858585858 0.2520580808080806
1 0.416439393939394 0.4073453282828283 0.17546717171717174 0.2573421717171718
1 0.07034406565656562 0.7321780303030304 0.11107954545454564 0.3995833333333331
1 0.6751483585858585 0.7356376262626263 0.18772095959595927 0.13219696969696942
0 0.2895864898989899 0.6348263888888889 0.10282196969696968 0.09914772727272742
