0 0.5401828012358394 0.5253681771369723 0.09225025746652935 0.08565911431513895
0 0.25427909371781676 0.03897528321318231 0.10782698249227608 0.07795056642636462
0 0.6737693099897013 0.8799999999999999 0.09584963954685914 0.10123583934088583
0 0.4012049433573636 0.28844490216271884 0.09584963954685885 0.0970442842430484
0 0.6776622039134912 0.5271652935118434 0.08566426364572587 0.09284757981462405
0 0.8139443872296601 0.6412821833161689 0.08266735324407835 0.09105046343975294
0 0.9618589083419156 0.04374613800205969 0.07525231719876402 0.08737899073120498
0 0.9576338825952626 0.40616117404737384 0.08370236869207023 0.09165293511843464
0 0.25627445932028836 0.16431513903192588 0.09884140061791957 0.10383110195674569
0 0.1160015447991761 0.04222193614830073 0.10383625128733255 0.08444387229660145
0 0.824129763130793 0.40196446961894955 0.08745623069001045 0.08686405767250265
0 0.6868383110195676 0.03872554067971166 0.08736354273944388 0.07745108135942332
0 0.949330587023687 0.7518048403707517 0.07907312049433575 0.07967559217301756
0 0.9598506694129763 0.16281668383110193 0.07926879505664268 0.08585993820803299
0 0.5398223480947477 0.04247167868177138 0.09684346035015433 0.08494335736354276
0 0.6824562306900104 0.4163414006179197 0.08806385169927915 0.0928475798146241
1 0.654899588053553 0.7077162718846551 0.12160144181256434 0.18031410916580823
0 0.8142456230690012 0.7577960865087539 0.08565911431513905 0.09285272914521134
0 0.6811380020597323 0.28730947476828017 0.08326467559217296 0.08087023686920701
1 0.12694644696189494 0.5954351184346036 0.09152420185375916 0.16389804325437685
0 0.11799948506694133 0.16431513903192588 0.10283728115345019 0.09584963954685898
0 0.8261148300720906 0.15907312049433572 0.08835736354273954 0.0863645726055613
1 0.12176879505664259 0.37288105046343967 0.10014933058702359 0.1431977342945417
0 0.12748970133882587 0.647953141091658 0.09488671472708549 0.08841915550978378
1 0.5389598352214211 0.48808187435633377 0.09704428424304835 0.14664778578784754
0 0.8316091658084449 0.041222966014418105 0.09135427394438715 0.08244593202883621
0 0.9612281153450051 0.29293769309989703 0.07651390319258523 0.08805870236869205
0 0.2640731204943357 0.7741143151390318 0.084109165808445 0.07835221421215229
0 0.39630278063851704 0.04371781668383109 0.10033985581874365 0.08743563336766218
0 0.686835736354274 0.16730947476828018 0.09035530381050477 0.0818692070030896
1 0.2615576725025746 0.708697219361483 0.09201338825952629 0.173244078269825
0 0.40240473738414007 0.40795314109165803 0.0934500514933059 0.09884140061791964
0 0.6764649845520082 0.7613903192584965 0.08686405767250265 0.08566426364572614
0 0.5423403707518022 0.292399588053553 0.09045829042224525 0.08446961894953656
0 0.5420700308959835 0.16756179196704424 0.09534500514933071 0.09335221421215238
1 0.4000798146240989 0.8288903192584965 0.09057157569515958 0.20630792996910424
0 0.12323892893923792 0.4039289392378991 0.09834191555097851 0.09085478887744597
0 0.4056127703398558 0.9034371781668383 0.08554067971163762 0.08050978372811532
0 0.8205355303810504 0.27916323377960867 0.07907312049433594 0.08446446961894964
0 0.4010478887744592 0.16805870236869208 0.10183831101956749 0.10433573635427401
