1 0.3887798165137615 0.4368935779816514 0.09306788990825687 0.13191559633027525
1 0.5813633027522935 0.43091743119266057 0.11398532110091739 0.1383192660550459
1 0.2874311926605505 0.4337321100917431 0.0875155963302751 0.1455779816513762
1 0.5813633027522935 0.43091743119266057 0.11398532110091739 0.1383192660550459
1 0.1871926605504587 0.43379449541284404 0.07531009174311938 0.14651743119266053
1 0.0869651376146789 0.44056146788990824 0.0764917431192659 0.13429724770642193
1 0.6804348623853211 0.42685321100917434 0.13838899082568798 0.14052477064220184
1 0.7697155963302752 0.42370275229357807 0.14942018348623876 0.14813944954128447
1 0.8606293577981652 0.42578532110091744 0.1629394495412846 0.13910091743119263
1 0.9510825688073394 0.7046275229357798 0.09710091743119277 0.322935779816514
1 0.8459999999999999 0.7018568807339448 0.0972110091743122 0.3263559633027522
1 0.7347706422018349 0.7040990825688073 0.1002935779816512 0.31337247706422017
1 0.6270275229357798 0.7012899082568808 0.08510091743119279 0.3232403669724771
1 0.5207155963302752 0.7070128440366972 0.08348623853211005 0.31817247706422025
1 0.40199999999999997 0.7007522935779816 0.08062385321100933 0.3102018348623852
1 0.28647706422018343 0.7093871559633028 0.08590825688073392 0.3133357798165138
1 0.178348623853211 0.6982220183486239 0.08609174311926622 0.33442568807339457
1 0.07045871559633028 0.715743119266055 0.0952660550458717 0.31537614678899084
1 0.48636513761467887 0.43240183486238537 0.10210275229357806 0.1398128440366972
