0 0.6307542457542459 0.8905869130869132 0.08076923076923072 0.07844655344655356
0 0.4961163836163835 0.8955244755244754 0.0877472527472528 0.08193806193806172
0 0.21668831168831176 0.6473126873126873 0.10459540459540462 0.08037962037962032
0 0.08255494505494503 0.6511863136863136 0.10072427572427564 0.0852297702297704
0 0.771386113886114 0.7661938061938062 0.0857092907092908 0.08377622377622386
0 0.6362812187812188 0.7741833166833167 0.08764735264735272 0.07941558441558434
0 0.49585414585414594 0.7744280719280718 0.09248751248751266 0.09055444555444563
0 0.35905844155844147 0.7749100899100899 0.09878621378621383 0.10120879120879132
0 0.35445554445554456 0.6507017982017981 0.09733266733266743 0.09200299700299717
0 0.49367382617382616 0.6497352647352647 0.09394105894105872 0.08910089910089927
0 0.6362837162837164 0.6456168831168831 0.08474525474525482 0.08280219780219773
0 0.7767157842157842 0.6480394605394606 0.0886163836163835 0.08764735264735245
0 0.9040684315684316 0.7698251748251748 0.08280219780219773 0.0832867132867133
1 0.09070179820179822 0.9527422577422576 0.09706793206793202 0.09351648351648366
0 0.3592107892107893 0.8916883116883116 0.09297702297702293 0.09413586413586417
0 0.08449300699300703 0.7712787212787213 0.0997552447552449 0.09297702297702312
0 0.765974025974026 0.8826848151848153 0.07670329670329688 0.08193306693306693
0 0.9079545454545456 0.6543231768231768 0.08278221778221781 0.08476023976023994
0 0.2186238761238761 0.7712787212787213 0.09587912087912077 0.10071928071928087
0 0.9124075924075923 0.8960464535464535 0.09413586413586417 0.08541958041958048
