0 0.03627906976744188 0.5275109993714645 0.07255813953488376 0.07905719673161518
1 0.3005311125078567 0.16144563167818984 0.07970458830923975 0.17402891263356374
1 0.3703614079195474 0.15595851665619107 0.13746700188560654 0.17914519170333135
1 0.47199874292897553 0.14974858579509745 0.15355122564424867 0.17109993714644867
1 0.5736360779384035 0.14097108736643618 0.1769516027655565 0.18865493400377115
1 0.6876995600251415 0.15047768698931488 0.1623255813953489 0.16964173475801378
1 0.7922627278441233 0.15084223758642362 0.18864864864864883 0.1674418604651163
0 0.8554368321810183 0.20531741043368948 0.09213073538654921 0.0935889377749842
0 0.7377152734129477 0.20239472030169703 0.09505342551854153 0.09651791326209924
0 0.6313230672532998 0.20458830923947205 0.08554996857322428 0.0833563796354494
0 0.5249371464487742 0.20934003771213075 0.08920804525455672 0.08847265870521681
0 0.4112350722815838 0.22067253299811443 0.08847894406033938 0.08628535512256441
0 0.30338152105593974 0.22250157133878065 0.09067253299811424 0.09140163419233192
