0 0.7924612092027823 0.6995880149812734 0.09411449973247754 0.08604601391118247
0 0.1850374531835206 0.829275013376137 0.09388443017656518 0.08506688068485817
0 0.48081326912787575 0.9567629748528627 0.10083467094703052 0.0854039593365436
0 0.041297485286249304 0.6959711075441413 0.08259497057249861 0.0954414125200644
0 0.3354654895666132 0.6941546281433922 0.0949224184055644 0.09388443017656481
0 0.4760433386837882 0.7008855002675226 0.08867308721241311 0.09079186730872137
1 0.7284216158373461 0.6853504547886571 0.1843124665596576 0.10686998394863553
0 0.18504012841091502 0.6915596575708937 0.09077581594435519 0.08869448903156761
0 0.1791171749598716 0.9539620117710006 0.08651685393258417 0.08402889245585872
0 0.04207597645799898 0.8295371856607813 0.08415195291599796 0.0969983948635635
0 0.32975655430711615 0.82071696094168 0.09180845371856616 0.0897378277153557
0 0.040947030497592275 0.9574157303370787 0.08189406099518455 0.08409844836811144
0 0.3239593365436062 0.9454975922953451 0.08216158373461765 0.08776350989834132
0 0.47188068485821294 0.8246067415730337 0.08869448903156761 0.08921348314606756
0 0.6328571428571429 0.9416024612092029 0.09680042803638332 0.09035313001605143
