1 0.6908782498414711 0.4400126823081802 0.1465884590995561 0.24347495244134437
1 0.8495212428662018 0.12916930881420424 0.1402219403931515 0.11154090044388087
0 0.23223842739378567 0.8163284717818643 0.07450856055802157 0.07819911223842736
0 0.686287254280279 0.9269816106531388 0.09442612555485089 0.10180088776157255
0 0.39637285986049453 0.9266106531388713 0.08999365884590986 0.09073557387444521
0 0.8256341154090044 0.7889473684210527 0.08790741915028517 0.08975269499048824
1 0.9646322130627775 0.7556277742549143 0.06946734305643637 0.15000000000000016
1 0.30463538363982245 0.7720767279644895 0.19247939124920732 0.1427710843373494
1 0.9558719086873811 0.4298446417247938 0.08698795180722908 0.2502663284717817
1 0.7227298668357641 0.7559353202282816 0.14138871274571976 0.15184527584020296
0 0.9612270133164237 0.13093532022828155 0.07627774254914406 0.10401395053899809
0 0.6818452758402029 0.7994800253646164 0.08708941027266963 0.08324667089410291
0 0.8248985415345593 0.6627393785668991 0.09885225110970172 0.0899936588459099
0 0.5345624603677869 0.920298034242232 0.08623335447051357 0.08580849714648035
0 0.8089759036144578 0.13838300570703868 0.0824793912492073 0.08093849080532647
0 0.9589759036144577 0.7896195307545973 0.0807799619530756 0.08852251109701985
1 0.8355326569435637 0.43291693088142036 0.1401585288522512 0.2502599873176917
