0 0.33067220052083335 0.9533382161458333 0.09770507812500004 0.08997721354166674
0 0.13650227864583336 0.2417236328125 0.08444986979166677 0.08028320312500001
0 0.3035058593749999 0.24115559895833333 0.09050781249999995 0.08444661458333329
0 0.4515738932291667 0.30042154947916666 0.09202148437500005 0.07649414062500007
1 0.08370605468749999 0.7976595052083334 0.12165039062500002 0.34960286458333334
1 0.3056656901041666 0.8061360677083333 0.12438476562500003 0.34582682291666655
0 0.06324055989583333 0.9512923177083333 0.10088216145833338 0.09315755208333305
1 0.4324072265625 0.4273291015625001 0.11025065104166658 0.30436523437500007
1 0.13793619791666667 0.3674983723958333 0.1017708333333333 0.2977571614583333
1 0.2967106119791667 0.36702311197916665 0.09706705729166668 0.3081347656249999
