0 0.5733970149253732 0.22480895522388056 0.11406567164179125 0.10887761194029857
0 0.2735522388059702 0.0874149253731343 0.09505671641791036 0.08641194029850748
0 0.7079970149253731 0.10317014925373132 0.09505074626865676 0.09648955223880591
0 0.7332000000000001 0.23638507462686564 0.09361194029850747 0.09505074626865676
0 0.42507164179104484 0.23329850746268654 0.09026268656716421 0.09305671641791055
0 0.27112835820895514 0.22580895522388064 0.0985074626865672 0.09850746268656714
0 0.569668656716418 0.08640597014925375 0.09401194029850757 0.08305671641791039
0 0.11154925373134328 0.22701791044776118 0.10695522388059707 0.09839402985074637
0 0.1177940298507463 0.08493432835820902 0.0946925373134329 0.08971343283582091
0 0.41954925373134333 0.07945671641791047 0.09759402985074617 0.09338507462686556
