1 0.3696382842509603 0.430742637644046 0.12342509603072978 0.25560819462227896
1 0.7736459667093469 0.7600832266325224 0.19036491677336712 0.13405889884763092
0 0.5244686299615878 0.6488540332906529 0.09868117797695254 0.10364916773367483
0 0.38809218950064006 0.9345390524967991 0.09026888604353395 0.09384122919334179
0 0.5201280409731115 0.11944302176696539 0.10861715749039694 0.1036491677336748
1 0.46695902688860447 0.11331946222791293 0.16964148527528808 0.12050576184378989
0 0.8349583866837387 0.7960083226632522 0.10099231754161324 0.10099231754161324
1 0.5112932138284251 0.42716709346991055 0.17793854033290665 0.2609667093469912
0 0.3826536491677336 0.6578521126760564 0.10427016645326499 0.10054417413572363
0 0.5291261203585149 0.7872599231754162 0.09681818181818193 0.09868117797695264
0 0.675969910371319 0.12005121638924454 0.09302816901408474 0.08937259923175411
0 0.6824231754161332 0.9154225352112677 0.09681818181818211 0.09806658130601775
0 0.3852272727272727 0.7996382842509602 0.10934058898847634 0.1019270166453264
1 0.5112932138284251 0.42716709346991055 0.17793854033290665 0.2609667093469912
0 0.5316357234314981 0.9228777208706788 0.10934058898847625 0.10748399487836087
