0 0.5118511685116851 0.6650123001230012 0.08242312423124226 0.07726937269372704
0 0.3118081180811808 0.13952952029520296 0.09014760147601475 0.08241697416974184
0 0.20530135301353014 0.39609471094710946 0.08671586715867159 0.0772693726937269
0 0.5077275522755227 0.8034071340713406 0.09186346863468636 0.08842558425584261
0 0.7895940959409594 0.8255135301353014 0.0892865928659287 0.08757072570725685
0 0.6213653136531365 0.5518265682656827 0.09186961869618698 0.08070110701107025
0 0.19075030750307506 0.2799015990159901 0.08671586715867162 0.08156211562115612
0 0.6029581795817959 0.15928659286592867 0.0869495694956949 0.08736777367773675
0 0.781509840098401 0.6924846248462485 0.09658671586715858 0.08585485854858567
0 0.3535209102091021 0.8004274292742927 0.08327798277982777 0.0798462484624847
0 0.4575891758917589 0.29957872078720793 0.09014760147601479 0.08843173431734333
0 0.34808118081180817 0.6814698646986469 0.09530135301353015 0.09100861008610099
0 0.781150061500615 0.5608364083640837 0.09444034440344411 0.0844280442804427
0 0.3361808118081181 0.4111439114391144 0.09959409594095939 0.08585485854858571
0 0.6132472324723247 0.2946863468634686 0.0892865928659286 0.08585485854858557
0 0.4859778597785978 0.5504643296432965 0.07813038130381304 0.07469249692496947
0 0.3447447724477245 0.5379335793357933 0.09186346863468631 0.08757687576875776
0 0.6094864698646987 0.4350891758917589 0.09701722017220187 0.0884317343173431
0 0.764338868388684 0.440639606396064 0.09945264452644531 0.08728167281672816
0 0.6041482164821648 0.031559040590405936 0.08757072570725705 0.06311808118081187
0 0.756110086100861 0.3004059040590406 0.09730012300123002 0.09014760147601471
0 0.91579950799508 0.3090959409594096 0.09444034440344402 0.08671586715867172
1 0.5367958179581797 0.24668204182041814 0.2361746617466174 0.1559717097170971
0 0.9127982779827798 0.4520448954489546 0.09873308733087334 0.09100246002460045
0 0.9153720787207873 0.5812576875768758 0.09701722017220167 0.09701722017220167
1 0.6891912669126692 0.2563068880688807 0.21470479704797044 0.1380873308733087
0 0.9269618696186961 0.6988776137761378 0.0910086100861009 0.09186346863468636
0 0.6359132841328413 0.8156888068880688 0.09529520295202949 0.09186961869618698
1 0.8283763837638378 0.25991082410824107 0.2190036900369003 0.14881303813038116
0 0.22321340713407134 0.7875461254612546 0.10560270602706033 0.09959409594095953
0 0.63360086100861 0.6886469864698647 0.09529520295202958 0.0910086100861008
0 0.21936961869618696 0.6528720787207872 0.08843173431734316 0.08585485854858539
0 0.4719987699876999 0.4203044280442804 0.08156211562115616 0.07469249692496914
0 0.209520295202952 0.5302429274292744 0.09014760147601475 0.07898523985239832
