0 0.6636649713922441 0.8581627463445647 0.09614113159567735 0.09738080101716456
0 0.36599173553719 0.6023935155753337 0.10354100445009533 0.09984106802288632
0 0.8151335028607756 0.7395835982199618 0.10028607755880484 0.10028607755880484
1 0.3530673871582963 0.3768722186904004 0.12256198347107432 0.25382072472981543
0 0.3713922441195167 0.8771455816910363 0.08963763509218055 0.0931849968213604
0 0.5114399237126511 0.7308963763509219 0.09614113159567717 0.0979910998092816
1 0.754249841068023 0.7039097266369994 0.18903369357914784 0.13312142403051466
0 0.5068150031786396 0.5934583598219961 0.0979910998092815 0.1029243483788939
0 0.5025047679593135 0.06774952320406862 0.10785759694850593 0.1029243483788939
1 0.49373172282263206 0.37332167832167845 0.17669421487603315 0.25914176732358557
1 0.49373172282263206 0.37332167832167845 0.17669421487603315 0.25914176732358557
1 0.4497075651621107 0.06166878575969484 0.16845518118245387 0.11966306420851862
