0 0.3893711018711019 0.42314708939708945 0.09573804573804578 0.08263513513513511
0 0.6721959459459459 0.04055353430353429 0.09613825363825362 0.08110706860706858
0 0.9613331600831602 0.7889682952182951 0.07629417879417899 0.08888253638253642
0 0.8353404365904367 0.904199584199584 0.08561850311850322 0.08054054054054043
0 0.9557588357588358 0.15548856548856546 0.08744282744282753 0.09271309771309764
0 0.6901325363825364 0.7728846153846153 0.0750779625779626 0.07154885654885677
1 0.5883835758835759 0.8297843035343035 0.13591476091476085 0.1941632016632018
1 0.72258316008316 0.5880821205821206 0.1201559251559251 0.19538461538461532
0 0.8193061330561331 0.42125779625779625 0.08271829521829523 0.08271309771309772
0 0.9590332640332639 0.40037162162162165 0.0808939708939711 0.09270790020790019
0 0.9613799376299377 0.5565072765072765 0.07620062370062373 0.07981288981288982
1 0.2950753638253638 0.264012474012474 0.1692983367983368 0.12395010395010396
0 0.8155457380457379 0.043734407484407475 0.09926195426195421 0.08746881496881495
0 0.6907042619542619 0.6575571725571726 0.0814708939708939 0.08150727650727661
0 0.5163071725571725 0.17847972972972972 0.07836278586278582 0.07183471933471934
1 0.13779885654885654 0.04550155925155923 0.18554573804573807 0.09100311850311846
0 0.23921777546777548 0.2926429313929314 0.0967411642411643 0.07961018711018711
1 0.8297895010395011 0.3737344074844075 0.09367463617463619 0.15454781704781695
0 0.9555067567567569 0.03995322245322246 0.08794698544698545 0.07990644490644493
1 0.9602910602910604 0.49664501039501036 0.07837837837837842 0.1734147609147609
1 0.9663071725571726 0.7152910602910602 0.06634615384615397 0.20374220374220373
0 0.3842567567567567 0.5508134095634094 0.07522869022869014 0.07673076923076927
0 0.263570686070686 0.7946959459459461 0.09490644490644486 0.09229209979209985
0 0.5638305613305613 0.8855535343035342 0.08706860706860703 0.09070166320166304
1 0.5671985446985447 0.49565228690228685 0.1306652806652807 0.16869542619542632
0 0.5300441787941788 0.5549090436590438 0.08162681912681913 0.08042099792099792
1 0.42945426195426195 0.38581340956340954 0.1567255717255717 0.1495374220374219
0 0.07671777546777547 0.05305093555093551 0.0891839916839917 0.08313929313929315
0 0.13123960498960502 0.9041268191268191 0.08126299376299374 0.07618503118503121
0 0.40767151767151766 0.6593061330561332 0.09229729729729726 0.08968295218295237
0 0.9582796257796258 0.2817073804573805 0.08240124740124755 0.09220893970893977
1 0.5572635135135134 0.14205561330561325 0.1328534303534303 0.12625259875259878
1 0.8443737006237005 0.8243866943866944 0.08786382536382528 0.20388773388773404
