1 0.03772376272376269 0.5738364338364338 0.07544752544752538 0.13719901719901703
1 0.41538259038259034 0.5730203580203581 0.08901719901719905 0.12617409617409608
1 0.7797385047385048 0.5604036504036504 0.14291681291681313 0.14169182169182165
1 0.03269041769041769 0.8367216567216568 0.06538083538083538 0.30176904176904173
1 0.3184450684450684 0.56999648999649 0.08370656370656362 0.13924183924183922
1 0.13032116532116533 0.8317936117936118 0.08761319761319766 0.30693576693576696
1 0.1267041067041067 0.5765286065286065 0.073162513162513 0.12845208845208841
1 0.22851702351702355 0.8359090909090909 0.08408213408213418 0.29400140400140395
1 0.33311161811161805 0.8357055107055108 0.09449280449280452 0.3038013338013338
1 0.4474201474201474 0.8133520533520533 0.08534924534924543 0.33022113022113014
1 0.5515654615654616 0.8296103896103896 0.09043173043173039 0.3078694278694277
1 0.6526623376623376 0.8458669708669709 0.09551070551070551 0.26925587925587924
1 0.7563022113022114 0.8392611442611443 0.08535275535275536 0.2784029484029483
1 0.6943436293436293 0.5634169884169885 0.13236574236574228 0.1344085644085645
1 0.8573990873990872 0.829101439101439 0.09652509652509644 0.3068515268515266
1 0.9546876096876097 0.8291014391014391 0.08992277992277982 0.30888030888030893
1 0.5087206037206037 0.5687241137241138 0.09765882765882772 0.13372762372762376
1 0.8666953316953317 0.5623955773955774 0.15584766584766604 0.13304668304668302
1 0.5995840645840645 0.5673043173043173 0.10902421902421909 0.13229905229905228
1 0.22256932256932252 0.57005616005616 0.07203229203229213 0.1401404001404001
1 0.41538259038259034 0.5730203580203581 0.08901719901719905 0.12617409617409608
