0 0.9263552238805971 0.6069820895522389 0.09525373134328381 0.09565970149253729
0 0.7834686567164179 0.6118059701492539 0.09485373134328362 0.09565970149253747
0 0.6383761194029851 0.6210507462686566 0.09485373134328362 0.09887761194029845
0 0.49086865671641794 0.6252507462686566 0.10610746268656725 0.10896119402985081
0 0.7886955223880597 0.7450477611940297 0.09565970149253747 0.09686567164179104
0 0.6472059701492539 0.7452149253731344 0.091665671641791 0.09651940298507448
0 0.49830149253731343 0.7442238805970149 0.08721791044776109 0.08725373134328357
0 0.781420895522388 0.49118507462686567 0.08641194029850752 0.07998208955223883
0 0.21208955223880596 0.6296507462686567 0.08440597014925373 0.09083582089552245
0 0.37269850746268657 0.7412059701492537 0.09002985074626864 0.09087761194029849
1 0.8151820895522388 0.4776388059701493 0.1423761194029851 0.11112238805970147
1 0.2755313432835821 0.6064746268656718 0.20627462686567163 0.13265074626865672
