0 0.7192779056386651 0.023078250863061 0.08466628308400487 0.046156501726122
0 0.7351869965477561 0.258386075949367 0.10558688147295747 0.10296317606444189
0 0.5762313003452244 0.12380034522439583 0.09101265822784795 0.07898158803222091
0 0.4348647871116227 0.2570684695051783 0.09435558112773289 0.08836018411967773
0 0.7185817031070195 0.13567894131185268 0.09160529344073656 0.09299194476409661
0 0.5888607594936709 0.2529085155350978 0.10993095512082877 0.10493095512082859
0 0.4359263521288837 0.12320195627157653 0.09268124280782505 0.08535673187571916
0 0.14005753739930946 0.2533716915995397 0.11314154200230142 0.1035212888377444
0 0.1407479861910241 0.12110471806674335 0.09726121979286537 0.09249712313003454
0 0.2928653624856157 0.12151898734177209 0.10563866513233625 0.08929804372842348
0 0.29019275028768704 0.25420886075949367 0.11099539700805516 0.10899309551208293
