0 0.14288724373576314 0.14365318906605923 0.09485193621867878 0.08679384965831433
0 0.5949231207289294 0.267249430523918 0.1355523917995442 0.1184396355353075
0 0.5817226651480637 0.4077904328018223 0.10057517084282465 0.09177676537585418
0 0.5957687927107063 0.5221042141230068 0.1340888382687927 0.12792141230068338
0 0.2896640091116172 0.9113610478359909 0.14641230068337124 0.13752847380410016
0 0.5961560364464692 0.6509253986332574 0.13695899772209563 0.12519931662870165
0 0.4389777904328018 0.7807744874715262 0.1311560364464692 0.1278359908883827
0 0.5934225512528475 0.7816685649202734 0.13582004555808658 0.1287129840546697
0 0.4477021640091118 0.14578587699316628 0.13455011389521648 0.10911161731207288
0 0.2912300683371299 0.5091685649202734 0.13769931662870172 0.12915717539863322
0 0.5920529612756263 0.9129271070615034 0.1344589977220955 0.1247152619589976
0 0.4455239179954443 0.26411731207289296 0.13492027334851944 0.1225398633257403
0 0.29091685649202725 0.2524772209567198 0.14367881548974956 0.11953302961275625
0 0.29125854214123015 0.6413154897494305 0.14242596810933938 0.1297835990888382
0 0.29535876993166293 0.3809225512528474 0.1433371298405466 0.12380410022779036
0 0.2895785876993166 0.7735478359908883 0.14567198177676555 0.12841685649202736
0 0.7406890660592254 0.15985763097949884 0.0794988610478359 0.06790432801822321
0 0.14080296127562644 0.9246013667425969 0.10620728929384966 0.10569476082004577
0 0.7410592255125286 0.2914720956719818 0.08334851936218678 0.07604214123006842
0 0.1369134396355353 0.6673206150341685 0.09489749430523924 0.0922380410022781
0 0.8841941913439636 0.16566343963553531 0.09231776765375839 0.0906662870159453
0 0.7292084282460136 0.5415091116173121 0.09386104783599111 0.09551252847380406
0 0.7325 0.41483485193621866 0.10009111617312087 0.09037585421412297
0 0.7380410022779043 0.6618451025056947 0.11708428246013697 0.10432801822323474
0 0.8776138952164009 0.8049487471526195 0.10818906605922544 0.0916742596810934
0 0.7292055808656038 0.8066258542141229 0.10556378132118448 0.09787585421412284
0 0.7341230068337129 0.9294333712984054 0.11551252847380421 0.10283029612756255
0 0.8833712984054669 0.3016657175398633 0.09396355353075181 0.08572323462414576
0 0.1356435079726652 0.5179128701594533 0.09258542141230065 0.09401480637813214
0 0.44324031890660587 0.9149345102505696 0.13925968109339407 0.1294134396355352
0 0.2933656036446468 0.13727220956719818 0.13673120728929378 0.100626423690205
0 0.4436503416856492 0.3928388382687927 0.1351366742596809 0.11927676537585423
0 0.44014521640091114 0.5217824601366742 0.13918564920273346 0.12750569476081997
0 0.43882403189066066 0.6531719817767654 0.13065489749430517 0.1197949886104785
0 0.8778872437357631 0.93 0.10543280182232338 0.09883826879271047
0 0.8876252847380411 0.6760392938496583 0.11505694760820047 0.10231776765375865
0 0.891640091116173 0.5457033029612756 0.10776765375854232 0.09868451025056953
0 0.14355922551252842 0.26337129840546697 0.09197038724373577 0.0881890660592255
0 0.8841913439635535 0.4214521640091116 0.10551252847380423 0.09238041002277898
0 0.13971526195899775 0.7960820045558087 0.10170842824601374 0.10125284738040996
0 0.14070330296127564 0.38422266514806375 0.09641799544419133 0.08821753986332577
0 0.5951936218678814 0.1444646924829157 0.1331890660592255 0.11330296127562646
