0 0.42623818525519847 0.07597353497164457 0.10690611216131052 0.10201638311279149
0 0.4305103969754253 0.5970447385003151 0.09712665406427207 0.10201638311279149
1 0.41754253308128547 0.37885003150598623 0.1751354757403907 0.25685570258349094
1 0.37390674228103343 0.06994643982356648 0.1669691241335853 0.11860743541272828
1 0.27811909262759926 0.3823692501575298 0.12148078134845619 0.2515816005040956
1 0.41754253308128547 0.37885003150598623 0.1751354757403907 0.25685570258349094
1 0.05416194076874601 0.746364209199748 0.10832388153749202 0.40494013862633926
0 0.43509451795841214 0.7332703213610586 0.0952930056710775 0.09712665406427225
0 0.2909294265910523 0.6059010712035287 0.1026275992438563 0.09896030245746701
0 0.5859766855702585 0.8594139886578451 0.09529300567107778 0.09652173913043464
