0 0.2659574468085106 0.03381989114299853 0.10123701138050492 0.06763978228599705
0 0.6352053438891639 0.13735774369124198 0.09881246907471564 0.0951014349332014
0 0.13814943097476487 0.35244928253339924 0.11182582879762495 0.1164769915883227
0 0.6364176150420585 0.24487877288471055 0.10282038594755082 0.09925779317169725
0 0.6342899554675903 0.03861949529935673 0.09995051954477945 0.07723899059871346
0 0.13913904007916875 0.2433943592281049 0.10578921326076186 0.09460663038099955
0 0.3876546264225631 0.032384957941613085 0.09455714992577925 0.06476991588322617
0 0.13787728847105385 0.1311479465611084 0.1063334982681841 0.10277090549233055
0 0.39007916872835224 0.14225630875804057 0.08822365165759537 0.09025235032162301
0 0.13923800098960903 0.031246907471548725 0.10173181593270654 0.06249381494309745
0 0.7508411677387433 0.04109351806036613 0.09732805541810971 0.08218703612073226
0 0.6394359228104897 0.3557644730331519 0.10103908955962382 0.10301830776843135
0 0.7502968827313213 0.1371350816427511 0.09772389905987136 0.09346857991093509
0 0.3896338446313706 0.2484908461157842 0.10227610094012882 0.09510143493320142
0 0.7538594755071748 0.24633844631370605 0.09950519544779836 0.10069272637308264
0 0.5157100445324097 0.3667986145472538 0.09703117268678892 0.0922315685304305
0 0.38715982187036124 0.3557149925779317 0.10722414646214759 0.10648193963384463
0 0.7616056407718951 0.35364918357248887 0.11212765957446835 0.10571499257793161
0 0.5145967342899554 0.24423552696684803 0.09411182582879755 0.09203364670954972
0 0.266585848589807 0.354987629886195 0.10445324096981708 0.10737258782780804
0 0.5143122216724393 0.1350766947055913 0.09923305294408691 0.10579910935180613
0 0.2666996536368134 0.24619000494804552 0.10272142503711057 0.09623948540326573
0 0.5076694705591291 0.03933696190004948 0.09866402770905468 0.07867392380009897
0 0.2646264225630876 0.1412271152894607 0.0963879267689264 0.09228104898565068
