0 0.05855569540591565 0.23990245437382005 0.08126494650723719 0.07907488986784132
0 0.6658621774701069 0.8845374449339208 0.08170547514159852 0.07467589679043447
0 0.9267935808684706 0.6349842668344872 0.08521711768407825 0.08882315921963484
0 0.4036217747010699 0.14343612334801759 0.08609817495280081 0.08794210195091252
0 0.5859188168659535 0.2998678414096916 0.08521711768407797 0.08609188168659533
0 0.6671837633731907 0.39079295154185023 0.08609817495280048 0.08346129641283843
0 0.754159848961611 0.30865009439899305 0.08785399622404015 0.08609817495280048
0 0.8305947136563876 0.22211139081183132 0.08609817495280048 0.09049087476400253
0 0.9426054122089367 0.1289867841409692 0.09752045311516666 0.09400881057268731
0 0.40581497797356825 0.6319509125235997 0.08697293895531798 0.0843423536815607
1 0.6695846444304594 0.17159534298300824 0.09663939584644435 0.15227816236626815
1 0.5989332913782253 0.105704845814978 0.09883574575204528 0.1508181246066708
0 0.49367212083071105 0.5397073631214601 0.08521711768407825 0.08258653241032093
0 0.5913089993706734 0.15398678414096914 0.08541220893643793 0.08419760855884202
0 0.6678760226557584 0.22109817495280054 0.0872435494021397 0.08297671491504086
1 0.8378477029578352 0.48838263058527376 0.11225928256765272 0.18974197608558843
1 0.9058747640025174 0.4102926368785399 0.13483322844556334 0.17631843926998111
1 0.6600062932662051 0.7939836375078666 0.10371302706104486 0.2324480805538075
1 0.5913404657016992 0.7396821900566394 0.10073001887979864 0.2239081183134046
1 0.723455003146633 0.706431718061674 0.11470106985525474 0.22451856513530544
1 0.3305506607929516 0.4691063561988672 0.10371932032724995 0.20499685336689755
1 0.42420075519194467 0.40138137193203266 0.12019509125236016 0.20987413467589675
1 0.22390497168030202 0.24989616110761478 0.10920704845814976 0.19523599748269338
1 0.4105663939584645 0.0821176840780365 0.115368156073002 0.1586217747010698
0 0.7505443675267464 0.14788860918816865 0.08541850220264317 0.07687224669603515
1 0.726626809314034 0.10011642542479543 0.11652611705475127 0.14825047199496535
1 0.9133196979232221 0.07797042164883573 0.12506607929515418 0.15594084329767147
0 0.5043706733794838 0.2235399622404027 0.08968533668974182 0.08419760855884197
0 0.409241661422278 0.4783857772183763 0.09225298930144754 0.08521711768407825
0 0.5539710509754563 0.4817652611705475 0.08541220893643785 0.08242290748898695
0 0.848222152297042 0.5492101950912524 0.09334801762114533 0.09273127753303964
0 0.9327186910006293 0.4726431718061675 0.08907488986784136 0.08967904342353687
0 0.7435997482693517 0.796019509125236 0.08273127753303966 0.08126494650723727
0 0.5867306482064192 0.8150314663310259 0.0896853366897421 0.08846444304594062
0 0.32591567023285073 0.5365198237885462 0.08541220893643789 0.09029578351164265
0 0.20175896790434228 0.32298615481434867 0.08968533668974199 0.08663939584644424
0 0.2886972938955317 0.23848646947765886 0.09151667715544358 0.0835808684707363
1 0.07352737570799248 0.16705475141598491 0.08207048458149771 0.19327879169288856
