1 0.4005447470817121 0.4456776913099871 0.18024643320363162 0.2643514915693905
1 0.05223735408560309 0.795749027237354 0.10447470817120617 0.383715953307393
0 0.5738942931258106 0.94026588845655 0.09807392996108973 0.09933852140077803
0 0.2702367055771725 0.6793547341115435 0.1056225680933852 0.10184824902723748
0 0.421151102464332 0.9463651102464333 0.11075875486381326 0.10597276264591421
0 0.4138910505836576 0.6702399481193255 0.09996108949416332 0.10499351491569404
0 0.40949416342412454 0.1339623865110246 0.1100259403372243 0.10499351491569395
0 0.5673573281452661 0.13457846952010377 0.09423476005188096 0.09053177691309984
0 0.2757457846952009 0.9557263294422826 0.09143968871595326 0.08725032425421525
1 0.35563553826199745 0.12775940337224384 0.17184176394293124 0.12206874189364447
1 0.6663002594033722 0.7829118028534371 0.19283398184176362 0.13579766536964952
1 0.2570525291828794 0.4492996108949415 0.12502594033722433 0.2589234760051879
1 0.4005447470817121 0.4456776913099871 0.18024643320363162 0.2643514915693905
0 0.7284079118028534 0.8193028534370946 0.10230220492866406 0.10230220492866415
0 0.41860894941634247 0.8104409857328145 0.09807392996108953 0.09996108949416342
0 0.27284370946822306 0.822979896238651 0.11075875486381326 0.10324902723735391
