1 0.07531997414350354 0.22059146735617327 0.10465416936005147 0.19677440206851982
1 0.7042889463477697 0.05600517129928894 0.19221073044602485 0.11201034259857788
0 0.04223658694246924 0.44800904977375566 0.08447317388493848 0.09274725274725273
1 0.470475113122172 0.06868455074337426 0.18318681318681315 0.13736910148674852
0 0.8034906270200387 0.18271493212669682 0.09475113122171934 0.09625080801551383
0 0.2357336780866193 0.20038784744667099 0.09325145442792486 0.09400129282482228
0 0.6324563671622497 0.09171622495151907 0.08152553329023904 0.08153199741435044
0 0.5730025856496445 0.18196509372979963 0.08798319327731083 0.08572721396250801
0 0.34665481577246277 0.19850678733031676 0.09099547511312214 0.0887394957983193
0 0.30192307692307696 0.09018099547511318 0.09086619263089857 0.08711053652230122
0 0.7615513897866838 0.07103749191984485 0.08277957336780825 0.08278603749191994
0 0.02879444085326443 0.20429541047188104 0.05758888170652886 0.08347123464770516
0 0.5274886877828056 0.09798319327731088 0.08340659340659319 0.08403361344537816
0 0.682420814479638 0.17970911441499676 0.09775694893341925 0.09926308985132512
0 0.463590820943762 0.18685197155785394 0.09174531351001924 0.090989010989011
0 0.09763413057530702 0.28476729153199737 0.09775048480930852 0.0996315449256625
0 0.257365869424693 0.03155462184873953 0.09212023270846817 0.06310924369747906
0 0.41409502262443443 0.11023270846800255 0.07332255979314822 0.07833225597931469
