0 0.8245883470550982 0.7866814439518683 0.08779607346421776 0.08963901203293215
0 0.9583945535148827 0.7873527549081698 0.08194426852438272 0.08841038632045617
0 0.3958708043065231 0.9241703609879669 0.08987967067764405 0.09062064597846749
0 0.6854179860671311 0.9245408486383787 0.09430652311589607 0.10167194426852451
1 0.8484452184927169 0.12773907536415458 0.1400443318556047 0.11139962001266633
0 0.6809816339455352 0.7972007599746674 0.08697910069664339 0.08314122862571273
1 0.6900031665611145 0.43818872704243195 0.14640278657378084 0.24316656111462953
0 0.8238537048765042 0.6606333122229259 0.09872704243191889 0.08987967067764405
1 0.7218144395186826 0.7537112096263459 0.14120962634578854 0.15165294490183664
0 0.23194426852438252 0.8140278657378088 0.07441418619379356 0.07810006333122228
1 0.9552944901836605 0.42803356554781496 0.08814439518682722 0.24994933502216582
0 0.5338853704876505 0.9178657378087397 0.08612412919569346 0.08569981000633295
1 0.8344743508549716 0.431101963267891 0.13998100063331229 0.24994300189993657
1 0.3042495250158328 0.7698321722609245 0.19223559214692837 0.14259024699176687
0 0.9606428119062699 0.1295028499050032 0.0774477517416086 0.10388220392653578
1 0.9640436985433819 0.7534040531982268 0.0706459784673844 0.14981000633312236
0 0.8079512349588347 0.1369411019632679 0.08237492083597206 0.08083597213426208
