0 0.23420814479638016 0.6498366013071897 0.08529914529914522 0.0833433886375063
0 0.5076546003016592 0.6585997988939166 0.08332327802916044 0.0853142282554048
0 0.09312468577174456 0.9013775766716943 0.08832076420311721 0.08247360482654605
0 0.36474610356963294 0.8884539969834088 0.0772046254399198 0.08246857717445939
0 0.09066616390145804 0.6539819004524886 0.09455505279034675 0.08968325791855221
0 0.09286073403720464 0.7794896933132227 0.09309200603318264 0.0911463046757165
0 0.3701935646053293 0.7712016088486676 0.08626948215183516 0.08432378079436909
0 0.23420563097033686 0.7792433383609855 0.08822021116138781 0.07993464052287573
0 0.5121367521367521 0.901902966314731 0.09475113122171953 0.08597787833081956
0 0.2286425339366516 0.8964077425842133 0.08129713423831063 0.0789592760180996
0 0.37555806938159886 0.6522750125691302 0.0891955756661638 0.08822021116138754
0 0.503743086978381 0.7748567119155354 0.0833433886375062 0.08383107088989436
