1 0.9414013405948891 0.7197255969836615 0.09474235441977354 0.33569752827817334
1 0.3536887306242145 0.412618349392543 0.09698785085881859 0.18958525345622113
1 0.46602639296187687 0.4016527021365731 0.0857771260997068 0.19689568496020113
1 0.6846082949308756 0.39580435693338917 0.09113531629660648 0.18519899455383323
1 0.7896355257645581 0.3889819857561793 0.0994218684541264 0.18909928780896532
1 0.8922266443234186 0.37996439044826147 0.10770423125261838 0.18178885630498534
1 0.8162463343108504 0.7241139505655635 0.10175953079178877 0.3234185169669041
1 0.37381650607457056 0.7817197318810223 0.11170506912442389 0.3169794721407625
1 0.5340636782572267 0.7507226644323419 0.10819438625890236 0.345056556346879
1 0.6709132802681189 0.7276225387515711 0.11404273146208632 0.32926267281105986
1 0.2428110599078341 0.412618349392543 0.10819438625890239 0.20128194386258902
1 0.2352094679514034 0.7685609551738583 0.1140469208211144 0.3503183912861331
