1 0.9542216312056739 0.7145780141843971 0.09084751773049635 0.31205673758865254
1 0.32625354609929075 0.72125 0.0954645390070922 0.30692553191489363
1 0.8653244680851063 0.4451294326241134 0.15745035460992926 0.1344148936170212
1 0.028758865248226916 0.45668794326241136 0.05751773049645383 0.1386099290780142
1 0.11228723404255311 0.45594148936170215 0.08478723404255314 0.1367056737588652
1 0.21035460992907803 0.4550921985815603 0.07822695035460986 0.13713475177304962
1 0.30994680851063827 0.4528085106382978 0.08854609929078029 0.14067375886524827
1 0.4049113475177305 0.45017198581560286 0.08599290780141848 0.13885460992907808
1 0.4974822695035462 0.45003546099290787 0.0981560283687944 0.1380851063829787
1 0.6080709219858157 0.4592393617021277 0.08493617021276594 0.11535815602836876
1 0.6855372340425533 0.4508049645390072 0.12240070921985821 0.12650354609929085
1 0.7733333333333334 0.44311702127659575 0.1395744680851066 0.14314893617021285
1 0.10179078014184395 0.7228741134751773 0.08726950354609925 0.2989397163120568
1 0.22058333333333333 0.7198067375886525 0.08494680851063836 0.30032269503546094
1 0.43265957446808506 0.7285780141843972 0.0862269503546099 0.27792198581560273
1 0.5356028368794327 0.7155053191489362 0.08106382978723406 0.311031914893617
1 0.6406382978723405 0.7121152482269504 0.08453900709219858 0.31082624113475177
1 0.744095744680851 0.7140673758865247 0.09819148936170223 0.30281560283687936
1 0.8505673758865249 0.712095744680851 0.09588652482269538 0.3149716312056736
