1 0.8796421536441235 0.05824031516743272 0.14519369665134588 0.11549573210768227
1 0.3154366382140512 0.7239428759028234 0.19930400525279052 0.14783322390019696
1 0.7483552199606041 0.7072291529875246 0.1464018384766907 0.1572291529875247
0 0.8541464215364412 0.6107288246881155 0.1023571897570583 0.09318450426789236
0 0.5521700590938936 0.7628299409061063 0.09495075508864079 0.10024950755088656
0 0.7106204858831254 0.8843401181877871 0.0977741300065659 0.10541037426132645
0 0.553516086671044 0.8774195666447802 0.08929087327642811 0.08885095206828621
0 0.8628036769533814 0.8823407747866053 0.09103086014445179 0.09102429415627065
1 0.7153742613263295 0.38010505581089954 0.1517859487852922 0.25210768220617197
1 0.8651575837163493 0.37275771503611294 0.14512803676953392 0.2591332895600787
0 0.8549080761654629 0.7414116874589627 0.09102429415627047 0.09293499671700592
0 0.24047275114904795 0.7697636244254761 0.07715036112934993 0.08097176625082082
0 0.6980039395929087 0.06075837163493104 0.09038739330269227 0.08592908732764287
0 0.4104267892317794 0.8839560078791857 0.09318450426789227 0.09395272488509529
1 0.5667268548916612 0.37877872619829295 0.16407747866053862 0.26031516743269867
0 0.8376592252133945 0.06778069599474722 0.08540380827314499 0.08380827314510825
1 0.4122751149047932 0.3792383453709784 0.18332895600787918 0.2648982271831912
0 0.70602101116218 0.752317793827971 0.09017728168089294 0.08619829284307313
