0 0.7902967171717171 0.5840669403220714 0.139804292929293 0.14258920113672266
0 0.957354797979798 0.5698989580044206 0.08465909090909095 0.13253552257657084
0 0.778420138888889 0.40262867066624564 0.1452872474747476 0.13436375118408597
0 0.9454766414141416 0.3806930849384276 0.1084154040404041 0.13070729396905598
1 0.477750946969697 0.7394537417113988 0.33543876262626265 0.27238395958320183
1 0.3137768308080808 0.7554025892011368 0.3527051767676767 0.30263972213451223
1 0.29180082070707075 0.5799494790022103 0.40031250000000007 0.1946952952320808
0 0.188136047979798 0.8203457530786233 0.15076704545454547 0.13070729396905587
0 0.3603772095959596 0.8217161351436691 0.1315814393939394 0.12065361540890432
0 0.15295612373737372 0.6261114619513735 0.14437184343434342 0.1444174297442374
0 0.814056186868687 0.7828702241869278 0.15808080808080796 0.15081780865172073
