1 0.37294747081712065 0.7289818417639429 0.12605058365758745 0.41830090791180286
1 0.5779863813229573 0.7191018158236057 0.10951361867704272 0.4239494163424125
1 0.6927042801556421 0.7595849546044098 0.12045395590142664 0.43333333333333346
1 0.8111867704280156 0.7163326848249028 0.10706874189364447 0.4251815823605708
1 0.22122892347600526 0.7314299610894941 0.11576523994811934 0.3858171206225679
1 0.041202983138780784 0.37734435797665367 0.08240596627756157 0.2559468223086899
1 0.948099870298314 0.7007911802853437 0.07980544747081715 0.41143968871595327
1 0.8705317769130999 0.7016050583657588 0.082230869001297 0.414182879377432
1 0.7422762645914397 0.6861381322957198 0.05658884565499334 0.30931906614786003
1 0.6392931258106355 0.7099059662775615 0.058845654993514775 0.40664721141374816
1 0.5185862516212709 0.7019844357976653 0.07544747081712071 0.41041504539558993
1 0.43710765239948113 0.705003242542153 0.08902723735408546 0.41645265888456523
1 0.3084760051880674 0.709526588845655 0.07770428015564199 0.4058884565499352
1 0.04450389105058366 0.7105220492866408 0.08900778210116732 0.15340466926070048
0 0.032811284046692625 0.7452853437094683 0.06562256809338525 0.09053177691310002
0 0.038884565499351514 0.07165045395590143 0.07776913099870303 0.10637483787289233
