0 0.162509765625 0.2916959635416666 0.08785807291666684 0.08406901041666656
1 0.6376888020833333 0.551025390625 0.1711718749999998 0.2105533854166665
0 0.18428385416666665 0.5371549479166666 0.09846354166666652 0.09341145833333336
1 0.7372851562499999 0.5544335937500001 0.19768229166666657 0.2173697916666668
1 0.8296842447916667 0.5442089843750001 0.15072265624999948 0.19843098958333327
0 0.565498046875 0.19695963541666664 0.07384765625000013 0.07889322916666658
0 0.7519401041666667 0.08701497395833332 0.09593749999999979 0.08836588541666668
0 0.5225162760416667 0.09048828125 0.08520182291666656 0.08520833333333339
0 0.4975748697916666 0.2858658854166667 0.09164713541666664 0.08937499999999995
0 0.13047851562499996 0.45286783854166673 0.0824023437499998 0.0819596354166669
0 0.04566406250000007 0.16794270833333336 0.09132812500000013 0.09725260416666677
0 0.38585937500000006 0.2877604166666667 0.09391927083333318 0.09467447916666671
0 0.407646484375 0.10500325520833338 0.09277994791666683 0.08899088541666669
0 0.6153483072916667 0.2741276041666667 0.09240234374999985 0.09164062499999996
0 0.24677083333333333 0.37274414062499994 0.09845052083333353 0.1003450520833332
0 0.954658203125 0.2699609375 0.08938151041666655 0.09694010416666661
1 0.224296875 0.30810872395833333 0.10540364583333309 0.1981835937500001
0 0.03836588541666671 0.5234570312500001 0.07673177083333342 0.0927734375
0 0.15931315104166677 0.8202278645833334 0.07998046874999992 0.07270833333333321
0 0.10405273437500001 0.60369140625 0.08543619791666666 0.08188802083333323
0 0.2302018229166666 0.8906673177083334 0.08179687499999994 0.07725911458333344
0 0.1227473958333333 0.084619140625 0.08268229166666667 0.07952473958333323
0 0.0343033854166667 0.6913997395833335 0.0686067708333334 0.09188802083333321
0 0.6797037760416668 0.18462239583333329 0.08400390624999987 0.08463541666666666
0 0.37425781250000006 0.642548828125 0.08816406250000003 0.08452473958333338
1 0.8577701822916666 0.11922526041666666 0.19358723958333365 0.15904947916666665
1 0.211025390625 0.8020540364583333 0.09724609375000023 0.23994140625000004
1 0.13557617187499993 0.7606998697916666 0.10267578125 0.16995442708333353
1 0.6222819010416667 0.12931640625 0.18449869791666665 0.18994791666666666
0 0.4728710937500001 0.6220996093749999 0.08725260416666664 0.08906901041666665
0 0.8357454427083333 0.26693359375 0.09845703124999972 0.09997395833333324
1 0.14723307291666674 0.25414388020833334 0.1066666666666668 0.16220703125000005
1 0.08379557291666669 0.39387695312500004 0.15076822916666663 0.17746744791666655
1 0.42864908854166667 0.5532975260416666 0.15147786458333312 0.21206380208333328
0 0.7255436197916666 0.2692057291666667 0.08861328124999988 0.0863411458333333
0 0.4525227864583333 0.17676432291666674 0.09151692708333348 0.08773437499999998
0 0.9154427083333333 0.15748372395833332 0.083372395833333 0.0833789062500001
0 0.5860221354166667 0.6220996093749999 0.09906249999999994 0.09452473958333335
1 0.3619596354166667 0.5725455729166665 0.09161458333333322 0.20154947916666655
0 0.7854231770833335 0.178310546875 0.08210937499999983 0.08211588541666673
0 0.6941764322916665 0.6257356770833332 0.10087890624999957 0.09634114583333336
0 0.7991471354166664 0.6275520833333332 0.09451822916666676 0.09997395833333328
1 0.5286263020833334 0.5479947916666666 0.17268229166666688 0.20903645833333356
0 0.8900325520833334 0.6157356770833333 0.08179687499999974 0.08179687500000021
