0 0.36599540581929557 0.662263910158244 0.09056151097498716 0.0895712098009186
0 0.355017866258295 0.9020597243491576 0.0783869321082187 0.0837314956610516
0 0.49614344053088305 0.7867228177641653 0.0846197039305767 0.08511485451761107
0 0.2168300153139357 0.9101352730985198 0.08254211332312396 0.08016845329249621
0 0.36054874936191933 0.7830117406840224 0.08759060745278209 0.08561510974987245
0 0.5046656457376212 0.9157146503318018 0.0962021439509954 0.087294538029607
0 0.2224783052577846 0.7911766207248597 0.08957120980091901 0.08115875446656455
0 0.07896886166411436 0.7914267483409902 0.09451761102603383 0.09254211332312416
0 0.07923685553854004 0.9151812149055639 0.08967330270546203 0.08373660030627873
0 0.07674068402246045 0.6639969372128637 0.09600306278713613 0.09105666156202157
0 0.5001148545176111 0.6686855538540071 0.08459928534966811 0.08662072485962236
0 0.22248085758039823 0.659788157223073 0.0866054109239407 0.0846197039305767
