0 0.7509596211365902 0.12199900299102691 0.10321535393818528 0.0962013958125623
0 0.028497008973080742 0.19916001994017948 0.056994017946161483 0.08618644067796619
0 0.10810069790628121 0.2758250249252243 0.08016949152542381 0.07716350947158528
0 0.6582652043868394 0.21268943170488536 0.0921934197407775 0.0851794616151545
0 0.7554710867397807 0.3078938185443669 0.08819042871385836 0.08517946161515445
0 0.194790628115653 0.029932701894317026 0.09117647058823508 0.05986540378863405
0 0.2829710867397806 0.10747008973080759 0.08117647058823536 0.07916749750747754
0 0.37266201395812554 0.19515453639082753 0.09018943170488536 0.08618145563310073
0 0.10559571286141578 0.10696660019940181 0.09920737786640069 0.08618644067796602
1 0.19902791625124627 0.8809521435692922 0.15931206380857424 0.23709870388833498
0 0.19679960119641074 0.3740104685942174 0.08315054835493503 0.08321535393818547
0 0.28797607178464596 0.2843344965104686 0.09120638085742776 0.08616650049850443
0 0.19578265204386838 0.19616400797607175 0.08518444666001973 0.08215852442671989
