0 0.8186689741976086 0.6501825047199495 0.09810572687224656 0.0893140339836375
0 0.5305254877281309 0.9057960981749528 0.08558212712397734 0.08516047828823141
0 0.8028665827564506 0.12978602894902455 0.0818565135305223 0.08032724984266824
0 0.6766960352422908 0.7858904971680302 0.08643171806167403 0.08261799874134701
1 0.8292227816236627 0.4220956576463184 0.13910006293266217 0.2483700440528633
0 0.9555097545626178 0.7761044682190057 0.08772183763373208 0.08785399622404044
1 0.9524292007551918 0.4190465701699181 0.0938829452485841 0.2483763373190685
1 0.8431057268722466 0.12064191315292642 0.1391629955947136 0.11069855254877288
1 0.9611233480176211 0.742369414726243 0.07649465072372558 0.14886721208307133
1 0.7172718691000629 0.7426746381371933 0.14032095657646318 0.1506985525487729
