1 0.5392751532636134 0.8469166967183556 0.09291020555355202 0.3054453660295709
1 0.43227551388388025 0.832823656689506 0.08768842408943388 0.33363144608727013
1 0.20126217093400647 0.5856797692030293 0.07400649116480357 0.14398124774612325
1 0.49525604038946985 0.5843112152902993 0.1003353768481789 0.13739271547060944
1 0.7737017670393077 0.5757627118644069 0.1468337540569782 0.14557518932564004
1 0.5886098088712585 0.5828525063108546 0.11201226108907326 0.13592499098449326
1 0.8630418319509557 0.5778092318788316 0.16011900468806364 0.13669311215290306
1 0.9534457266498378 0.8463956004327443 0.09238730616660643 0.30648755860079346
1 0.8534908041831951 0.8469166967183556 0.09917057338622443 0.3054453660295709
1 0.29976559682654164 0.5856184637576631 0.08600072124053361 0.14305805986296427
1 0.7496231518211324 0.8594428416877028 0.08769203029210257 0.2803930760908763
1 0.6859664623151821 0.5788586368553914 0.13599350883519645 0.13809231878831593
1 0.39935989902632524 0.5887252073566535 0.09145690587811033 0.12963216732780375
1 0.10648575549945911 0.8482780382257483 0.09001442481067441 0.3027226830147855
1 0.1027695636494771 0.5923296069239092 0.0751676884240893 0.1319725928597188
1 0.6431428056256762 0.8651857194374325 0.09812838081500175 0.26890732059141714
1 0.20737288135593224 0.8537143887486477 0.08638658492607292 0.2918499819689866
1 0.39935989902632524 0.5887252073566535 0.09145690587811033 0.12963216732780375
1 0.31483411467724476 0.8510926794085827 0.09708258204111071 0.2970934006491165
