1 0.283195211786372 0.6217096378146102 0.21316758747697975 0.13570902394106818
0 0.2061817065684469 0.6543339472068753 0.08182934315530997 0.08435850214855743
0 0.7911387354205034 0.5181737262124003 0.08133210558624919 0.07885205647636599
0 0.38674340085942294 0.7611632903621853 0.09164518109269489 0.08992633517495398
0 0.5212400245549418 0.7575905463474524 0.09165131982811536 0.08754450583179878
0 0.6718078575813383 0.7635420503376305 0.09402701043585032 0.09349294045426644
0 0.8170165745856353 0.7599693063228975 0.09403314917127076 0.09349294045426654
0 0.9519429097605894 0.6242848373235114 0.09488643339472067 0.09587476979742174
0 0.8098741559238797 0.6281522406384286 0.08926335174953982 0.08337630448127688
0 0.6521669736034377 0.6442510742786985 0.08569674647022717 0.07855739717618171
0 0.5021976672805402 0.6528821362799263 0.09165131982811546 0.09343769183548196
1 0.8384990791896869 0.4955310006138735 0.14759361571516275 0.12378146101903002
