0 0.3140499457111835 0.9571444082519002 0.08336590662323587 0.08462540716612378
0 0.03536373507057552 0.8416965255157438 0.07072747014115104 0.09842019543973943
0 0.47320304017372417 0.9634581976112921 0.10231270358306192 0.07199782844733985
0 0.7894191096634093 0.709842562432139 0.09549402823018482 0.08730727470141153
0 0.46413952225841476 0.8366938110749186 0.08999457111834952 0.09052117263843659
0 0.03457383279044514 0.706172638436482 0.06914766558089028 0.09684039087947893
0 0.17309174809989145 0.8414305103148753 0.0952605863192184 0.08631378935939185
0 0.6274755700325734 0.9545114006514657 0.09821932681867569 0.08989142236699228
0 0.1730944625407167 0.7016965255157438 0.09210640608034737 0.08999457111834958
0 0.4683631921824105 0.711159066232356 0.08997285559174815 0.09212269272529869
1 0.7244408251900107 0.6953963083604777 0.18701411509229102 0.10843648208469055
0 0.3257247557003258 0.704329533116178 0.09631378935939192 0.09526058631921808
0 0.3199321389793703 0.8327470141150922 0.09315418023887084 0.09105320304017371
0 0.1670846905537459 0.9623859934853422 0.08778501628664484 0.07414223669923982
