1 0.6595497901564288 0.4156943914536436 0.09906905761159875 0.15019839755818393
1 0.7619477298740938 0.414765356734071 0.09148035101106444 0.15047691720717285
1 0.9639965661961083 0.6986474628004578 0.07124380007630667 0.3228958412819535
1 0.5598397558183899 0.4177451354444869 0.1096299122472338 0.15223960320488364
1 0.4613716138878291 0.4221861884776802 0.1132277756581458 0.14158718046547114
1 0.8673349866463184 0.7046756962991225 0.09523464326592919 0.3159519267455171
1 0.8634032811903853 0.4139469668065624 0.07952689813048443 0.14845860358641733
1 0.3709729111026326 0.4196089278901183 0.1331552842426554 0.14787867226249518
1 0.2813639832125143 0.4212724151087371 0.14780236550934756 0.1429645173597863
1 0.758584509729111 0.7011903853491034 0.08878290728729497 0.32801983975581844
1 0.1820869896985883 0.42111980160244183 0.17485692483784815 0.14735978634109106
1 0.6371518504387638 0.6934566959175887 0.09387638305990084 0.33906905761159867
1 0.5194276993513927 0.706161770316673 0.10050362457077448 0.3247081266692104
1 0.9640385349103395 0.41465471194200687 0.07115986264784437 0.14567722243418532
1 0.41239603204883635 0.7028481495612361 0.09719191148416632 0.31808088515833655
1 0.12796642502861502 0.7033956505150707 0.0927127050743991 0.3214040442579169
1 0.3238286913391835 0.7152632582983594 0.08367417016405956 0.2995078214421976
1 0.2191377336894315 0.6966291491797024 0.09938191529950395 0.32526898130484555
