0 0.717352279122116 0.5634018007878447 0.08959482273494661 0.0847101857062466
0 0.4499634214969049 0.802281935846933 0.08900956668542494 0.08378728193584684
0 0.7155740011254925 0.3164490714687676 0.09119302194710197 0.08557118739448508
0 0.5894231851435001 0.5523072594259989 0.101525042205965 0.08998311761395615
1 0.23972988182329766 0.8013505908835115 0.17692740574001103 0.0847495779403489
0 0.43112549240292636 0.188725379853686 0.09534046145188528 0.08478897017445132
0 0.15917839054586377 0.29154192459200895 0.09807540799099616 0.08861001688238605
0 0.15931907709622956 0.41473550928531233 0.09903207653348338 0.09061902082160941
0 0.5813702870005626 0.3080022509848058 0.09836240855374226 0.09564434440067529
0 0.5819217782779966 0.6748818232976926 0.08911086100168818 0.08490151941474397
0 0.5898846370287002 0.9190658413055711 0.08849184018007913 0.0839842431063592
0 0.5830557118739449 0.4252504220596511 0.09396736072031509 0.09198649409116481
0 0.30172200337647725 0.4127743387732133 0.09361845807540803 0.07790658413055718
0 0.30750984805852555 0.9181344963421495 0.10325830050647174 0.09642656162070913
0 0.5888970174451323 0.8074169949352841 0.09810917276308398 0.08657287563308953
0 0.7227096229600452 0.8090151941474395 0.0828081035453008 0.07330332020258853
1 0.24524479459763657 0.9163731007315701 0.18007878446820486 0.09273494653911085
0 0.44319639842431063 0.29739167135621836 0.10710185706246467 0.09277996623522795
0 0.7139898705683736 0.19974113674732696 0.09001688238604394 0.07956105796285877
0 0.45050928531232404 0.9203517163759144 0.08987619583567821 0.08850309510410806
0 0.7213646595385482 0.6870793472144063 0.08552054023635358 0.07737760270118176
0 0.5819752391671356 0.17981148002250985 0.09987619583567804 0.08825548677546424
0 0.16130838491840177 0.16370568373663477 0.09122678671918946 0.08959482273494651
0 0.30424592009003937 0.15796848621271806 0.10179516038266764 0.10589758019133373
0 0.44254361283061333 0.4256387169386606 0.09589195272931915 0.08929656724817114
0 0.7228756330894768 0.44191615081598207 0.10348902644907124 0.09287000562746209
0 0.72339617332583 0.9314096792346651 0.08959482273494651 0.09095666854248731
0 0.29733821046707926 0.2872594259988745 0.10261114237478904 0.09886325267304444
0 0.3009622960045019 0.7951800787844682 0.09263927968486212 0.09236353404614511
0 0.3018711311198651 0.6601350590883511 0.09862127180641532 0.09481148002250986
0 0.44373944850872266 0.5487056837366348 0.09299380979178391 0.09133370849746775
0 0.30276589758019123 0.5400393922341024 0.09827236916150821 0.09617332583005067
0 0.16397017445132245 0.6578052898142939 0.09939786156443448 0.09846933033202024
0 0.1622763083849184 0.5329628587507035 0.10482273494653908 0.10070343275182891
0 0.4505655599324706 0.6773072594259988 0.09043894203714124 0.08466516601012951
