0 0.9033721643163704 0.7622900061312078 0.10817903126916006 0.11293071735131822
1 0.7492152053954629 0.813982219497241 0.10613120784794591 0.22938687921520548
1 0.9135530349478846 0.6894451256897608 0.11469650521152668 0.21654812998160647
0 0.39931330472103 0.3381729000613121 0.09757204169221326 0.0907296137339058
0 0.9044512568976089 0.19545677498467195 0.11293684855916628 0.10580012262415692
0 0.09443592887798902 0.8579736358062539 0.09244022072348251 0.08644389944819116
0 0.8993960760269774 0.34383200490496624 0.10877375843041068 0.10698957694665848
0 0.9016952789699572 0.4877651747394237 0.11768853464132416 0.10758430410790946
0 0.08185469037400374 0.038387492335990196 0.09671980380134886 0.07677498467198039
0 0.23874310239117114 0.04155426118945431 0.09928877988963827 0.08310852237890862
0 0.9008338442673205 0.9021796443899448 0.10461066830165565 0.0986695278969958
0 0.9027713059472716 0.052535254445125724 0.11293684855916628 0.09866952789699575
0 0.24969957081545063 0.44499386879215214 0.09586756591048444 0.08730226854690362
0 0.26210913549969345 0.8611434702636419 0.10356836296750464 0.09244022072348257
0 0.42054261189454323 0.7282188841201718 0.10099938687921524 0.0873022685469038
0 0.405904353157572 0.46810239117106067 0.10356836296750434 0.09500306560392383
0 0.40188534641324347 0.046903740036787246 0.11297976701410176 0.09380748007357449
0 0.5568914776210913 0.06171060698957693 0.10356836296750463 0.09671367259350093
0 0.7353525444512569 0.05529123237277748 0.11126916002452478 0.10613120784794598
0 0.5682709993868793 0.18325260576333535 0.09928877988963822 0.09329858982219501
0 0.5679307173513181 0.32602084610668314 0.10613733905579406 0.10185162477007975
0 0.7330380134886572 0.19763028816676886 0.1052789699570816 0.1001410177805027
0 0.7368914776210914 0.4704996934396075 0.11126916002452487 0.10356223175965686
0 0.7349233599019006 0.8931545064377684 0.10698957694665848 0.09671980380134888
0 0.5676732066217045 0.8958920907418763 0.10185775597792765 0.09329245861434718
0 0.5776026977314531 0.7397731453096261 0.09158798283261807 0.08987124463519314
0 0.5770049049662783 0.607961373390558 0.10613733905579414 0.0984365419987739
0 0.24353770692826496 0.31249846719803803 0.09757204169221341 0.09244022072348267
0 0.08519006744328628 0.46741876149601463 0.09586143470263635 0.08559166155732674
0 0.08895769466584919 0.3149785407725321 0.09586756591048429 0.08815450643776827
0 0.08938687921520538 0.1717811158798283 0.10356836296750464 0.09244022072348256
0 0.3978602084610669 0.33824034334763947 0.09757204169221334 0.09860208461066823
1 0.306023911710607 0.27928877988963824 0.17481912936848565 0.14479460453709372
1 0.7478969957081546 0.4175352544451257 0.11503372164316367 0.17255671367259326
1 0.15304414469650518 0.28033415082771307 0.19408338442673215 0.14050889025137947
1 0.46728387492336 0.664779276517474 0.15406499080318833 0.19515021459227463
1 0.6174371551195584 0.5541263028816676 0.14636419374616808 0.20285714285714293
