0 0.11703984819734345 0.3336717267552182 0.09564832384566746 0.0974889310562934
1 0.24930107526881717 0.18966476913345984 0.08020872865275172 0.1751296647691334
1 0.7441429475015815 0.1789943074003795 0.1898418722327642 0.16850094876660346
0 0.5821853257432005 0.2330803289057558 0.08609108159392775 0.08388361796331431
0 0.25216951296647694 0.25110689437065153 0.09124604680581895 0.09197975964579384
1 0.5241334598355472 0.16906072106261857 0.17807084123972186 0.18984819734345343
0 0.05633143580012647 0.49340290955091715 0.09566097406704603 0.09075268817204303
0 0.6892504743833016 0.2308728652751423 0.0956546489563564 0.09712839974699551
0 0.8077166350411132 0.23381404174573053 0.09271347248576842 0.09418089816571781
0 0.4751265022137887 0.2378621125869703 0.08977229601518015 0.08903225806451609
1 0.4218532574320051 0.17789373814041745 0.15452245414294735 0.1721821631878557
1 0.31957305502846295 0.1841429475015813 0.13833649588867808 0.18027830487033536
1 0.6389184060721064 0.17862745098039215 0.16335230866540174 0.17071473750790633
0 0.36070524984187213 0.2492662871600253 0.08903858317520555 0.08683111954459201
1 0.07895635673624284 0.2688393421884884 0.13981024667931682 0.19058191018342815
1 0.044996837444655345 0.4299841872232764 0.08999367488931069 0.19646426312460472
