1 0.059349716446124766 0.4175633270321361 0.07880529300567092 0.1505141776937617
1 0.8464007561436673 0.6926502835538751 0.10396975425330819 0.33660491493383715
1 0.06324574669187148 0.7050491493383744 0.09437051039697546 0.3176975425330813
1 0.169015122873346 0.6977145557655955 0.09056710775047268 0.3273005671077504
1 0.7375066162570888 0.695149338374291 0.09193572778827988 0.3228506616257088
1 0.9511928166351608 0.6956937618147448 0.09685822306238173 0.3327032136105862
1 0.6258733459357277 0.6913100189035917 0.10287712665406418 0.3349073724007561
1 0.5169792060491494 0.6962419659735349 0.09740642722117193 0.33161436672967864
1 0.2816767485822306 0.7028071833648394 0.1017807183364839 0.3272325141776939
1 0.40480151228733463 0.7064725897920605 0.0919319470699434 0.30020415879017004
1 0.856413988657845 0.4084177693761815 0.16786767485822318 0.1433081285444234
1 0.7627504725897921 0.4062722117202269 0.1539395085066165 0.15262003780718345
1 0.6707693761814745 0.4095179584120983 0.1425746691871455 0.14477504725897924
1 0.5687013232514178 0.4137051039697543 0.11743289224952744 0.14250283553875245
1 0.5687013232514178 0.4137051039697543 0.11743289224952744 0.14250283553875245
1 0.47082986767485824 0.415234404536862 0.10519092627599252 0.14404158790170124
1 0.3702930056710775 0.4122627599243856 0.09588279773156899 0.15110396975425341
1 0.2658790170132325 0.4166049149338374 0.09016257088846863 0.1499810964083176
1 0.1626086956521739 0.4166691871455577 0.07758790170132335 0.15094896030245744
