0 0.4309327065809006 0.44041316180108864 0.09626422563087586 0.09876793666501743
0 0.951311232063335 0.6820385947550718 0.09638792676892612 0.11311232063334982
0 0.9506185056902523 0.7951756556160317 0.09777337951509156 0.10633349826818424
0 0.8353537852548243 0.4534388916378031 0.10989609104403757 0.10826323602177143
0 0.9565066798614549 0.45650667986145477 0.08599703117268663 0.09292429490351307
0 0.8315314200890649 0.34242701632855027 0.0974517565561603 0.09910440376051462
0 0.9580603661553686 0.23608114794656113 0.08288965858485883 0.09502226620484903
0 0.9512122711528944 0.9141761504205841 0.09658584858980708 0.11741712023750625
0 0.9559623948540327 0.3398317664522514 0.0870856011875309 0.10509648688767938
0 0.9610836219693223 0.1263483424047501 0.07684314695695181 0.09416130628401782
0 0.8333498268184067 0.5706828302820386 0.09252845126175172 0.09109351806036617
0 0.8357496288965859 0.1195744680851064 0.10514596734289948 0.09306284017812964
0 0.6966353290450272 0.5662295893122217 0.10509648688767928 0.10257298367144975
0 0.8398713508164275 0.23545522018802573 0.09531914893617018 0.08882236516575953
0 0.828426521523998 0.6769915883226125 0.11266699653636807 0.10836219693221173
0 0.6927337951509154 0.6790326571004452 0.0952845126175161 0.09299851558634346
0 0.8296882731321128 0.7928500742206829 0.11825828797624938 0.10890648193963397
0 0.9561108362196933 0.5728599703117269 0.08678871845620974 0.09435922810489843
0 0.8285254824344385 0.9148688767936664 0.12434438396833251 0.12157347847600182
