0 0.647984742530197 0.5719071837253654 0.09738080101716466 0.0936808645899555
0 0.16695804195804195 0.5833089637635092 0.09306420851875388 0.08936427209154477
1 0.48728544183089634 0.3521932612841704 0.1057978385251113 0.13918626827717742
0 0.647984742530197 0.5719071837253654 0.09738080101716466 0.0936808645899555
0 0.4868245390972663 0.321071201525747 0.08936427209154486 0.08382072472981561
0 0.3305880483153211 0.5842339478703116 0.10107438016528941 0.0912142403051494
0 0.1658359821996186 0.45802288620470444 0.09022250476795923 0.08504767959313413
1 0.1840909090909091 0.4816147488874762 0.10785123966942155 0.12387794024157667
1 0.33603305785123966 0.4757120152574698 0.10939605848696758 0.12736808645899556
0 0.3284297520661158 0.450495867768595 0.09182453909726639 0.08504767959313408
0 0.49175143038779406 0.5780705657978386 0.10661792752701843 0.09614113159567707
