1 0.8468091259640103 0.45225578406169664 0.14205012853470447 0.253637532133676
0 0.8198939588688946 0.15374678663239075 0.08359254498714651 0.08203084832904874
0 0.9651703084832904 0.8137724935732648 0.0683740359897174 0.08971722365038569
0 0.5417769922879178 0.9462146529562981 0.08739717223650383 0.08696658097686356
0 0.691047557840617 0.8237660668380462 0.08826478149100253 0.0843701799485863
0 0.8360314910025707 0.6851799485861182 0.1001863753213366 0.09120822622107971
0 0.5404595115681234 0.8340552699228792 0.09293701799485857 0.09812339331619546
0 0.9674517994858614 0.14619858611825196 0.06381105398457583 0.10541773778920309
0 0.8367769922879177 0.8130912596401029 0.08909383033419008 0.09096401028277624
1 0.700202442159383 0.45944730077120827 0.14856683804627246 0.2467609254498714
0 0.40172236503856035 0.9526124678663239 0.09120822622107957 0.0919601542416454
0 0.6955494858611825 0.9503791773778919 0.09570051413881736 0.09795629820051432
0 0.23537275064267354 0.8408419023136248 0.07551413881748073 0.07925449871465305
0 0.6832005141388175 0.14687339331619534 0.08847043701799494 0.08410668380462734
0 0.8327699228791774 0.029730077120822616 0.08255784061696674 0.05946015424164523
1 0.3087467866323907 0.7959929305912595 0.19507712082262205 0.14469794344473005
1 0.7324839331619537 0.7796336760925451 0.1432969151670951 0.1538946015424166
1 0.8609865038560411 0.1444087403598972 0.14211439588688946 0.11304627249357334
1 0.9620244215938303 0.44914203084832893 0.07466580976863756 0.2536439588688945
0 0.8445051413881748 0.9510314910025708 0.08910025706940865 0.08909383033419017
