1 0.5365045703839123 0.44201462522851925 0.10506032906764155 0.14589396709323585
1 0.6320585009140768 0.44004936014625223 0.09493967093235839 0.1439378427787934
1 0.933471663619744 0.712798903107861 0.08758683729433289 0.3062559414990859
1 0.7301882998171846 0.4398025594149909 0.08766727605118826 0.14291773308957947
1 0.8274149908592322 0.44260694698354663 0.07621206581352824 0.1338062157221206
1 0.35551005484460696 0.4457148080438757 0.12760511882998166 0.13788665447897622
1 0.17978244972577695 0.4452486288848264 0.1569981718464351 0.14121755027422297
1 0.9272760511882998 0.4358647166361974 0.07503473491773305 0.14598171846435096
1 0.44214076782449735 0.4490329067641681 0.1085082266910421 0.1301608775137112
1 0.269636197440585 0.4453948811700183 0.14164168190127965 0.1370054844606946
1 0.8311828153564901 0.7085118829981718 0.0912650822669105 0.31972943327239484
