0 0.7388664183076105 0.3967722192655668 0.09101649813730717 0.09596061734965403
0 0.7339116551357104 0.5113118680149015 0.08853645556146866 0.09596061734965398
0 0.8873416711016499 0.13087812666311865 0.09131985098456627 0.08926024481106973
0 0.7433927621075039 0.13939063331559345 0.09338477913783942 0.08461415646620543
0 0.1608994145822246 0.38394358701436937 0.10163916977115499 0.09390101117615753
0 0.5937732836615222 0.13965141032464076 0.09854177754124546 0.09648217136774878
0 0.44802288451303873 0.1401649813730708 0.10525279403938272 0.10783395423097397
0 0.5918227780734434 0.5094544970729111 0.09534326769558277 0.0885311335816923
0 0.729888238424694 0.8759765832889834 0.09906333155934034 0.10463012240553492
0 0.03371208089409262 0.7839143161255987 0.06742416178818524 0.09101117615753071
0 0.7326742948376795 0.7533901011176158 0.08977647684938801 0.08853645556146904
0 0.45199308142629063 0.7642442788717402 0.08564662054284204 0.08151676423629599
1 0.16337413517828625 0.8075279403938265 0.10026609898882373 0.2221021820117086
0 0.16472325705162327 0.8839169771154868 0.09243746673762641 0.08986695050558807
0 0.8750745077168707 0.749675359233635 0.0885311335816924 0.09596593932943072
1 0.3010031931878659 0.46523682810005323 0.11768493879723262 0.18188398084087276
0 0.30366684406599254 0.5224667376263971 0.10166045769026076 0.09523682810005325
0 0.8747631718999467 0.6292549228312933 0.08543906333155932 0.0941032464076637
0 0.44942522618414055 0.38810271420968595 0.09658328898350188 0.102155401809473
0 0.885290047897818 0.38191325172964347 0.09038850452368277 0.08977647684938805
1 0.04048430015965942 0.7084725918041511 0.08096860031931884 0.20862160723789244
1 0.16473124002128792 0.5818706758914316 0.09459286854709968 0.1693932943054816
1 0.1593799893560404 0.3518547099521021 0.10350718467269814 0.14799893560404465
1 0.59055880787653 0.4709180415114423 0.10029803086748258 0.1515646620542842
0 0.4481852048962215 0.2645875465673231 0.09906333155934001 0.10029803086748272
1 0.7105774348057479 0.6961681745609366 0.13105375199574243 0.19079297498669506
0 0.03311335816923897 0.1352634379989356 0.06622671633847795 0.09493347525279398
0 0.45274081958488555 0.9001995742416179 0.08840872804683357 0.08320915380521549
0 0.15548430015965944 0.13629590207557213 0.1062852581160193 0.09906333155934013
0 0.03041777541245342 0.5458861096327834 0.06083555082490684 0.08172432144757848
0 0.4501383714741884 0.6493613624268226 0.10377860564129862 0.0941458222458755
1 0.03710484300159661 0.48459020755721127 0.07420968600319322 0.17756785524215002
0 0.2983954230973922 0.13629590207557213 0.102155401809473 0.10731240021287924
0 0.8815753060138372 0.2549946780202235 0.08172432144757875 0.08729643427354987
0 0.03414316125598721 0.26450505588078765 0.06828632251197442 0.09441724321447585
0 0.3137493347525279 0.9063065460351251 0.09539648749334753 0.08558807876530083
0 0.5940526875997871 0.2686748270356572 0.09349121873336894 0.08730175625332623
1 0.44372006386375734 0.5894491750931345 0.10163916977115467 0.19043640234167114
0 0.7375039914848324 0.26341405002660995 0.08605641298563053 0.08358169238956895
0 0.1652927088877061 0.6361495476317188 0.09806812134113889 0.09138371474188399
0 0.3064555614688664 0.76654071314529 0.08692921766897296 0.08097924427887165
1 0.30385577434805744 0.6989302820649282 0.09509845662586487 0.17905268759978712
