1 0.19596049783549782 0.9445102813852815 0.10524350649350661 0.10989718614718613
0 0.9566991341991342 0.8899512987012986 0.08309523809523817 0.08372294372294375
0 0.9497781385281385 0.7379247835497834 0.09820346320346324 0.09191017316017308
0 0.7927137445887446 0.7347781385281384 0.1000919913419915 0.0906493506493508
0 0.7920806277056278 0.8707521645021645 0.10764610389610374 0.11205627705627723
0 0.6428869047619048 0.8638284632034633 0.1000919913419912 0.09316558441558435
0 0.6454058441558441 0.7341477272727273 0.09883116883116902 0.09191017316017318
0 0.4921212121212122 0.7319426406926407 0.1095346320346321 0.09757575757575755
0 0.4899161255411255 0.8550135281385283 0.11267857142857134 0.10324134199134184
0 0.34449675324675333 0.8625676406926407 0.10890692640692655 0.10071969696969689
0 0.1931006493506493 0.7401271645021644 0.11079004329004317 0.09631493506493509
0 0.34607142857142853 0.730370670995671 0.1095346320346321 0.09568722943722958
