0 0.8436219195849546 0.6155252918287937 0.10109597924772999 0.09203631647211415
0 0.8273378728923476 0.07926718547341116 0.08435149156939041 0.08277561608300898
0 0.8443741893644617 0.7445979247730221 0.08990272373540845 0.09178988326848252
1 0.706559662775616 0.3877431906614786 0.14991569390402068 0.24900129701686116
0 0.5453664072632944 0.7657522697795072 0.09378080415045391 0.09901426718547365
0 0.6894033722438393 0.07233138780804148 0.08927367055771743 0.08487029831387814
0 0.23750972762645917 0.7726005188067445 0.07619974059662775 0.07997405966277567
1 0.3115499351491569 0.7273443579766535 0.19684824902723727 0.1460116731517509
1 0.8688035019455252 0.06984435797665373 0.1434046692607003 0.11407263294422834
1 0.7391342412451362 0.7108365758754864 0.144597924773022 0.15529182879377434
0 0.7018644617380025 0.8857652399481192 0.09656939040207513 0.10411154345006483
0 0.5466958495460441 0.8789299610894942 0.08819066147859918 0.08775616083009063
0 0.8521725032425422 0.8837905317769131 0.08990920881971463 0.08990272373540853
0 0.4053696498054475 0.8853858625162128 0.09203631647211401 0.09279507133592746
1 0.8544974059662775 0.3804863813229572 0.1433398184176395 0.2559403372243838
0 0.6973216601815825 0.7553696498054474 0.08906614785992222 0.08513618677042822
0 0.9693936446173799 0.7452853437094683 0.059915693904020816 0.09053177691310002
