1 0.418045540796964 0.06967741935483869 0.11901328273244803 0.13935483870967738
0 0.8575743200506009 0.5235262492093611 0.09382036685642002 0.09320050600885518
0 0.7630360531309297 0.2817488931056293 0.08829854522454134 0.08653383934218846
1 0.9252182163187855 0.06326691967109423 0.12633776091081583 0.12653383934218845
1 0.9170303605313093 0.3852308665401644 0.13862745098039211 0.1810120177103098
0 0.9513978494623657 0.10117647058823531 0.09593927893738129 0.09448450347881096
1 0.8477134724857684 0.46514547754585706 0.11302340290955105 0.19249209361163816
1 0.7342473118279569 0.6854522454142947 0.11743833017077786 0.22163187855787486
0 0.20783997469955717 0.29615749525616697 0.09013915243516761 0.08707779886148002
0 0.8398576850094875 0.19477229601518023 0.0865338393421885 0.09094876660341554
0 0.676315623023403 0.19375395319418093 0.08768500948766604 0.08339658444022763
0 0.5012302340290955 0.5139753320683113 0.08564832384566747 0.08300442757748257
1 0.6063820366856421 0.0777988614800759 0.10246679316888038 0.14532574320050615
0 0.5119829222011385 0.19620809614168244 0.09013915243516744 0.08462365591397843
0 0.2952182163187855 0.21123023402909546 0.09197975964579364 0.08400379506641367
1 0.3391113219481341 0.44395319418089807 0.11125237191650847 0.20838709677419362
1 0.7342599620493359 0.07370018975332067 0.12386464263124633 0.14740037950664134
0 0.9455660974067047 0.4410531309297913 0.08952561669829213 0.09013915243516749
1 0.2300600885515496 0.22452877925363687 0.11213788741302974 0.20397216951296634
0 0.7594022770398482 0.12017394054395951 0.08585072738772927 0.07726122707147368
0 0.4129285262492093 0.606685641998735 0.08741302972802034 0.08476913345983558
1 0.5982258064516129 0.7123814041745732 0.10692599620493366 0.22604048070841232
1 0.6711163820366857 0.7702150537634408 0.11302340290955097 0.23399114484503478
0 0.0639120809614168 0.21265338393421887 0.08167615433270074 0.07947501581277665
0 0.41637254901960774 0.4523434535104364 0.09271979759645803 0.08564832384566756
0 0.7524225173940543 0.771584440227704 0.08314990512333977 0.08167615433270087
0 0.9365433270082226 0.6097343453510436 0.08564832384566756 0.0892726122707147
1 0.07895951929158762 0.1394370651486401 0.08248576850094867 0.19425679949399105
0 0.4107242251739405 0.11569892473118278 0.08653383934218879 0.08838709677419357
0 0.5947596457938014 0.7906925996204933 0.09013915243516772 0.08891208096141665
1 0.4331499051233396 0.37243200506008856 0.12273244781783682 0.21015180265654645
0 0.674291587602783 0.8605502846299811 0.08211891208096143 0.07505376344086048
0 0.3326249209361163 0.5107716635041113 0.08584440227703975 0.09075268817204311
0 0.5939437065148641 0.27292220113851984 0.08564832384566719 0.08652751423149903
0 0.6756198608475648 0.36430740037950665 0.08653383934218842 0.08388361796331455
0 0.5993611638203667 0.126302972802024 0.08584440227703975 0.08462365591397847
0 0.5618342820999368 0.4557400379506642 0.08584440227703975 0.08283997469955744
