0 0.4014434889434889 0.34476351351351353 0.10002457002456992 0.0950798525798526
0 0.7433845208845208 0.46746621621621615 0.1114742014742015 0.10375307125307111
0 0.7401781326781327 0.8962499999999999 0.10718673218673228 0.09689803439803431
0 0.9037192874692876 0.35106265356265365 0.10897420147420134 0.10718673218673232
0 0.9074600737100736 0.4812622850122851 0.11790540540540562 0.10778255528255518
0 0.9116308353808354 0.04784398034398034 0.11313882063882057 0.09568796068796068
0 0.09007063882063882 0.46191031941031935 0.09603808353808349 0.08574938574938569
0 0.7459582309582309 0.050064496314496304 0.1114742014742015 0.10012899262899261
0 0.580509828009828 0.7417628992628993 0.0917567567567568 0.09003685503685492
1 0.15694717444717446 0.27900491400491406 0.19443488943488943 0.14077395577395568
0 0.5742506142506142 0.18030712530712528 0.09947174447174449 0.09346437346437338
0 0.9087837837837839 0.18245085995085994 0.11314496314496293 0.10599508599508599
1 0.9170792383292382 0.6888728501228499 0.11490786240786234 0.21694717444717446
1 0.752438574938575 0.8136394348894349 0.10632678132678124 0.2298095823095824
1 0.6186363636363637 0.5533046683046683 0.14663390663390652 0.2032309582309583
1 0.46643120393120385 0.667718058968059 0.1543488943488942 0.19550982800982797
0 0.9058476658476659 0.7602027027027027 0.10837837837837845 0.11314496314496313
0 0.2699938574938575 0.8615018427518425 0.103759213759214 0.09261056511056509
0 0.4049969287469287 0.46300675675675684 0.1037530712530712 0.09517813267813248
0 0.5832033169533171 0.6210257985257986 0.10633292383292389 0.09861179361179365
0 0.420279484029484 0.7293642506142506 0.10118550368550372 0.08746314496314483
0 0.08878685503685509 0.04072788697788695 0.09689803439803439 0.0814557739557739
0 0.5593488943488943 0.05339373464373462 0.10375921375921371 0.09689803439803439
0 0.7422020884520882 0.19924140049140052 0.10547297297297305 0.1003255528255528
0 0.26057739557739557 0.03042076167076166 0.09947174447174449 0.06084152334152332
0 0.267438574938575 0.2957954545454546 0.09775184275184284 0.09261056511056509
0 0.5708200245700245 0.3305405405405405 0.10633292383292389 0.10203931203931192
0 0.09344901719901717 0.17416769041769048 0.10375307125307115 0.09261056511056509
1 0.7511179361179362 0.4164619164619165 0.11524570024570022 0.1728746928746926
0 0.08314189189189192 0.31227579852579856 0.09603808353808349 0.08832309582309596
0 0.4081726044226044 0.04349815724815728 0.11318796068796064 0.08699631449631456
1 0.3030958230958231 0.281517199017199 0.17514742014742032 0.14506142506142494
1 0.29685503685503684 0.043197174447174476 0.18436117936117927 0.08639434889434895
0 0.25124385749385736 0.44912469287469287 0.09603808353808346 0.08746314496314493
