1 0.4154198089492207 0.4058848667672197 0.1516038210155857 0.14465057817998983
0 0.07421065862242333 0.08399698340874807 0.0862694821518351 0.08042232277526397
0 0.7888939165409753 0.06976621417797887 0.09601809954751127 0.09504776269482151
0 0.23140020110608348 0.3157591754650579 0.09357968828557073 0.077008547008547
0 0.9360910005027653 0.3051809954751132 0.09796380090497736 0.089195575666164
0 0.930972850678733 0.06537707390648566 0.09845651080945199 0.08919557566616394
1 0.947229763700352 0.7226772247360483 0.09765711412770235 0.19647561588738066
1 0.7944142785319256 0.28314731020613376 0.0947410759175465 0.13826043237807947
1 0.2845751633986928 0.2894871794871795 0.1618200100553042 0.1194167923579688
1 0.1351256913021619 0.07502765208647562 0.1791603821015586 0.08877828054298638
0 0.7930392156862744 0.3076194067370538 0.09845651080945189 0.08822021116138763
0 0.9380392156862744 0.41996732026143796 0.09894419306184032 0.08967823026646556
0 0.37664655605832076 0.44199849170437416 0.09260935143288093 0.07993464052287583
0 0.9326797385620916 0.183086978381096 0.1008949220713926 0.08968325791855197
0 0.9386375062845652 0.7958647561588738 0.09124183006535945 0.08597787833081956
