0 0.5265982028241336 0.12231707317073166 0.10889602053915273 0.10391527599486525
1 0.5177406931964058 0.43083119383825424 0.17839537869062916 0.26163671373555847
0 0.5381354300385108 0.9278145057766367 0.1096213093709885 0.10775994865211808
1 0.47329268292682936 0.1161777920410783 0.1700770218228498 0.12081514762516032
1 0.37572207958921694 0.43441591784338884 0.12374197689345312 0.2562644415917842
0 0.3942233632862643 0.9395057766367138 0.0905006418485238 0.09408215661103968
1 0.5177406931964058 0.43083119383825424 0.17839537869062916 0.26163671373555847
1 0.041819640564826684 0.8127053915275995 0.08363928112965337 0.37330551989730437
0 0.5356193838254173 0.7918485237483954 0.0970667522464699 0.09893453145057772
1 0.15109114249037234 0.7718421052631579 0.11921694480102679 0.4134017971758666
0 0.3887708600770218 0.6621084724005135 0.10453786906290116 0.10080231065468563
0 0.5309499358151477 0.6530872913992298 0.09893453145057753 0.10391527599486522
0 0.3913510911424904 0.8042586649550705 0.10962130937098846 0.10218870346598202
