0 0.3542579390797149 0.45925469863901486 0.09360985093972782 0.08670123136746598
1 0.20018794556059624 0.35029488010369414 0.1221386908619571 0.14099157485418012
0 0.029455605962410918 0.7184219053791315 0.058911211924821835 0.08062864549578741
0 0.03039857420609201 0.8577446532728451 0.06079714841218402 0.08220349967595628
0 0.18964679196370707 0.5946500324044071 0.09487362281270247 0.091101749837978
0 0.5157323395981852 0.32731367465975375 0.091101749837978 0.08545042125729098
0 0.3564581983149709 0.5955930006480882 0.1030395333765394 0.09298768632534031
0 0.5207550226830849 0.5893097861309138 0.10869086195722619 0.09801036941023976
1 0.36200907323395976 0.4849611147116008 0.11152300712896955 0.12984445884640314
0 0.6800259235255994 0.5830265716137394 0.09927414128321443 0.09550226830848994
0 0.6800259235255994 0.5830265716137394 0.09927414128321443 0.09550226830848994
1 0.5162022034996759 0.3590408295528192 0.10785482825664301 0.14189241736876218
1 0.036889176928062185 0.6074756966947504 0.07377835385612437 0.13194426441996118
1 0.20711276733635778 0.49097861309138036 0.1099481529488011 0.1262864549578743
0 0.18850291639662994 0.4669280622164614 0.09197666882696034 0.08670123136746588
0 0.17832469215813354 0.3107128969539858 0.08745949449125083 0.07992222942320162
