0 0.8891096774193548 0.07283548387096773 0.08261935483870941 0.08262580645161301
0 0.7602645161290326 0.0934741935483871 0.08136774193548373 0.08137419354838717
0 0.6555 0.09972903225806445 0.08324516129032246 0.08387096774193548
0 0.810132258064516 0.1812967741935484 0.09756774193548355 0.09907096774193543
1 0.13194193548387095 0.3827387096774194 0.14109677419354855 0.2041483870967741
0 0.700925806451613 0.18354838709677418 0.08781290322580632 0.0855612903225806
0 0.5917258064516129 0.18842580645161294 0.0915677419354837 0.09081290322580644
0 0.02898709677419359 0.4355032258064517 0.05797419354838718 0.09193548387096771
0 0.43037096774193556 0.09194193548387104 0.09069032258064529 0.08694193548387096
0 0.5423258064516129 0.11195483870967742 0.07318064516129041 0.07818064516129022
1 0.8295870967741936 0.0593161290322581 0.1839870967741931 0.1186322580645162
0 0.47501612903225804 0.20005806451612906 0.09081935483870966 0.08856774193548386
0 0.1429774193548387 0.20583548387096773 0.08706451612903245 0.08330967741935473
1 0.7130967741935486 0.0658290322580645 0.17721290322580663 0.131658064516129
0 0.36430967741935494 0.20193548387096774 0.09307096774193532 0.0938193548387097
0 0.03621935483870974 0.08320000000000002 0.07243870967741949 0.09637419354838715
0 0.22647741935483867 0.28615161290322577 0.09756129032258083 0.09943870967741929
1 0.5986903225806451 0.0686967741935484 0.1881548387096773 0.1373935483870968
1 0.4751645161290323 0.06687096774193546 0.17564516129032257 0.13374193548387092
1 0.389683870967742 0.0577516129032258 0.1204000000000003 0.1155032258064516
1 0.2017903225806451 0.22182903225806447 0.11154193548387091 0.19910322580645157
1 0.1254032258064516 0.16736129032258065 0.11836774193548401 0.14854193548387098
0 0.08504838709677423 0.5150129032258065 0.08466451612903227 0.08114838709677401
0 0.16455483870967735 0.44907741935483864 0.09757419354838692 0.09256774193548394
0 0.9309677419354838 0.18429677419354837 0.09456774193548381 0.09606451612903215
