1 0.6818399690761501 0.45408194820255127 0.10037108620023193 0.27520680324700425
1 0.21307112485504442 0.492899110939312 0.42614224971008885 0.5807421724004639
1 0.3505585620409741 0.2433706996521067 0.28097023579435626 0.2607189795129493
1 0.4875492848859682 0.20558562040974102 0.07560108233475062 0.13436412833397757
1 0.47435446463084646 0.4578585233861616 0.08580208735987617 0.27844607653652886
1 0.5830885195206803 0.4616389640510244 0.08310011596443753 0.2838422883649015
1 0.8229532276768458 0.4670332431387707 0.10306919211441841 0.29355624275222264
1 0.949192114418245 0.4729686896018554 0.10084267491302662 0.31082334750676455
1 0.8518747584074218 0.1933030537301894 0.08742172400463843 0.14699265558562044
1 0.9560166215693854 0.1933030537301894 0.08719366061074584 0.14958252802473906
