1 0.45299946438136046 0.5868103910016068 0.10229244777718244 0.1916604177825389
1 0.5973031601499732 0.6973701124799142 0.10853240492769149 0.18864488484199274
0 0.4587412961971077 0.38416979110873056 0.09720407070166043 0.10281199785752539
0 0.7486716657739689 0.2586797000535619 0.08660953401178349 0.08411890733797538
1 0.30936529191215856 0.4617996786288162 0.1184413497589717 0.18305302624531333
0 0.45749330476700595 0.2598607391537226 0.09970005356186387 0.10094268880557049
0 0.3067407605784681 0.13074450990894484 0.1028119978575253 0.10800214247455817
0 0.8871264059989287 0.7480664167113016 0.08910016068559189 0.09658275307980727
0 0.03714247455811464 0.7825254418853775 0.07428494911622928 0.09159614354579547
0 0.03757632565613282 0.2597777182645956 0.07515265131226564 0.09502410283877886
0 0.8994724156400644 0.1252919121585431 0.09190680235672208 0.08983395822174613
0 0.7410069630423138 0.875179432244242 0.09970005356186415 0.10530262453133388
0 0.7500428494911624 0.3928950187466524 0.09160149973219074 0.0965773968934119
1 0.04055704338510981 0.4812774504552758 0.08111408677021963 0.17870915907873589
0 0.0365399035886449 0.1297054097482592 0.0730798071772898 0.09554365291912151
1 0.04395822174611679 0.706598821638993 0.08791644349223358 0.20996250669523298
1 0.7215720407070167 0.6942153186930904 0.13189608998393143 0.192019282271023
0 0.7545982860203535 0.13385913229780402 0.09398500267809325 0.08515800749866097
0 0.7438109266202464 0.7518050348152117 0.09035350830208895 0.08910551687198716
0 0.04182645956079273 0.8852008569898232 0.08365291912158546 0.08523835029459025
0 0.6050562399571504 0.7613283342260311 0.08786288162828056 0.08656668452062127
1 0.6007820032137118 0.46751740760578475 0.10094268880557039 0.15253883235136578
0 0.17220942688805574 0.8831708623460097 0.0930316014997322 0.09044456347080894
0 0.03382699517943223 0.5429673272629888 0.06765399035886446 0.08224959828602027
1 0.3122362078200321 0.6969951794322443 0.09570969469737549 0.1802035350830209
1 0.1708516336368505 0.8062908409212641 0.1009105516871986 0.22352972683449382
0 0.17278253883235128 0.6338109266202462 0.09869844670594537 0.09197107659346548
0 0.3148527048741296 0.7650401713979647 0.08748794858061072 0.08149973219068014
0 0.6020540974825925 0.5063015532940547 0.09595607927155869 0.08910016068559179
0 0.4613256561328334 0.7627289769683984 0.08619710765934663 0.08204070701660411
1 0.16683181574718797 0.3476888055704338 0.1041724692019281 0.1489501874665238
1 0.1722174611676486 0.5791831815747188 0.09520085698982338 0.17048205677557576
0 0.7450562399571504 0.5081708623460096 0.08910551687198698 0.0965773968934119
0 0.16291108730583828 0.13074450990894484 0.10696839850026796 0.099700053561864
0 0.45945902517407605 0.6471076593465451 0.1044456347080878 0.0947509373326193
0 0.8974076057846814 0.3779405463310123 0.0909694697375469 0.09035350830208895
0 0.604017139796465 0.134121585431173 0.09917514729512601 0.09710230316014995
0 0.4573299410819495 0.13463845741831815 0.10592929833958223 0.10852704874129626
0 0.32219335832886975 0.9057043385109802 0.0960096411355115 0.08613818960899859
0 0.8868130690948045 0.6268719871451528 0.08598821638993027 0.09470808784145698
0 0.8936689876807713 0.25020621317621855 0.08224959828602064 0.08785752544188552
0 0.4620782003213712 0.8995581146223889 0.08897696839850039 0.08374397429030517
0 0.6042983395822175 0.26397429030530256 0.09409212640599905 0.08786288162828065
0 0.31204606320299944 0.5193974290305302 0.10231387252276378 0.09584895554365297
0 0.16836100696304235 0.3799839314408142 0.10229244777718281 0.09450455275843601
