1 0.46795626242544724 0.6505984095427436 0.14431809145129218 0.15264811133200792
1 0.6173638170974156 0.6418091451292246 0.15541948310139178 0.14986878727634192
1 0.6862842942345925 0.6390357852882704 0.1628190854870775 0.14524453280318098
1 0.3090775347912525 0.8990079522862825 0.0873717693836977 0.20118886679920472
1 0.21865606361829018 0.9092882703777335 0.08962226640159048 0.18062823061630237
1 0.8925805168986084 0.890817097415507 0.0928349900596419 0.2175705765407555
1 0.8137216699801194 0.8832683896620278 0.09058449304174952 0.2326679920477137
1 0.7040218687872762 0.8768449304174951 0.0786998011928429 0.24551491053677937
1 0.571196819085487 0.8842326043737575 0.08737176938369776 0.23073956262425446
1 0.11313320079522864 0.9025427435387673 0.084803180914513 0.1941192842942346
1 0.44254671968190856 0.8909781312127237 0.07805566600397612 0.21724850894632214
1 0.053811133200795246 0.6714135188866799 0.10762226640159049 0.16836978131212707
1 0.1358369781312128 0.6660934393638172 0.11656461232604368 0.16976143141153083
1 0.23135586481113316 0.6626262425447316 0.13183300198807157 0.16467196819085478
1 0.3106858846918489 0.6554552683896621 0.1350656063618289 0.16791252485089467
1 0.3920954274353877 0.6524493041749503 0.1415427435387674 0.16282306163021865
