1 0.04971221441124779 0.3215114235500879 0.09942442882249558 0.15384885764499118
1 0.4058501757469244 0.5834666080843585 0.08126977152899817 0.30974516695957827
1 0.48149824253075585 0.30668936731107205 0.16918277680140595 0.14260544815465725
1 0.5574011423550088 0.30566783831282957 0.1819639718804919 0.14056239015817223
1 0.6294727592267136 0.3015773286467487 0.19320738137082608 0.13442882249560628
1 0.7462412126537786 0.5471770650263621 0.07518892794376099 0.29441564147627436
1 0.4947891036906853 0.5878119507908611 0.08331282952548329 0.2826537785588752
1 0.6711291739894552 0.557146309314587 0.07615992970123013 0.29185852372583465
1 0.07872583479789107 0.5952240773286467 0.09864674868189806 0.3547275922671352
1 0.18708699472759224 0.5988027240773287 0.09456063268892803 0.3261028119507909
1 0.5906260984182777 0.5645540421792618 0.08689367311072055 0.3046353251318102
1 0.29059094903339194 0.5875571177504394 0.08484622144112484 0.31179261862917385
1 0.12856107205623904 0.31895650263620384 0.14516256590509682 0.15078646748681898
1 0.22056458699472764 0.3133326010544816 0.1564103690685412 0.15180579964850618
1 0.3089916520210896 0.3107776801405975 0.16254393673110717 0.14874340949033385
1 0.3930733743409491 0.30873242530755707 0.16918717047451687 0.14771968365553606
