0 0.5734625240230621 0.25372197309417044 0.09092248558616252 0.09017296604740552
0 0.7903299167200512 0.24664317745035233 0.09688020499679657 0.09837283792440733
0 0.08875080076873797 0.06724855861627163 0.08135810377962843 0.0782511210762331
0 0.6818930172966047 0.24887892376681617 0.08719410634208828 0.08495836002562455
0 0.07035554131966693 0.5780076873798846 0.08406790518898144 0.08057655349135165
1 0.11560538116591933 0.4466848174247278 0.14308776425368333 0.20390134529147982
0 0.2107879564381806 0.35075912876361304 0.0968737988468932 0.09873798846893009
1 0.1710538116591929 0.2892857142857142 0.13950672645739912 0.20032671364509919
0 0.9103139013452914 0.2496220371556694 0.09390134529147974 0.09538757206918635
0 0.3476489429852659 0.26713645099295324 0.09241511851377303 0.09315823190262659
0 0.149301729660474 0.5125368353619474 0.09688661114670068 0.09191543882126844
1 0.3447437540038437 0.20490711082639332 0.08123638693145452 0.17737347853939775
1 0.4159160794362588 0.19931454196028187 0.14010890454836641 0.18258808456117884
1 0.5195067264573993 0.19298526585522102 0.1565022421524662 0.1743882126841767
1 0.6230973734785393 0.1840390775144138 0.18035233824471517 0.19228058936579107
1 0.7393529788597053 0.1937283792440743 0.1654452274183217 0.17290198590647013
0 0.4575752722613708 0.2652722613709161 0.09017937219730938 0.08794362588084564
1 0.8459256886611148 0.19409993593850097 0.1922741832158874 0.17065983344010255
