0 0.6344766708701135 0.5672194199243379 0.0965825977301387 0.09291298865069358
0 0.6344766708701135 0.5672194199243379 0.0965825977301387 0.09291298865069358
0 0.15739281210592687 0.5785277427490542 0.09230138713745266 0.08863177805800757
0 0.31968158890290044 0.5794451450189155 0.10024590163934442 0.09046658259773017
0 0.4795239596469105 0.5733322824716267 0.10574401008827239 0.09535308953341741
0 0.3175409836065574 0.44680327868852454 0.09107187894073145 0.0843505674653215
0 0.15627994955863808 0.4542686002522068 0.089482976040353 0.08435056746532155
1 0.17438524590163937 0.47766708701134936 0.10696721311475416 0.12286254728877682
1 0.4750945775535939 0.3493064312736444 0.1049306431273645 0.1380453972257251
1 0.3250819672131147 0.471812736443884 0.10849936948297603 0.12632408575031526
0 0.47463745271122315 0.31843947036569986 0.08863177805800775 0.08313366960907946
