0 0.07868070362473349 0.7169882729211088 0.09146588486140726 0.08526652452025599
1 0.571521855010661 0.8082702558635394 0.1362526652452026 0.12948294243070366
0 0.6893949893390192 0.6995628997867804 0.09859808102345416 0.09239872068230276
0 0.5295175906183369 0.8456263326226013 0.08036780383795301 0.07367270788912583
1 0.30262526652452026 0.9333475479744138 0.17363006396588487 0.12712153518123664
1 0.14132462686567163 0.7063512793176973 0.19029317697228146 0.09912046908315553
0 0.967161513859275 0.6972468017057569 0.06461087420042644 0.09456823027718557
0 0.9674200426439231 0.8220469083155649 0.06409381663112998 0.09508528784648185
0 0.38038912579957357 0.7122148187633262 0.09178038379530924 0.07999466950959497
0 0.24533848614072495 0.9606769722814499 0.09921641791044784 0.07757995735607687
0 0.836412579957356 0.7019003198294244 0.10180170575692961 0.10077292110874198
