1 0.513900269541779 0.6614285714285714 0.22157951482479796 0.08393530997304591
0 0.7216388140161725 0.1893800539083558 0.10163881401617247 0.08497035040431265
0 0.6030053908355795 0.2900646900269542 0.10202156334231803 0.09994609164420479
0 0.7387870619946093 0.7768140161725067 0.092657681940701 0.0778005390835581
0 0.6090835579514826 0.768921832884097 0.10431266846361223 0.09741239892183291
1 0.5170026954177898 0.42568733153638816 0.23068463611859846 0.11283018867924528
0 0.6098706199460918 0.5232938005390836 0.10489487870619965 0.09767115902964968
0 0.7338409703504043 0.6569892183288409 0.09431266846361169 0.08015633423180593
1 0.5198517520215632 0.7733692722371968 0.23274932614555258 0.07557951482479786
0 0.6057816711590295 0.6465498652291106 0.10512668463611846 0.10760107816711599
0 0.7287466307277628 0.30204312668463607 0.09747169811320716 0.08835579514824798
0 0.7280080862533693 0.539 0.08571967654986545 0.0813962264150943
0 0.604932614555256 0.39850134770889484 0.09826415094339605 0.09157951482479787
1 0.5167708894878706 0.5439622641509434 0.22586522911051213 0.09256064690026958
0 0.7342048517520217 0.8920269541778977 0.09854447439353119 0.09499730458221048
0 0.732088948787062 0.4193423180592992 0.09576819407008118 0.08755795148247984
0 0.6020431266846361 0.17440970350404314 0.10052830188679221 0.08614555256064692
1 0.5156684636118597 0.877142857142857 0.2265606469002695 0.09056603773584904
0 0.6039622641509433 0.8771159029649596 0.10690026954177904 0.10334231805929939
