1 0.059349716446124766 0.6149168241965973 0.07880529300567092 0.15051417769376177
1 0.8464007561436673 0.8606616257088846 0.10396975425330819 0.2779206049149338
1 0.06324574669187148 0.8715879017013232 0.09437051039697546 0.2560680529300566
1 0.169015122873346 0.8655198487712665 0.09056710775047268 0.26820415879017
1 0.7375066162570888 0.8653497164461248 0.09193572778827988 0.26854442344045354
1 0.9511928166351608 0.8631587901701323 0.09685822306238173 0.2729262759924385
1 0.6258733459357277 0.8604158790170132 0.10287712665406418 0.27841209829867664
1 0.5169792060491494 0.8637051039697541 0.09740642722117193 0.2718336483931946
1 0.2816767485822306 0.8680831758034027 0.1017807183364839 0.2630775047258978
1 0.40480151228733463 0.876672967863894 0.0919319470699434 0.2458979206049148
1 0.856413988657845 0.6057712665406427 0.16786767485822318 0.14330812854442346
1 0.7627504725897921 0.603625708884688 0.1539395085066165 0.15262003780718333
1 0.6707693761814745 0.6068714555765596 0.1425746691871455 0.14477504725897927
1 0.5687013232514178 0.6110586011342154 0.11743289224952744 0.14250283553875237
1 0.5687013232514178 0.6110586011342154 0.11743289224952744 0.14250283553875237
1 0.47082986767485824 0.6125879017013233 0.10519092627599252 0.14404158790170132
1 0.3702930056710775 0.6096162570888468 0.09588279773156899 0.15110396975425325
1 0.2658790170132325 0.6139584120982986 0.09016257088846863 0.14998109640831758
1 0.1626086956521739 0.6140226843100189 0.07758790170132335 0.15094896030245744
