0 0.8514917127071825 0.6626795580110497 0.08141190914671578 0.07455494168201345
0 0.36887968078575817 0.7746562308164519 0.09692449355432768 0.10112338858195208
0 0.5236279926335174 0.7660282381829343 0.09607120933087793 0.09426642111725003
0 0.6606169429097606 0.7616758747697974 0.09263965623081691 0.09941068139963165
0 0.5183149171270719 0.4878667894413751 0.09015960712093306 0.09464088397790062
0 0.37553713934929406 0.4845580110497238 0.094683855125844 0.09464088397790053
1 0.77122160834868 0.6223480662983425 0.2162308164518108 0.13782074892572133
1 0.38765193370165746 0.29752302025782695 0.13120319214241866 0.2168139963167588
1 0.5209545733578882 0.2868109269490485 0.17482504604051563 0.23481276856967465
1 0.04713627992633523 0.6857305095150399 0.09427255985267045 0.4010620012277471
1 0.1705402087170044 0.670681399631676 0.12340085942295886 0.4370534069981584
