0 0.0914628149969269 0.46610940381069454 0.0961032575291948 0.08580208973570987
1 0.30567609096496623 0.279299323909035 0.17524892440073767 0.14515058389674254
1 0.15587891825445604 0.2785617701290719 0.19456054087277205 0.14086047940995686
1 0.6196342962507683 0.5476920712968655 0.14671788567916416 0.20334972341733257
1 0.4655531653349724 0.6692901044867854 0.1544499078057775 0.19562999385371838
0 0.1064781807006761 0.15636447449293178 0.1038229870928089 0.09266748617086662
0 0.4027535341118623 0.33654578979717276 0.09781192378610931 0.09095267363245259
1 0.7521942224953904 0.4161032575291948 0.1153165334972341 0.1729809465273507
1 0.7535156730178243 0.8135248924400738 0.10639213275968036 0.2299508297480026
1 0.9182575291948369 0.6886816226183158 0.11497848801475118 0.21708051628764602
0 0.08674554394591272 0.04042716656422862 0.09695759065765212 0.08085433312845725
0 0.0914628149969269 0.3086631837738169 0.0961032575291948 0.08837738168408125
0 0.7434787953288259 0.8973540258143822 0.10725261216963741 0.09695759065765212
0 0.9111032575291949 0.34633681622618306 0.10904118008604813 0.10725261216963722
0 0.904277811923786 0.7605009219422249 0.10844499078057773 0.11320835894283962
0 0.5590012292562999 0.05906269207129687 0.10381684081130908 0.09695759065765211
0 0.5898893669330055 0.737759680393362 0.09181315304240929 0.09009834050399515
0 0.2527719729563614 0.4455162876459743 0.09610325752919487 0.0875169022741244
0 0.7439028887523049 0.4666256914566686 0.11154271665642285 0.10382298709280888
0 0.4071296865396436 0.4623355869698831 0.10382298709280893 0.09524277811923783
0 0.9101628764597417 0.18953288260602336 0.11320835894283962 0.10606023355869709
0 0.5843146896127842 0.6107744314689614 0.10639213275968028 0.09867240319606636
0 0.737901044867855 0.05248309772587584 0.1115488629379225 0.10496619545175168
0 0.25534726490473264 0.3125230485556239 0.0978119237861093 0.09266748617086673
0 0.9124277811923787 0.04845728334357715 0.11321450522433919 0.0969145666871543
0 0.42472341733251373 0.7287492317148125 0.10124769514443764 0.0875169022741242
0 0.7426213890596188 0.19634603564843264 0.10553779963122317 0.10038721573448058
0 0.24676705593116163 0.04000000000000003 0.09953288260602344 0.08000000000000006
0 0.4109926244622005 0.04476029502151201 0.11325752919483704 0.08952059004302403
0 0.5671511985248925 0.3327719729563614 0.10639827904118021 0.10210202827289498
0 0.9134019668100799 0.48272587584511367 0.1179778733866009 0.10784880147510771
0 0.5774492931776275 0.1791856177012907 0.0995328826060234 0.09352796558082349
