0 0.5947201722017219 0.738228782287823 0.09186346863468636 0.09014760147601479
1 0.16015067650676512 0.27634071340713406 0.194680196801968 0.14094710947109476
1 0.7532718327183272 0.4157441574415744 0.11538745387453873 0.17308733087330855
0 0.5775584255842557 0.1778228782287823 0.09959409594095943 0.09357933579335798
0 0.743059655596556 0.8993849938499385 0.10732472324723231 0.09701107011070095
0 0.2379274292742927 0.03714022140221401 0.09068880688806874 0.07428044280442803
0 0.910289052890529 0.48670049200492005 0.1180565805658057 0.10791512915129169
0 0.0899876998769988 0.04014452644526443 0.09701107011070109 0.08028905289052886
0 0.5809932349323493 0.32034132841328417 0.1064637146371465 0.10217097170971713
0 0.09436346863468632 0.30772140221402217 0.09615621156211555 0.08843173431734314
0 0.7419741697416975 0.19670664206642066 0.10559655596555988 0.10044895448954483
0 0.08483394833948343 0.17043972939729396 0.10388683886838873 0.09272447724477244
0 0.40756765067650685 0.04533825338253385 0.11332718327183275 0.0906765067650677
0 0.4134993849938499 0.4624477244772448 0.10388683886838875 0.09530135301353015
1 0.6224108241082411 0.5509747847478476 0.14681426814268161 0.20347478474784744
1 0.7545940959409595 0.813410209102091 0.10645756457564569 0.23009225092250946
0 0.565110701107011 0.05590713407134071 0.10388683886838865 0.09701722017220174
0 0.9104797047970479 0.18560270602706025 0.11328413284132828 0.10612546125461252
1 0.4753567035670357 0.667309348093481 0.15453874538745394 0.19575030750307493
1 0.47063345633456327 0.4010854858548585 0.1794341943419435 0.2060701107011068
0 0.7403413284132841 0.4743665436654368 0.11161746617466163 0.10388683886838875
0 0.7432595325953261 0.05263530135301355 0.1116113161131611 0.1052706027060271
0 0.25148216482164826 0.44740774907749065 0.0961623616236163 0.08757072570725699
0 0.5835731857318575 0.605381303813038 0.10645756457564569 0.09873308733087334
0 0.10501230012300124 0.4451722017220174 0.09616236162361631 0.08585485854858543
0 0.9097416974169742 0.7517681426814269 0.10851168511685104 0.11327798277982755
0 0.2494218942189422 0.30935116851168504 0.09787207872078722 0.09272447724477241
0 0.9105627306273064 0.3467958179581796 0.10910824108241095 0.10731857318573174
0 0.4286500615006149 0.7316020910209102 0.10130996309963095 0.08757072570725732
0 0.9144618696186962 0.0477490774907749 0.11327798277982774 0.0954981549815498
1 0.9194372693726937 0.6884901599015989 0.11504920049200494 0.2172140221402214
1 0.30469864698646987 0.27885608856088556 0.17536285362853649 0.14523985239852408
