0 0.7229238947957473 0.6832344711807499 0.0850419697817573 0.07694459988808063
0 0.4517907106883044 0.9107862339115836 0.0961275881365416 0.08822048125349742
0 0.5822271964185786 0.4266200335758254 0.09976496922215987 0.09897034135422486
0 0.453435926133184 0.7950951315053162 0.0995075545607161 0.09047006155568005
0 0.04370453273642972 0.2788919977616116 0.08740906547285944 0.10182428651371019
0 0.04416060436485728 0.5235842193620592 0.08832120872971456 0.11236149972020143
0 0.1746950195858982 0.6485394515948517 0.11373251259093464 0.1186793508673754
0 0.5774286513710128 0.18471740346950197 0.09654728595411317 0.0918970341354225
0 0.4489395635142698 0.6741969781757134 0.10716843872411873 0.09324006715165084
0 0.1703441522104086 0.5254029099048685 0.1118019026301063 0.10922775601566885
0 0.7201790710688305 0.44137660884163404 0.08928931169557901 0.08551762730833791
0 0.16429770565193055 0.9153441522104085 0.10363738108561826 0.09790710688304403
0 0.586477336317851 0.5500895355344152 0.09517067711247884 0.08941242305540024
0 0.7244152210408508 0.9297397873531057 0.08909904868494696 0.09044767767207623
0 0.16353945159485161 0.7914773363178511 0.0967599328483491 0.09662003357582542
0 0.045554001119194165 0.4058282036933408 0.09110800223838833 0.10777280358142143
0 0.03898433128147732 0.15519865696698376 0.07796866256295464 0.09988808058198095
0 0.44363738108561834 0.5520509233351986 0.10142137660884176 0.09772243984331269
0 0.5935450475657528 0.8081757134862899 0.09542809177392289 0.08896474538332405
0 0.7171684387241186 0.31715165081141583 0.07983212087297138 0.07381085618354785
0 0.1651930609960827 0.2964325685506435 0.09233351986569668 0.08423614997202016
0 0.16600167879127026 0.1627895914941242 0.09071628427532157 0.08909345271404587
0 0.30562954672635706 0.410464465584779 0.09309457190822616 0.07747062115277004
0 0.046955791829882534 0.6475321768326806 0.09391158365976507 0.11163961947397871
0 0.3174146614437605 0.1457694459988808 0.08267487409065488 0.08267487409065473
0 0.4413038612199216 0.4260352546166761 0.102417459429211 0.09420817011751542
0 0.16924174594292118 0.4130665920537213 0.09719641857862339 0.08099608282036931
0 0.043517067711247956 0.7867291550083939 0.08703413542249591 0.10798545047565741
0 0.5818047006155568 0.3096082820369334 0.10328483491885826 0.10176832680470063
0 0.5851287073307219 0.6762143256855064 0.09168998321208757 0.09133184107442648
0 0.4343620593172916 0.19031897034135425 0.09334639059876881 0.08841634023503077
0 0.04725797425853388 0.9033212087297147 0.09451594851706777 0.12102406267487409
0 0.5852602126468943 0.9188919977616116 0.09519865696698372 0.09103525461667604
0 0.4384359261331841 0.3083659764969222 0.10507554560716292 0.08679350867375489
0 0.31503077783995526 0.5288864017907106 0.08099608282036921 0.07937325125909342
0 0.3109848908785674 0.6584806939003918 0.08585338556239515 0.0793788472299945
0 0.31098209289311685 0.8002238388360381 0.08261331841074426 0.08099608282036921
0 0.7269753777280359 0.808105763850028 0.08234471180749886 0.07289871292669273
0 0.3069334079462786 0.28023223279238946 0.09071068830442075 0.08747062115276996
0 0.7175797425853386 0.5701986569669838 0.0890934527140459 0.0842361499720202
0 0.7155903749300503 0.19862339115836597 0.08951315053161729 0.07911583659764972
0 0.319082260772244 0.9168550643536653 0.08909904868494674 0.08099608282036921
