0 0.782056613226453 0.6499874749498998 0.08888276553106207 0.08791082164328634
0 0.9181563126252502 0.8987399799599199 0.09441883767535081 0.08567635270541087
0 0.7712825651302605 0.8853381763527054 0.07693386773547121 0.0821793587174349
0 0.22228707414829654 0.7735971943887776 0.09616733466933856 0.1010220440881764
1 0.08978206412825647 0.9515080160320643 0.09441382765531052 0.09598196392785552
0 0.3585270541082165 0.6526578156312625 0.09762525050100211 0.09227955911823656
0 0.9097920841683365 0.7721392785571141 0.08305110220440874 0.08353707414829661
0 0.2203456913827656 0.6492585170340682 0.10490981963927863 0.0806212424849699
0 0.3631437875751502 0.7772394789579158 0.09908316633266537 0.10151302605210426
0 0.5003507014028056 0.7767560120240481 0.09276553106212432 0.09082665330661324
0 0.6411998997995992 0.7765105210420842 0.08791082164328672 0.07965430861723437
0 0.7767109218436875 0.768496993987976 0.08596693386773555 0.08402805611222447
0 0.08580911823647293 0.6531437875751503 0.10102705410821636 0.08548597194388788
0 0.5006137274549097 0.8982164328657314 0.08801102204408831 0.08218436873747499
0 0.3632965931863728 0.8943687374749498 0.09325651302605205 0.09441883767535081
0 0.6356563126252506 0.8932640280561122 0.08101202404809608 0.07868236472945911
0 0.9136898797595192 0.6562900801603205 0.08303106212424856 0.08501503006012029
0 0.08775300601202408 0.7735971943887776 0.10005511022044103 0.09325651302605219
0 0.6412024048096193 0.647557615230461 0.085 0.08305110220440874
0 0.49816382765531075 0.651688376753507 0.09422344689378744 0.08936873747495003
