1 0.9560299869621902 0.2076857887874837 0.08663624511082146 0.19565840938722295
1 0.9154856584093872 0.11167535853976526 0.1452477183833115 0.15943937418513682
1 0.81119295958279 0.13078552803129073 0.15070404172099094 0.16708604954367665
0 0.4863070404172099 0.2718448500651891 0.10738591916558021 0.10647979139504575
0 0.9435006518904825 0.2767731421121252 0.0955541069100391 0.08949152542372885
1 0.7150945241199478 0.11440677966101696 0.15725554106910036 0.16053455019556728
0 0.8327770534550194 0.2767731421121252 0.08949152542372876 0.08190352020860503
1 0.5998826597131682 0.12150586701434159 0.16707953063885259 0.17691003911342887
0 0.5453585397653193 0.18334419817470662 0.09100391134289444 0.09404172099087367
0 0.719400260756193 0.2790482398956976 0.08720990873533234 0.0803911342894393
0 0.6583507170795306 0.16438396349413303 0.08190352020860503 0.08342242503259456
0 0.7592144719687094 0.18751303780964798 0.07887222946544971 0.07811603650586696
0 0.8763820078226857 0.173102998696219 0.08265971316818777 0.08114732724902218
0 0.6050717079530639 0.2731649282920469 0.0955541069100391 0.09473924380704053
