0 0.5597393364928911 0.19559241706161137 0.08642180094786729 0.08061611374407585
0 0.4201125592417062 0.8417357819905212 0.09970379146919447 0.09164691943127969
0 0.423696682464455 0.7145734597156398 0.0991706161137441 0.0946682464454976
0 0.11687796208530803 0.8365758293838862 0.09927725118483408 0.09696682464454981
0 0.4133856635071091 0.585162914691943 0.09229265402843596 0.09780213270142178
0 0.11708827014218008 0.1723370853080569 0.09603672985781972 0.09431872037914688
0 0.5664603080568721 0.5803080568720379 0.09228080568720343 0.0905687203791469
0 0.5760722748815167 0.8499792654028436 0.08270142180094771 0.0758116113744077
0 0.1200947867298577 0.6978584123222749 0.1001421800947867 0.09429502369668226
0 0.27914691943127967 0.9635811611374407 0.09432464454976296 0.07165284360189579
0 0.566611374407583 0.9663892180094786 0.08784360189573438 0.0660367298578199
0 0.2705716824644549 0.8471563981042654 0.08745853080568726 0.08574644549763032
0 0.27057464454976304 0.6971001184834122 0.09088862559241713 0.0840343601895735
0 0.41599526066350717 0.44973341232227493 0.09502369668246458 0.09295023696682458
0 0.7010159952606636 0.6036404028436019 0.09431872037914704 0.08917654028436027
0 0.2748578199052133 0.5599052132701422 0.08574644549763022 0.08402843601895735
0 0.2649052132701422 0.4345379146919431 0.09855450236966833 0.08201421800947867
0 0.27310130331753557 0.15773696682464455 0.09608412322274887 0.0943601895734597
0 0.5650473933649289 0.32757997630331753 0.08821090047393366 0.08821682464454972
0 0.7087529620853081 0.4654709715639811 0.08694905213270157 0.08295616113744071
0 0.568492298578199 0.440260663507109 0.08408175355450223 0.08201421800947861
0 0.7005805687203791 0.33575236966824645 0.08451421800947859 0.07813981042654028
0 0.6989099526066349 0.21027251184834123 0.09476303317535552 0.0837559241706161
0 0.7109626777251186 0.8555005924170617 0.08717417061611403 0.07717417061611367
0 0.567280805687204 0.7133590047393364 0.08854265402843606 0.09129146919431289
0 0.2662855450236967 0.296667654028436 0.09603080568720372 0.09260071090047389
0 0.7066735781990523 0.7233056872037915 0.09002962085308079 0.08145734597156397
0 0.12051836492891005 0.437292654028436 0.10289691943127964 0.08574644549763036
0 0.13087085308056876 0.5628021327014218 0.10003554502369676 0.09289099526066352
0 0.11858412322274874 0.9612263033175354 0.09356635071090053 0.07636255924170629
0 0.4128761848341232 0.3204828199052133 0.09648696682464453 0.07994668246445501
0 0.7102458530805688 0.968898104265403 0.09431872037914694 0.06101895734597151
0 0.40736078199052134 0.1998755924170616 0.08408175355450255 0.0744312796208531
0 0.11623222748815157 0.3138181279620853 0.09774881516587679 0.08917654028436017
0 0.42322274881516597 0.960159952606635 0.09774881516587677 0.07849526066350708
