0 0.468401665598975 0.19414477898782834 0.09092248558616252 0.09017296604740548
0 0.6852690582959641 0.18706598334401026 0.09688020499679657 0.0983728379244074
0 0.5768321588725176 0.18930172966047404 0.08719410634208828 0.08495836002562457
0 0.10572709801409352 0.291181934657271 0.0968737988468932 0.09873798846893009
1 0.06787315823190265 0.22970852017937213 0.1357463164638053 0.20032671364509919
0 0.8052530429212045 0.19004484304932734 0.09390134529147982 0.09538757206918635
0 0.24258808456117878 0.20755925688661114 0.0924151185137731 0.09315823190262656
0 0.04634208840486862 0.45295964125560534 0.09268417680973724 0.0919154388212684
1 0.23968289557975658 0.14532991672005124 0.08123638693145448 0.17737347853939775
1 0.3108552210121716 0.1397373478539398 0.14010890454836647 0.18258808456117886
1 0.414445868033312 0.13340807174887895 0.1565022421524661 0.1743882126841767
1 0.5180365150544524 0.12446188340807174 0.18035233824471517 0.19228058936579107
1 0.6342921204356182 0.1341511851377322 0.1654452274183217 0.17290198590647013
0 0.3525144138372837 0.205695067264574 0.09017937219730938 0.08794362588084559
1 0.7408648302370276 0.13452274183215887 0.19227418321588732 0.17065983344010255
