0 0.13436443148688054 0.4304081632653061 0.10127696793002916 0.08439650145772597
0 0.1309883381924198 0.16962390670553937 0.09452478134110769 0.09283381924198252
0 0.569860058309038 0.7063556851311953 0.07868221574344025 0.0813994169096211
0 0.28205830903790086 0.686125364431487 0.0894577259475219 0.0827113702623907
0 0.27783673469387754 0.29199708454810497 0.09451895043731769 0.09114285714285712
0 0.7057230320699709 0.5941370262390671 0.09283381924198256 0.08777259475218663
1 0.077930029154519 0.9543731778425657 0.155860058309038 0.0900874635568513
1 0.07690962099125369 0.8330903790087464 0.15381924198250738 0.08927113702623916
0 0.7089533527696793 0.9579999999999999 0.09987755102040814 0.08283381924198259
0 0.4275743440233236 0.9571282798833819 0.09549854227405231 0.08457725947521878
0 0.5715947521865887 0.5711720116618075 0.09420991253644302 0.08914285714285715
0 0.281204081632653 0.5553061224489796 0.0945364431486881 0.09113702623906705
0 0.29049562682215746 0.9553469387755102 0.09283965014577249 0.08439650145772597
0 0.27647813411078725 0.42769679300291547 0.0970029154518951 0.08072303206997089
0 0.28116326530612257 0.1594810495626822 0.10133527696793 0.1013294460641399
0 0.42587172011661817 0.8360932944606415 0.0846297376093293 0.08513119533527708
0 0.4243469387755103 0.7092419825072886 0.09417492711370276 0.08472303206997087
0 0.13864139941690962 0.5607026239067054 0.11028571428571446 0.10495043731778413
0 0.41839358600583093 0.5767959183673469 0.09929446064139938 0.09795335276967923
0 0.13732069970845487 0.6919125364431487 0.09853644314868792 0.09286297376093289
0 0.4175830903790087 0.4510553935860058 0.09860641399416925 0.0880932944606414
0 0.1307813411078717 0.8250874635568513 0.09771428571428568 0.08871720116618068
0 0.564134110787172 0.19589504373177843 0.09013411078717226 0.08611078717201168
0 0.13076967930029154 0.9539562682215743 0.09547521865889201 0.0909212827988339
0 0.4141661807580176 0.20095335276967932 0.08780758017492722 0.08170845481049564
0 0.5609300291545188 0.3190437317784256 0.09528279883381915 0.09695626822157433
0 0.5700524781341106 0.9581720116618075 0.09322448979591841 0.07899125364431488
0 0.42211953352769677 0.3154373177842566 0.09496793002915446 0.07868804664723034
0 0.568536443148688 0.44176093294460644 0.09625655976676371 0.09758600583090377
0 0.5768250728862975 0.8391195335276969 0.09324198250728849 0.07966180758017503
0 0.13014577259475207 0.30887755102040815 0.09620991253644315 0.08777259475218659
0 0.7133381924198251 0.45814285714285713 0.08558017492711376 0.0816501457725947
0 0.7155131195335277 0.8420320699708456 0.08580174927113732 0.07595918367346939
0 0.7052944606413994 0.330466472303207 0.08318367346938768 0.07690962099125365
0 0.28205539358600573 0.8338192419825073 0.08608163265306124 0.08439650145772588
0 0.7112915451895045 0.7119183673469388 0.08861224489795944 0.08017492711370267
0 0.7036501457725947 0.20696209912536445 0.09327113702623908 0.08243731778425654
