1 0.43335377663008395 0.21213686249193028 0.13969657843770167 0.1847514525500323
0 0.5933989670755325 0.2634344738540994 0.09162685603615213 0.09087153001936732
0 0.10493221433182696 0.07551646223369916 0.08198837959974177 0.07885732730794051
0 0.8119464170432537 0.25630083925112973 0.09763072950290476 0.09913492575855382
1 0.1894964493221433 0.29864428663653964 0.1487023886378307 0.2036797934151065
1 0.13136539703034208 0.4581601032924468 0.1405874757908328 0.20728211749515807
0 0.7026694641704325 0.2585539057456423 0.08786959328599081 0.08561652679147833
0 0.02965138799225311 0.5106714009038091 0.05930277598450622 0.09199483537766306
0 0.08639444803098777 0.5902324080051645 0.08471917366042608 0.0812007746933504
0 0.932859909619109 0.25930277598450613 0.09462879276952868 0.0961265332472562
0 0.47661394448030986 0.27507424144609427 0.09087798579728859 0.08862491930277597
0 0.22791478373143959 0.36122336991607484 0.09762427372498406 0.09950290510006447
0 0.16595222724338277 0.5242543576500968 0.09763718528082617 0.09262750161394444
0 0.03688831504196262 0.15814073595868305 0.07377663008392524 0.09643641058747587
0 0.36583602324080056 0.276952872821175 0.09313105229180098 0.09387992253066504
0 0.9021433182698516 0.15424790187217557 0.08761781794706225 0.08449322143318264
0 0.769151065203357 0.17364751452550037 0.09325371207230526 0.0832408005164623
0 0.6580600387346676 0.17583602324080053 0.0926210458360234 0.08761781794706264
0 0.5447805035506778 0.18491284699806323 0.07885732730794069 0.07447385409941894
1 0.3645965138799225 0.2140187217559716 0.07892834086507414 0.1824983860555196
1 0.47653647514525493 0.11788250484183338 0.18249838605551968 0.19301484828921886
1 0.5993318269851516 0.11713363460296969 0.18775338928340884 0.18850871530019364
1 0.7104809554551323 0.11563266623628148 0.17874112330535855 0.18700451904454493
1 0.8283925112976116 0.10924790187217559 0.1847514525500324 0.15170432537120723
