0 0.40032681420483773 0.7984405558414822 0.10178589809572826 0.10428203808543489
0 0.8306664951106536 0.667717447246526 0.09130725681935138 0.09030880082346864
0 0.39558414822439536 0.6704606278950077 0.10028821410190432 0.09479670612454978
0 0.680272774060731 0.9176299536798765 0.08322182192485836 0.08082861554297488
0 0.25363355635615037 0.666968605249614 0.10777148739063308 0.08282038085434894
0 0.4004837879567679 0.9187647967061248 0.09580030880082341 0.09699433865156966
0 0.8251749871332992 0.7894595985589296 0.08831188883170371 0.08632012352032936
0 0.5415465774575398 0.9227174472465259 0.09041173443129197 0.08442614513638684
0 0.6859701492537313 0.6652213072568194 0.08731857951621202 0.08531652084405547
0 0.11742408646423061 0.7946989191971179 0.10278435409161105 0.09580030880082359
0 0.6859675759135357 0.7976917138445703 0.09030880082346901 0.08182707153885743
0 0.25562789500772 0.7946989191971179 0.09879053010808019 0.10377766340710241
0 0.11542717447246524 0.670959855892949 0.10378281008749346 0.08781780751415354
0 0.9613638703036541 0.6741919711785898 0.0762429233144622 0.08733401955738566
0 0.5412763767370046 0.7979439011837365 0.09529593412249111 0.09330416881111678
0 0.9593566649511067 0.7932012352032939 0.08025733401955741 0.08581574884199689
0 0.5390298507462687 0.6694647452393206 0.09679361811631482 0.09180648481729299
0 0.8195985589294905 0.9094879053010809 0.07903242408646442 0.08442099845599578
0 0.9607334019557386 0.923255275347401 0.07750386001029354 0.08801338136901704
