0 0.8294895968790638 0.07687256176853058 0.0845708712613783 0.08299089726918067
1 0.741056566970091 0.7100845253576074 0.1449739921976593 0.1556957087126139
0 0.6991352405721717 0.7547334200260077 0.08929778933680102 0.0853576072821849
1 0.8710630689206763 0.0674252275682705 0.14377763328998705 0.11436931079323803
0 0.4064239271781534 0.8850877763328997 0.0922756827048114 0.09303641092327702
0 0.5481176853055917 0.8786150845253576 0.08842002600780234 0.0879843953185954
0 0.84657022106632 0.7439336801040312 0.09013654096228865 0.0920286085825747
0 0.23812743823146945 0.7720091027308192 0.07639791937581275 0.08018205461638495
0 0.6911963589076724 0.06991872561768528 0.08950585175552683 0.08509102730819253
1 0.8567197659297788 0.37887516254876463 0.14371261378413536 0.25660598179453825
0 0.8458159947984395 0.6145253576072821 0.10135890767230153 0.09227568270481144
0 0.5467847854356307 0.7651430429128738 0.09402470741222364 0.09927178153446052
0 0.8543888166449934 0.8834882964889466 0.0901430429128739 0.09013654096228875
0 0.7036898569570871 0.8854681404421326 0.09682054616384901 0.10438231469440841
0 0.970614434330299 0.7446228868660598 0.05747074122236683 0.09076723016905094
1 0.7083972691807542 0.3861508452535761 0.15030559167750326 0.24964889466840054
1 0.3123602080624187 0.7266352405721715 0.19736020806241866 0.14639141742522743
