0 0.9134408033826639 0.8425924947145876 0.10329809725158567 0.0900158562367864
0 0.7721432346723044 0.8499735729386891 0.10108350951374206 0.09591966173361521
1 0.21348837209302324 0.8515221987315013 0.16798097251585625 0.14768498942917563
0 0.6194080338266386 0.7333932346723046 0.09517970401691335 0.0855919661733615
0 0.6149815010570824 0.47883456659619467 0.10551268498942912 0.0900158562367865
0 0.16969080338266385 0.8846511627906977 0.08706659619450319 0.08411205073995749
0 0.908644291754757 0.4648150105708245 0.10994186046511625 0.09297040169133193
1 0.6233483086680761 0.7034090909090909 0.10730972515856255 0.14343551797040174
1 0.6361205073995773 0.9222040169133191 0.09446088794926008 0.1545348837209303
1 0.9192679704016914 0.8095375264270613 0.10108350951374216 0.14092494714587755
0 0.03250528541226216 0.7485782241014798 0.06501057082452431 0.089228329809725
1 0.08049154334038054 0.7190776955602537 0.16098308668076108 0.13281712473572935
0 0.7655021141649049 0.4681342494714589 0.10550739957716705 0.09223044397463002
0 0.6260015856236787 0.9719608879492599 0.07134778012684989 0.055021141649048685
0 0.9089376321353065 0.5947515856236787 0.09886892177589844 0.08928118393234669
0 0.7680840380549683 0.5935676532769557 0.1003435517970403 0.09223044397463002
0 0.769561310782241 0.7197436575052855 0.10034883720930235 0.09075581395348845
