0 0.6948106060606062 0.6704420587306599 0.23026515151515142 0.2093148089674771
0 0.4581502525252525 0.24495737290811495 0.1498547979797979 0.1334512156615093
1 0.127114898989899 0.4647726555099463 0.254229797979798 0.13820334701610357
0 0.22646780303030303 0.0557530786233028 0.1344128787878788 0.1115061572466056
0 0.6916130050505052 0.44696084622671295 0.23666035353535347 0.2138838017050837
0 0.21006628787878787 0.2472434480580991 0.14893939393939395 0.14350489422166088
0 0.6934406565656566 0.265066308809599 0.1361489898989899 0.12613514366908746
0 0.4435290404040404 0.6928370697821281 0.1754419191919192 0.17366908746447732
0 0.7066445707070708 0.058039153773287014 0.12070707070707072 0.11607830754657403
1 0.2891051136363636 0.9266987685506789 0.1671180555555555 0.14597095042627098
0 0.19864425505050504 0.6663309125355226 0.1608175505050505 0.14624565835175246
0 0.9442203282828283 0.05026997158193875 0.10608585858585852 0.1005399431638775
0 0.9285716540404041 0.2636959267445532 0.14222537878787883 0.1489895800442059
0 0.9322269570707071 0.4711825071045153 0.13491477272727267 0.15081465108935888
0 0.9208049242424241 0.7038048626460373 0.15775883838383856 0.17184085885696235
