0 0.7055247718383312 0.9640091264667534 0.09707301173402864 0.0706779661016949
0 0.5482105606258149 0.8603585397653193 0.09426988265971313 0.0995306388526729
0 0.8480215123859193 0.709348109517601 0.1016232073011733 0.09251629726205994
0 0.23874837027379403 0.8672425032594524 0.07659713168187746 0.08039113428943953
0 0.40748370273794005 0.9666623207301172 0.09251629726205994 0.0653715775749674
0 0.8447131681877443 0.03732724902216427 0.08374185136897001 0.07465449804432854
0 0.5495469361147327 0.9646838331160366 0.08865058670143411 0.06932855280312897
0 0.7009582790091266 0.8499217731421121 0.08953063885267273 0.0855801825293353
0 0.848777705345502 0.8390938722294654 0.09037157757496728 0.09226857887874838
1 0.8733344198174707 0.16082138200782273 0.14415254237288117 0.11466753585397663
1 0.7429889178617991 0.8051564537157758 0.14535202086049542 0.1561016949152543
0 0.8316525423728813 0.17029335071707954 0.08479139504563224 0.08320730117340278
0 0.8566166883963493 0.9665873533246414 0.09037809647979132 0.06552151238591924
0 0.6929986962190352 0.16332138200782265 0.0897392438070406 0.08531290743155157
1 0.3131747066492829 0.8217503259452412 0.19787483702737937 0.14677314211212517
1 0.7102444589308995 0.4803780964797914 0.1506975228161668 0.25029986962190354
1 0.8589537157757497 0.47308344198174707 0.1440873533246416 0.25727509778357227
