1 0.3887798165137615 0.5990954128440367 0.09306788990825687 0.13191559633027516
1 0.5813633027522935 0.5931192660550458 0.11398532110091739 0.1383192660550459
1 0.2874311926605505 0.5959339449541283 0.0875155963302751 0.14557798165137611
1 0.5813633027522935 0.5931192660550458 0.11398532110091739 0.1383192660550459
1 0.1871926605504587 0.5959963302752294 0.07531009174311938 0.14651743119266053
1 0.0869651376146789 0.6027633027522936 0.0764917431192659 0.13429724770642204
1 0.6804348623853211 0.5890550458715597 0.13838899082568798 0.1405247706422019
1 0.7697155963302752 0.5859045871559633 0.14942018348623876 0.14813944954128438
1 0.8606293577981652 0.5879871559633028 0.1629394495412846 0.13910091743119268
1 0.9510825688073394 0.852497247706422 0.09710091743119277 0.29427155963302765
1 0.8459999999999999 0.8502568807339449 0.0972110091743122 0.29875229357798166
1 0.7347706422018349 0.8546238532110092 0.1002935779816512 0.2900183486238531
1 0.6270275229357798 0.8507522935779818 0.08510091743119279 0.2977614678899082
1 0.5207155963302752 0.8548807339449541 0.08348623853211005 0.2895045871559633
1 0.40199999999999997 0.853743119266055 0.08062385321100933 0.2917798165137615
1 0.28647706422018343 0.8572770642201835 0.08590825688073392 0.28471192660550454
1 0.178348623853211 0.846422018348624 0.08609174311926622 0.30642201834862387
1 0.07045871559633028 0.8599449541284404 0.0952660550458717 0.2793761467889907
1 0.48636513761467887 0.5946036697247706 0.10210275229357806 0.13981284403669728
