0 0.34833978078658917 0.27343004513217284 0.09076079948420368 0.08851063829787231
0 0.7621663442940038 0.14628949065119276 0.0825660863958732 0.08257253384912967
0 0.4649742101869762 0.2618052869116699 0.09150870406189543 0.09075435203094777
0 0.03000967117988399 0.27920373952288846 0.06001934235976798 0.0832559638942617
0 0.5287072856221793 0.17316569954867822 0.08319148936170195 0.08381689232753062
0 0.6002450032237266 0.07650225660863956 0.09500967117988376 0.08751128304319795
1 0.47329787234042553 0.11607027724049006 0.18439071566731127 0.19001289490651194
0 0.37303997421018703 0.07994197292069631 0.08437782076079936 0.08438426821405551
0 0.23770470664087692 0.2753062540296583 0.09301096067053499 0.09375886524822703
0 0.25928110896196005 0.09431656995486787 0.0918826563507416 0.0881302385557705
1 0.07701482914248875 0.29608317214700197 0.10188265635074144 0.19751773049645402
0 0.4156060606060606 0.18538362346872983 0.07313346228239861 0.0781302385557704
0 0.6832398452611218 0.25468085106382976 0.0975048355899417 0.09900709219858146
1 0.7042972275951 0.1080883301096067 0.1817859445519019 0.15678272082527409
0 0.3037234042553192 0.16538362346872992 0.09063185041908457 0.08688588007736944
0 0.6334042553191491 0.16691489361702128 0.08131528046421646 0.08132172791747268
0 0.09996131528046419 0.3594680851063829 0.09749838813668618 0.09937459703417141
0 0.8039974210186975 0.257678916827853 0.09450676982591859 0.09600257898130231
0 0.04341715022566081 0.5222888459058672 0.08683430045132162 0.09250805931656991
0 0.574103803997421 0.2569310122501612 0.08775628626692451 0.08550612508059315
