1 0.15672816728167283 0.8088068880688808 0.19675276752767515 0.11590405904059031
0 0.08933886838868388 0.829169741697417 0.09897293972939734 0.08943419434194345
0 0.7461162361623618 0.8431488314883149 0.11268757687576893 0.09837638376383766
1 0.31091020910209105 0.9430719557195572 0.18458794587945887 0.11262607626076267
0 0.9175522755227552 0.8454827798277983 0.11209102091020902 0.10314268142681399
0 0.5642343173431735 0.8452767527675277 0.09122386223862235 0.08466174661746621
0 0.4047570725707257 0.8345448954489545 0.09658671586715854 0.0906273062730629
0 0.2514452644526446 0.9628690036900369 0.09959409594095943 0.07303198031980317
0 0.08770295202952032 0.9650153751537515 0.09701722017220175 0.06873923739237404
0 0.40663899138991383 0.9665651906519065 0.11332718327183267 0.06563960639606399
1 0.15210024600246005 0.9414575645756457 0.19389298892988927 0.11585485854858558
