0 0.6617397747480736 0.5577949021932425 0.11885595732068778 0.10918790752815648
0 0.9566864256075874 0.5669146413752223 0.08544161232957903 0.10193835210432722
0 0.4935388263189092 0.5651985773562537 0.10624777711914624 0.10513337285121525
0 0.664407231772377 0.42747480735032595 0.11008298755186732 0.10059276822762302
0 0.655177830468287 0.8291582691167753 0.10967990515708365 0.10161232957913463
0 0.9582839359810315 0.8413455838767042 0.08224659158269121 0.09537640782454054
0 0.49473325429756965 0.828221695317131 0.10138114997036168 0.09518672199170113
0 0.492833432128038 0.6909336099585063 0.09873147599288679 0.0943153526970955
0 0.9562477771191464 0.7028927089508001 0.0863189093064611 0.10442205097806756
0 0.9571339656194428 0.9635151155898044 0.08454653230586846 0.07178423236514525
0 0.5043479549496147 0.15874036751630113 0.10614700652045032 0.09864256075874334
1 0.9076170717249556 0.960491997628927 0.16793123888559597 0.07783046828689982
1 0.8971221102548902 0.8427682276229994 0.18915826911677544 0.07913455838767032
0 0.816369294605809 0.1712092471843509 0.0972317723770006 0.08307053941908714
0 0.6609928867812686 0.6960343805572021 0.10989330171902773 0.10431535269709538
0 0.5008654416123296 0.2921724955542383 0.10437462951985768 0.10279193835210432
0 0.6622110254890338 0.1623147599288678 0.10818020154119738 0.10299347954949616
0 0.6660729104919976 0.290646117368109 0.11803793716656791 0.10963841138114998
0 0.5006046235921755 0.42453171310017784 0.09877889745109684 0.09154119739181979
0 0.6564937759336101 0.9520480142264375 0.12068168346176655 0.094718435091879
0 0.9563100177830467 0.17243924125666865 0.08619442797866035 0.09437462951985773
0 0.9554534676941314 0.3140041493775934 0.08790752815649097 0.0892294013040901
0 0.9563100177830467 0.437551867219917 0.08619442797866035 0.08579727326615288
