0 0.25690126751167447 0.9213675783855905 0.0883855903935959 0.08353569046030679
0 0.18710807204803195 0.8591194129419613 0.08030020013342219 0.08623082054703113
0 0.315643762508339 0.8416010673782522 0.0862308205470315 0.08245496997998673
0 0.3665743829219479 0.9227118078719144 0.08138092061374233 0.07760507004669785
0 0.4746364242828553 0.9155937291527684 0.08683122081387583 0.08196797865243498
0 0.4252334889926618 0.839993328885924 0.07709806537691806 0.07822548365577064
0 0.5809239492995331 0.9129753168779186 0.09132088058705796 0.08645763842561711
0 0.5244129419613075 0.8182855236824551 0.0763509006004005 0.07897264843228824
0 0.6993195463642429 0.913162108072048 0.08764509673115418 0.08608405603735822
0 0.6429019346230821 0.8265443629086057 0.10024016010673807 0.09571714476317532
0 0.7648098732488325 0.8252501667778519 0.09571714476317514 0.09959973315543673
0 0.19187791861240827 0.6682454969979986 0.09745830553702478 0.09296864576384258
0 0.32818545697131424 0.668018679119413 0.09790527018011992 0.09881254169446295
0 0.44944629753168763 0.6635290193462309 0.10509673115410274 0.10240160106737826
0 0.5538692461641094 0.6650967311541028 0.11542361574382946 0.10464309539693109
0 0.661430953969313 0.6668945963975984 0.11228152101400973 0.10643762508338869
0 0.7694429619746499 0.6558905937291527 0.09745830553702414 0.08892595063375565
0 0.7335156771180786 0.5689893262174784 0.08038692461641093 0.08039359573048714
0 0.6255036691127419 0.5743762508338893 0.09251501000667124 0.08218812541694476
0 0.5181621080720479 0.5728052034689793 0.08802535023348883 0.07904603068712483
0 0.39150767178118756 0.5790927284856571 0.08353569046030679 0.07814543028685811
0 0.2578985990660441 0.5824616410940626 0.09116744496330875 0.08488325550366928
0 0.21410940627084712 0.48545030020013347 0.09611741160773846 0.09027351567711786
0 0.3302034689793195 0.48612741827885253 0.09206804536357585 0.09611074049366221
0 0.44922281521014007 0.48545030020013336 0.09745830553702443 0.08668445630420282
0 0.5722815210140093 0.4858972648432289 0.08129419613075368 0.07679786524349552
0 0.6755870580386927 0.4979686457638425 0.08691794529686465 0.08614409606404276
0 0.22505003335557033 0.12723482321547694 0.10153435623749152 0.09959306204136088
0 0.34372581721147427 0.1133288859239493 0.10218145430286862 0.09765176784523008
0 0.4468779186124084 0.10686124082721811 0.10800533689126092 0.11058705803869245
0 0.5807505003335557 0.10912608405603731 0.09895263509006001 0.09571714476317546
0 0.6923115410273516 0.11494329553035355 0.10606404269513045 0.09830553702468321
0 0.8158405603735825 0.09101734489659777 0.08407605070046677 0.08278185456971308
0 0.7539159439626416 0.18605403602401602 0.08543028685790482 0.08543695797198143
0 0.2795697131420947 0.20581054036024024 0.09377585056704477 0.08989993328885924
0 0.6206871247498335 0.2073949299533022 0.0841360907271513 0.08414276184122758
0 0.5123582388258839 0.21386257505003334 0.086077384923282 0.08672448298865912
0 0.3953335557038026 0.22650433622414942 0.07567044696464331 0.08084056037358228
0 0.21126084056037361 0.31954636424282856 0.09623749166110729 0.09701134089392936
0 0.32573382254836547 0.31760507004669786 0.09390927284856565 0.091581054036024
0 0.44641427618412277 0.3055770513675784 0.09468312208138752 0.09390260173448962
0 0.5593295530353568 0.3005336891260841 0.09080053368912597 0.08847231487658432
0 0.6722515010006671 0.29820547031354233 0.1008872581721145 0.10244162775183444
0 0.7971981320880587 0.3013075383589059 0.09778519012675103 0.09933288859239485
