0 0.1742572658772874 0.2550888051668461 0.08702906350914953 0.0845263724434876
1 0.03817276641550051 0.6968918191603876 0.07634553283100103 0.18851991388589878
1 0.1470263724434877 0.6927341227125942 0.13253498385360607 0.1929494079655544
1 0.6940958019375673 0.687551130247578 0.18540365984930046 0.20100107642626475
0 0.46490312163616787 0.3793137782561895 0.09078579117330475 0.09579655543595281
0 0.16937298170075343 0.7506027987082886 0.09079117330462867 0.0895371367061357
1 0.03818353067814852 0.4649381054897739 0.07636706135629703 0.15327771797631856
0 0.31995694294940796 0.24657427341227126 0.08264800861141036 0.08828310010764276
0 0.03822927879440257 0.26040904198062426 0.07645855758880514 0.0882884822389666
0 0.47773950484391814 0.26097147470398285 0.10143164693218522 0.09203982777179763
0 0.18021259418729818 0.12966361679224978 0.0944402583423037 0.08557050592034447
0 0.16655543595263725 0.8745748116254036 0.10018299246501627 0.10581270182992475
0 0.4545748116254037 0.7405839612486544 0.08264800861140999 0.08327771797631874
0 0.323713670613563 0.37492734122712595 0.09141011840688922 0.09079117330462867
0 0.039364908503767546 0.12992734122712593 0.07872981700753509 0.09757265877287404
0 0.7611679224973089 0.758743272335845 0.11165769644779289 0.10256727664155005
0 0.03756996770721209 0.5039101184068893 0.07513993541442418 0.08953175457481151
0 0.17563509149623258 0.389954251883746 0.09204520990312161 0.09704520990312163
0 0.6306835306781486 0.24265608180839615 0.09737351991388628 0.09088805166846063
0 0.04273681377825617 0.8832777179763187 0.08547362755651235 0.10518837459634034
0 0.46875403659849296 0.12496770721205595 0.0892195909580193 0.08974165769644782
0 0.1706243272335845 0.5057884822389666 0.08953713670613546 0.09704520990312167
0 0.3133826695371367 0.7468460710441335 0.08953175457481155 0.09705059203444577
0 0.32578848223896667 0.12105489773950484 0.09235199138858997 0.09026910656620024
0 0.0370452099031216 0.7601722282023682 0.0740904198062432 0.08698600645855752
0 0.3130678148546824 0.6250645855758881 0.08640473627556507 0.09516684607104416
