0 0.4811747941735275 0.3198511716276124 0.0890246991766942 0.0835022165927802
0 0.6417226092463585 0.569734008866371 0.09701076630778961 0.09332488917036093
0 0.6417226092463585 0.569734008866371 0.09701076630778961 0.09332488917036093
0 0.1614059531348955 0.45628245725142497 0.08987967067764398 0.08472450918302721
0 0.3233818872704244 0.44878404053198223 0.09147561747941738 0.08472450918302721
1 0.4816339455351488 0.35085497150094996 0.10539582013932876 0.13865737808739712
1 0.17959151361621284 0.4797846738442052 0.10744141861937945 0.12340721975934138
0 0.4860829639012033 0.5758739708676377 0.10621279290690314 0.09577580747308423
0 0.3255319822672578 0.5820139328689043 0.10069031032298942 0.0908676377454085
0 0.1625237492083597 0.5810924635845472 0.0927105763141228 0.08902469917669412
1 0.3309563014566181 0.4739043698543382 0.10898036732108933 0.1268841038632045
