1 0.22884922301553973 0.37501889962200763 0.11475010499790006 0.16463670726585475
1 0.3421251574968501 0.3736140277194455 0.10349433011339772 0.1547879042419151
1 0.45715875682486345 0.3704472910541789 0.0901259974800504 0.16112137757244843
1 0.5707853842923142 0.36728055438891216 0.08661066778664424 0.15760184796304072
1 0.6861717765644686 0.36446661066778663 0.09927341453170933 0.15900461990760187
1 0.7917093658126838 0.3672805543889122 0.10068038639227217 0.14774884502309968
1 0.8937274254514911 0.3595422091558169 0.11052918941621177 0.14915581688366236
1 0.9651112977740447 0.6639353212935741 0.06893742125157494 0.34784544309113824
1 0.7630533389332214 0.6875745485090298 0.10553548929021414 0.36473330533389314
1 0.6431625367492649 0.7053065938681227 0.11060058798824017 0.3731751364972701
1 0.5051217975640487 0.7078370432591349 0.10469130617387644 0.3309617807643848
1 0.3755228895422091 0.7234586308273835 0.11566568668626626 0.39597228055438877
1 0.20413271734565305 0.7057286854262915 0.11566568668626628 0.37064258714825726
