0 0.3267428571428573 0.44992380952380945 0.09170793650793652 0.08493968253968254
0 0.48985714285714294 0.5773365079365079 0.1064825396825397 0.09601904761904759
0 0.32889841269841275 0.5834920634920636 0.10094603174603191 0.09109841269841272
0 0.16547619047619047 0.5825682539682541 0.09294603174603167 0.08925079365079366
0 0.48493650793650783 0.32066349206349204 0.08925079365079376 0.08371428571428573
0 0.6458920634920634 0.5711809523809523 0.09725714285714279 0.0935619047619047
0 0.6458920634920634 0.5711809523809523 0.09725714285714279 0.0935619047619047
1 0.18258730158730163 0.48100317460317454 0.10771428571428576 0.12372063492063493
1 0.48539682539682544 0.35174603174603175 0.1056634920634922 0.1390095238095238
1 0.33433650793650793 0.47510793650793653 0.10925714285714287 0.12720634920634924
0 0.1643555555555556 0.45744126984126987 0.09010793650793641 0.0849396825396825
