0 0.18198799199466306 0.8571747831887924 0.10024016010673764 0.09916611074049377
0 0.310527018012008 0.8617545030020013 0.08892595063375593 0.09000667111407608
0 0.25690126751167447 0.7766044029352902 0.0883855903935959 0.08353569046030679
0 0.18710807204803195 0.714356237491661 0.08030020013342219 0.08623082054703121
0 0.315643762508339 0.6968378919279521 0.0862308205470315 0.08245496997998673
0 0.3665743829219479 0.7779486324216144 0.08138092061374233 0.07760507004669775
0 0.4215476984656438 0.8733422281521014 0.09323549032688479 0.09593062041360907
0 0.5201100733822547 0.8582221480987325 0.09768512341561032 0.08907938625750496
0 0.6220947298198799 0.8477418278852568 0.09581054036024 0.09281521014009346
0 0.4746364242828553 0.7708305537024682 0.08683122081387583 0.08196797865243498
0 0.4252334889926618 0.6952301534356238 0.07709806537691806 0.07822548365577055
0 0.5809239492995331 0.7682121414276184 0.09132088058705796 0.08645763842561693
0 0.5244129419613075 0.6735223482321548 0.0763509006004005 0.07897264843228824
0 0.7408005336891261 0.8608739159439626 0.10261507671781164 0.09450300200133442
0 0.6993195463642429 0.7683989326217477 0.08764509673115418 0.08608405603735812
0 0.6429019346230821 0.6817811874583055 0.10024016010673807 0.09571714476317542
0 0.7648098732488325 0.6804869913275516 0.09571714476317514 0.09959973315543673
0 0.19187791861240827 0.5234823215476986 0.09745830553702478 0.09296864576384258
0 0.32818545697131424 0.5232555036691128 0.09790527018011992 0.09881254169446285
0 0.44944629753168763 0.5187658438959307 0.10509673115410274 0.10240160106737826
0 0.5538692461641094 0.5203335557038026 0.11542361574382946 0.104643095396931
0 0.661430953969313 0.5221314209472981 0.11228152101400973 0.10643762508338869
0 0.7694429619746499 0.5111274182788526 0.09745830553702414 0.08892595063375565
0 0.7335156771180786 0.42422615076717807 0.08038692461641093 0.08039359573048714
0 0.6255036691127419 0.4296130753835891 0.09251501000667124 0.08218812541694485
0 0.5181621080720479 0.4280420280186791 0.08802535023348883 0.07904603068712483
0 0.39150767178118756 0.4343295530353568 0.08353569046030679 0.07814543028685807
0 0.2578985990660441 0.4376984656437624 0.09116744496330875 0.08488325550366933
0 0.21410940627084712 0.3406871247498332 0.09611741160773846 0.0902735156771179
0 0.3302034689793195 0.34136424282855227 0.09206804536357585 0.09611074049366226
0 0.44922281521014007 0.3406871247498331 0.09745830553702443 0.08668445630420282
0 0.5722815210140093 0.3411340893929287 0.08129419613075368 0.07679786524349556
0 0.6755870580386927 0.3532054703135423 0.08691794529686465 0.08614409606404276
0 0.7539159439626416 0.04200466977985325 0.08543028685790482 0.0840093395597065
0 0.2795697131420947 0.061047364909940026 0.09377585056704477 0.08989993328885922
0 0.6206871247498335 0.062631754503002 0.0841360907271513 0.08414276184122756
0 0.5123582388258839 0.0690993995997331 0.086077384923282 0.0867244829886591
0 0.3953335557038026 0.08174116077384921 0.07567044696464331 0.08084056037358228
0 0.21126084056037361 0.17478318879252835 0.09623749166110729 0.09701134089392936
0 0.32573382254836547 0.17284189459639765 0.09390927284856565 0.091581054036024
0 0.44641427618412277 0.16081387591727822 0.09468312208138752 0.09390260173448965
0 0.5593295530353568 0.15577051367578387 0.09080053368912597 0.08847231487658432
0 0.6722515010006671 0.15344229486324215 0.1008872581721145 0.10244162775183453
0 0.7971981320880587 0.1565443629086057 0.09778519012675103 0.09933288859239485
