0 0.23700051493305874 0.9299922760041194 0.09584449021627195 0.07887229660144182
0 0.951534500514933 0.7941091658084448 0.09590113285272918 0.09185375901132839
0 0.5115216271884655 0.8168872296601442 0.07763645726055601 0.07116889804325438
1 0.29234037075180225 0.9016271884654996 0.16772914521112256 0.12280123583934084
1 0.1365216271884655 0.6823455200823894 0.1838259526261586 0.09575180226570539
0 0.07600669412976313 0.692621009268795 0.08835736354273944 0.08236869207003095
0 0.8079866117404737 0.6780458290422245 0.09834191555097842 0.09734809474768276
0 0.9512847579814626 0.6735504634397528 0.09640061791967032 0.09135427394438735
1 0.5520983522142121 0.7808007209062823 0.13162203913491252 0.12508238928939255
0 0.9540319258496396 0.9191580844490216 0.09090628218331624 0.09135427394438715
0 0.6659654994850669 0.6757878475798147 0.09524716786817715 0.08925849639546855
