1 0.2053259452411995 0.5745958279009126 0.0917340286831811 0.20181225554106905
0 0.45904498044328546 0.2757887874837028 0.09252281616688379 0.09176010430247719
1 0.3379302477183833 0.5513135593220339 0.18493481095176018 0.22833767926988272
0 0.6293415906127773 0.17984680573663625 0.08221642764015626 0.08222294654498051
0 0.07093872229465445 0.8833963494132986 0.08736636245110821 0.09191655801825299
0 0.089986962190352 0.3745338983050847 0.09857887874837044 0.10047588005215113
0 0.25107235984354626 0.10644393741851375 0.09290091264667551 0.08910691003911346
1 0.051395045632333713 0.8014471968709258 0.10279009126466743 0.23761408083441976
0 0.36609191655801826 0.09191003911342895 0.08531290743155139 0.08531942633637557
0 0.5958148631029987 0.08843220338983049 0.09606258148631011 0.08848109517601044
0 0.7595306388526727 0.1589928292046936 0.08348109517601 0.0834876140808345
0 0.2960071707953064 0.17829856584093876 0.09163624511082145 0.08784876140808343
0 0.5234843546284225 0.1861668839634941 0.08411342894393725 0.08474576271186442
0 0.6797294654498044 0.2685853976531942 0.09858539765319395 0.10010430247718376
1 0.46598761408083444 0.13078878748370273 0.1847392438070404 0.1901955671447197
0 0.038357235984354573 0.5391590612777053 0.07671447196870915 0.09353324641460233
0 0.2292568448500652 0.28943937418513693 0.09404172099087338 0.0947979139504564
0 0.8018252933507171 0.2716166883963494 0.09555410691003892 0.09706649282920464
1 0.7017829204693611 0.1206844850065189 0.19383963494133008 0.15925684485006517
0 0.4091297262059974 0.19852020860495434 0.0739439374185139 0.07899608865710549
1 0.06748370273794002 0.30981421121251634 0.10554106910039089 0.19844198174706656
0 0.569383963494133 0.2708604954367666 0.08872881355932187 0.08645371577574959
0 0.34111799217731414 0.2875423728813559 0.09176662320730118 0.0894915254237288
0 0.3921870925684486 0.6290352020860495 0.11102346805736628 0.10920469361147318
0 0.22246088657105617 0.6344980443285527 0.09737288135593211 0.10192959582790105
