0 0.8872469374597033 0.14628949065119276 0.0825660863958732 0.08257253384912967
0 0.47342037395228875 0.27343004513217284 0.09076079948420372 0.08851063829787231
1 0.12759187620889745 0.45715667311411995 0.13688588007736968 0.20189555125725334
0 0.6537878787878788 0.17316569954867822 0.08319148936170195 0.08381689232753062
0 0.14159574468085107 0.27920373952288846 0.08700838168923293 0.0832559638942617
0 0.3843617021276596 0.09431656995486787 0.09188265635074164 0.0881302385557705
0 0.49812056737588656 0.07994197292069631 0.08437782076079932 0.08438426821405551
0 0.7253255963894262 0.07650225660863956 0.09500967117988368 0.08751128304319795
0 0.10221792392005155 0.07412959381044489 0.08188265635074146 0.07875564152159888
1 0.5983784655061251 0.11607027724049006 0.18439071566731127 0.19001289490651194
1 0.12646679561573185 0.24201482914248873 0.10563507414571258 0.16063829787234046
0 0.3627852998065765 0.2753062540296583 0.09301096067053495 0.09375886524822703
1 0.20209542230818828 0.29608317214700197 0.10188265635074145 0.19751773049645402
0 0.03555125725338498 0.15664732430689882 0.07110251450676996 0.09631205673758875
1 0.8301708575112833 0.1080883301096067 0.18337201805286898 0.15678272082527409
0 0.7584848484848488 0.16691489361702128 0.08131528046421646 0.08132172791747268
0 0.22504190844616376 0.3594680851063829 0.09749838813668621 0.09937459703417141
0 0.16315925209542226 0.5222888459058672 0.09751128304319777 0.09250805931656991
1 0.06446163765312703 0.521225016118633 0.09938104448742767 0.20251450676982582
0 0.08370406189555128 0.5881818181818183 0.08460992907801419 0.08109606705351365
0 0.9290780141843973 0.257678916827853 0.09450676982591869 0.09600257898130231
0 0.6991843971631205 0.2569310122501612 0.08775628626692451 0.08550612508059315
0 0.8083204384268213 0.25468085106382976 0.09750483558994161 0.09900709219858146
0 0.5900548033526757 0.2618052869116699 0.09150870406189539 0.09075435203094777
0 0.028323662153449426 0.5087234042553193 0.05664732430689885 0.09187620889748553
0 0.4313056092843326 0.1678852353320438 0.09063185041908428 0.08688588007736942
0 0.5406866537717602 0.18538362346872983 0.07313346228239861 0.0781302385557704
