0 0.265850622406639 0.2968435091879075 0.0960877296976881 0.09265560165975097
0 0.41115293420272675 0.4523947836395969 0.08963248369887354 0.08967397747480739
0 0.2692442205097806 0.5657676348547717 0.09616478956727921 0.09513930053349144
0 0.41025192649673975 0.5848577356253705 0.09791938352104332 0.09655601659751019
0 0.12449911084765856 0.5669146413752223 0.11045643153526952 0.10193835210432722
0 0.5562092471843509 0.3277741553052756 0.08826911677534102 0.08826911677534079
0 0.12268820391227027 0.8413455838767042 0.10044457617071716 0.09537640782454054
0 0.41954060462359205 0.7179371665678719 0.09314167160640198 0.08825133372851206
0 0.12248962655601667 0.7028927089508001 0.10819205690574984 0.10442205097806756
0 0.11786307053941912 0.9635151155898044 0.09539419087136947 0.07178423236514525
0 0.7051481920569058 0.4623117960877297 0.08700059276822789 0.08301126259632484
0 0.70907231772377 0.8542916419679906 0.08722584469472419 0.07721398933017189
1 0.07344398340248968 0.960491997628927 0.14688796680497937 0.07783046828689982
0 0.5611944279786605 0.19740071132187315 0.10025489033787799 0.09435091879075284
1 0.07350326022525193 0.8427682276229994 0.14700652045050386 0.07913455838767032
0 0.2710995850622407 0.16165382335506817 0.09928275044457635 0.10206283343212802
0 0.4171902786010669 0.8482542975696502 0.10835803200948405 0.0934143449911084
0 0.5635921754593953 0.7172258446947244 0.0919739181979849 0.09133372851215164
0 0.5689300533491405 0.96237403675163 0.08960877296976898 0.07406639004149385
0 0.5596532305868406 0.452525192649674 0.09786010669828078 0.09920569057498523
0 0.5713544754001184 0.5875133372851216 0.09576170717249535 0.09405453467694128
0 0.5706609365737996 0.8564878482513338 0.0930705394190874 0.09129223473621813
0 0.42029342027267336 0.962139893301719 0.09950800237107289 0.07453467694131607
0 0.2644694724362775 0.43479549496147013 0.09861292234736223 0.0820628334321281
0 0.27014226437462946 0.6975133372851215 0.09094250148192062 0.08408417308832258
0 0.27013930053349133 0.8476585655008891 0.08751037344398341 0.08579727326615293
0 0.2787196206283344 0.9638559573206876 0.09438055720213387 0.07110254890337867
0 0.11656490812092471 0.17243924125666865 0.09609365737996423 0.09437462951985773
0 0.11570835803200938 0.3140041493775934 0.09780675755779489 0.0892294013040901
0 0.11999703615886198 0.437551867219917 0.10295791345583878 0.08579727326615288
0 0.7008387670420867 0.6039982216953171 0.0943746295198578 0.08922940130409024
0 0.710074096028453 0.9691760521636041 0.0943746295198578 0.06046235921754591
0 0.7064997036158863 0.723734439834025 0.09008298755186747 0.0815056312981625
0 0.7004030823947837 0.33595139300533494 0.08456431535269697 0.07818612922347362
0 0.6987314759928867 0.21039715471250742 0.094819205690575 0.08380557202133967
0 0.40700948429164197 0.19999407231772376 0.08413159454653246 0.07447540011855364
0 0.4125281564908121 0.32067279193835213 0.09654416123295786 0.07999407231772382
