1 0.540919681177192 0.2527682403433477 0.235450643776824 0.15549356223175975
1 0.6851410177805027 0.2621091354996935 0.21404659717964433 0.1376578786020847
1 0.8412047823421215 0.258188228080932 0.21832618025751072 0.14835683629675062
1 0.9408920907418761 0.2663182096873084 0.11698957694665835 0.1483568362967503
0 0.9205272838749233 0.3053923973022686 0.09415082771305955 0.08644389944819143
0 0.6009227467811159 0.03333844267320662 0.0873022685469037 0.06667688534641324
0 0.7917933782955242 0.8250245248313919 0.08901900674432872 0.0873022685469037
0 0.6374739423666462 0.8090159411404046 0.09500919681177192 0.09158185162477012
0 0.6347332924586143 0.6925260576333538 0.09500919681177192 0.0907296137339055
0 0.22868485591661558 0.7798283261802574 0.10527896995708153 0.09928877988963822
0 0.2218730839975475 0.6540404659717964 0.08816063764561614 0.08559166155732674
0 0.21173513182096873 0.5331545064377682 0.08987124463519316 0.07874310239117091
0 0.20882893930104232 0.39963212752912325 0.08645003065603928 0.07703249540159407
0 0.20266400980993254 0.27594727161250765 0.08644389944819132 0.08131207847946048
0 0.6258307786633968 0.5495861434702638 0.09158798283261825 0.08045984058859573
0 0.6083721643163704 0.43186082158185163 0.09671980380134888 0.08816063764561641
0 0.6175291232372778 0.2900705088902513 0.08901287553648068 0.0855977927651747
0 0.4576272225628449 0.29309932556713675 0.0898712446351931 0.08816063764561617
0 0.47947271612507675 0.4190588595953404 0.08131207847946034 0.07446351931330464
0 0.31872470876762726 0.1383997547516861 0.0898712446351931 0.08217044757817292
0 0.32026670754138564 0.27993868792152055 0.09158185162477006 0.08559166155732684
0 0.4873451870018394 0.5510423053341508 0.0778908645003065 0.07446965052115273
0 0.5086572654812999 0.6659901900674433 0.08217044757817299 0.0770324954015943
0 0.5039454322501533 0.8013151440833844 0.09158185162477002 0.08816063764561607
0 0.3479981606376456 0.8002851011649293 0.08302268546903735 0.07960147148988356
0 0.3384978540772532 0.41452483139178414 0.09928877988963822 0.08559166155732678
0 0.3428663396689148 0.5360606989576947 0.09158185162477012 0.0873022685469038
0 0.9372164316370323 0.8315266707541387 0.08645003065603929 0.08559166155732674
0 0.9364469650521152 0.6939822194972409 0.09072348252605765 0.0915818516247703
0 0.9210576333537707 0.5856192519926426 0.09671980380134888 0.09671980380134888
0 0.9214347026364195 0.44759656652360513 0.09843041079092585 0.0907296137339056
0 0.34560392397302264 0.6819129368485592 0.09500919681177192 0.0907296137339056
0 0.7791140404659719 0.6934273451870019 0.09629061925199252 0.08559166155732693
0 0.7787553648068669 0.5621827099938689 0.09415082771305955 0.08416922133660315
0 0.7619957081545066 0.44235438381361125 0.0991477621091355 0.08701410177805033
0 0.7537921520539544 0.30255058246474553 0.0970018393623544 0.0898712446351931
