0 0.6608425414364639 0.6670441988950275 0.09533149171270697 0.08699447513812153
0 0.6566795580110497 0.7896767955801105 0.09625414364640879 0.08977348066298343
0 0.6501988950276242 0.9206408839779006 0.09811049723756869 0.0888508287292817
0 0.49470994475138125 0.908146408839779 0.08329834254143648 0.08607182320441989
0 0.5160000000000001 0.793378453038674 0.08514917127071825 0.08237016574585634
0 0.5206243093922652 0.6610303867403315 0.08514917127071807 0.07496685082872935
0 0.358657458563536 0.6591767955801104 0.08329281767955816 0.07311602209944748
0 0.3535662983425414 0.7980055248618785 0.08237016574585639 0.08051933701657457
0 0.34987016574585644 0.9206270718232045 0.08421546961325958 0.07771823204419896
0 0.19761325966850818 0.9248038674033148 0.09995580110497242 0.09717679558011035
0 0.20270441988950277 0.7915303867403315 0.10273480662983418 0.09718232044198884
0 0.19854143646408845 0.6536243093922652 0.09995580110497242 0.0990276243093923
0 0.04605248618784532 0.655475138121547 0.09210497237569064 0.09532596685082866
0 0.044662983425414325 0.7998591160220995 0.08932596685082865 0.09533149171270724
0 0.04235082872928175 0.9095359116022101 0.0847016574585635 0.08885082872928189
