0 0.8436219195849546 0.700479896238651 0.10109597924772999 0.09203631647211415
0 0.8273378728923476 0.1642217898832685 0.08435149156939041 0.08277561608300898
0 0.8443741893644617 0.8295525291828795 0.08990272373540845 0.09178988326848242
1 0.706559662775616 0.47269779507133597 0.14991569390402068 0.24900129701686124
0 0.5453664072632944 0.8507068741893644 0.09378080415045391 0.09901426718547347
0 0.6894033722438393 0.1572859922178988 0.08927367055771743 0.08487029831387814
0 0.23750972762645917 0.8575551232166019 0.07619974059662775 0.07997405966277567
1 0.3115499351491569 0.8122989623865109 0.19684824902723727 0.1460116731517509
1 0.8688035019455252 0.15479896238651106 0.1434046692607003 0.11407263294422834
1 0.7391342412451362 0.7957911802853438 0.144597924773022 0.15529182879377434
0 0.7018644617380025 0.9590077821011672 0.09656939040207513 0.08068741893644626
0 0.5466958495460441 0.9596789883268483 0.08819066147859918 0.0793450064850841
0 0.6860051880674448 0.03762645914396886 0.08950713359273658 0.07525291828793772
0 0.8521725032425422 0.9615726329442281 0.08990920881971463 0.07555771725032431
0 0.4053696498054475 0.9616472114137483 0.09203631647211401 0.0754085603112841
1 0.8544974059662775 0.4654409857328145 0.1433398184176395 0.2559403372243838
0 0.6973216601815825 0.8403242542153048 0.08906614785992222 0.08513618677042831
0 0.9693936446173799 0.8302399481193256 0.059915693904020816 0.0905317769131001
0 0.8403307392996109 0.034539559014267175 0.08330739299610905 0.06907911802853435
