1 0.14535319410319408 0.9444717444717445 0.19365479115479112 0.10982800982800991
0 0.739917076167076 0.8382125307125308 0.11254914004913995 0.09825552825552829
0 0.911541769041769 0.8409858722358722 0.11195331695331677 0.1030159705159704
0 0.08741093366093362 0.8313636363636364 0.09885135135135137 0.08932432432432448
1 0.14819410319410317 0.818482800982801 0.19651105651105652 0.11576167076167092
0 0.40969594594594605 0.8422113022113024 0.09646805896805907 0.09051597051597046
0 0.5610288697788699 0.8430528255528256 0.09111179361179364 0.08455773955773953
0 0.08878685503685509 0.9672082309582309 0.09689803439803439 0.064355036855037
0 0.26057739557739557 0.9551873464373464 0.09947174447174449 0.08839680589680599
0 0.4081726044226044 0.9635472972972974 0.11318796068796064 0.07167690417690427
1 0.29685503685503684 0.9505282555282556 0.18436117936117927 0.09771498771498774
