1 0.46795626242544724 0.3913538767395627 0.14431809145129218 0.15264811133200806
1 0.6173638170974156 0.3825646123260437 0.15541948310139178 0.14986878727634184
1 0.6862842942345925 0.37979125248508944 0.1628190854870775 0.14524453280318092
1 0.3090775347912525 0.6848449304174951 0.0873717693836977 0.29135188866799205
1 0.21865606361829018 0.7090974155069582 0.08962226640159048 0.29873558648111337
1 0.8925805168986084 0.6620377733598409 0.0928349900596419 0.2785009940357852
1 0.8137216699801194 0.6371431411530815 0.09058449304174952 0.2589065606361829
1 0.7040218687872762 0.6193161033797216 0.0786998011928429 0.2489463220675944
1 0.571196819085487 0.6471013916500994 0.08737176938369776 0.27496620278330025
1 0.11313320079522864 0.7081351888667992 0.084803180914513 0.3237932405566601
1 0.44254671968190856 0.6662147117296223 0.07805566600397612 0.28621073558648114
1 0.053811133200795246 0.412168986083499 0.10762226640159049 0.16836978131212713
1 0.1358369781312128 0.40684890656063616 0.11656461232604368 0.16976143141153077
1 0.23135586481113316 0.4033817097415507 0.13183300198807157 0.16467196819085478
1 0.3106858846918489 0.39621073558648107 0.1350656063618289 0.16791252485089467
1 0.3920954274353877 0.3932047713717694 0.1415427435387674 0.1628230616302187
