1 0.03601493848857646 0.677311072056239 0.07202987697715292 0.35728471001757467
1 0.13745606326889273 0.6814015817223199 0.10120386643233747 0.3286555360281194
1 0.23738137082601052 0.6512456063268893 0.08842706502636193 0.31639279437609846
1 0.3012719683655536 0.6320760105448155 0.08126977152899811 0.3046353251318103
1 0.3827899824253076 0.6307996485061511 0.07770650263620368 0.31843585237258354
1 0.46279217926186295 0.6325878734622145 0.08740333919156426 0.3128119507908612
1 0.6209863796133569 0.6192970123022847 0.10018014059753944 0.2995254833040422
1 0.7495386643233743 0.6146990333919157 0.09762741652021106 0.3046353251318102
1 0.8141959578207382 0.6031985940246045 0.0736028119507905 0.30821616871704743
1 0.8900988576449911 0.633866432337434 0.11398506151142362 0.3133216168717048
1 0.056412565905096655 0.3442201230228471 0.11282513181019331 0.18706063268892797
1 0.15328866432337432 0.34155755711775043 0.1483699472759227 0.18173550087873463
1 0.32970342706502637 0.3291322495606327 0.15475834797891047 0.17889718804920918
1 0.5020320738137083 0.3202592267135325 0.16150702987697735 0.1710896309314586
1 0.5813642355008787 0.317420913884007 0.17322056239015815 0.16682776801405982
1 0.657146309314587 0.3145804042179262 0.17712214411247795 0.16185852372583484
