1 0.9624475997295472 0.18384043272481412 0.07375253549695715 0.1746179851250846
1 0.873262339418526 0.18069303583502366 0.12978363759296832 0.18563218390804595
1 0.7607843137254903 0.18108857336037856 0.14394861392833008 0.18799188640973627
1 0.6581372549019607 0.18423258958755917 0.14944557133198116 0.1879918864097363
1 0.49492224475997293 0.5149830966869506 0.10461122379986476 0.3523867478025692
1 0.424526707234618 0.5594286680189317 0.10225152129817441 0.3783434753211628
1 0.2505814739688979 0.6427687626774848 0.15168356997971602 0.45995267072346185
1 0.08747802569303582 0.6737660581473969 0.14842461122379985 0.49912102772143324
1 0.33477687626774844 0.5780696416497634 0.09674780256930357 0.39878972278566593
1 0.3856693711967546 0.5506964164976335 0.0873089925625423 0.39643002028397545
1 0.14930358350236647 0.6163759296822178 0.1038269100743746 0.41924273157538877
