0 0.4684679590737748 0.1244964997307485 0.08926763597199779 0.08978998384491114
0 0.31959073774905766 0.24616855142703287 0.08269251480883173 0.08833064081852463
0 0.16892568659127621 0.7504684975767367 0.09084006462035546 0.08958535271944014
0 0.039116855142703334 0.12945880452342487 0.07823371028540667 0.09762520193861064
0 0.042490576198169074 0.8832148626817449 0.08498115239633815 0.10524501884760384
0 0.3233494884221863 0.37459073774905766 0.09145934302638674 0.0908400646203555
0 0.03732094776521274 0.503642972536349 0.07464189553042548 0.0895799676898223
0 0.6304846526655897 0.24224824986537427 0.09742595584275744 0.09093699515347325
1 0.03558696822832528 0.6959477652127086 0.07117393645665056 0.1932956381260096
0 0.17977113624124932 0.12919493807215945 0.09449111470113102 0.08561658589122242
0 0.312697899838449 0.6248626817447497 0.08645126548196011 0.0952180936995154
0 0.16610662358642975 0.8745072697899838 0.10023694130317735 0.1058696822832528
0 0.0379806138933764 0.2600107700592353 0.0759612277867528 0.08833602584814212
0 0.4542810985460421 0.740444264943457 0.08269251480883136 0.0833225632740981
1 0.6939310716208938 0.6873828756058158 0.1855035002692515 0.20110931610123847
0 0.7610393107162089 0.7586133548734518 0.111717824448034 0.10262250942380188
0 0.036795907377490535 0.7600430802369413 0.07359181475498107 0.08703284868066774
0 0.17017770597738288 0.5055223478729133 0.08958535271943979 0.09709746903607963
1 0.14656704361874 0.6925686591276251 0.13260635433494886 0.19305331179321494
0 0.17381260096930534 0.2546876682821756 0.08707592891760896 0.08457189014539578
0 0.47745826602046304 0.2605735056542812 0.101486268174475 0.0920893914916532
0 0.3254254173397954 0.12058158319870757 0.09240172320947772 0.09031771674744213
0 0.46461497038233707 0.3789795368874529 0.09083467959073788 0.09584814216478205
0 0.31301292407108244 0.746709746903608 0.08957996768982222 0.09710285406569756
0 0.17519116855142713 0.38962574044157244 0.09209477652127084 0.09709746903607969
1 0.03793484114162624 0.46464997307485195 0.07586968228325248 0.1533602584814216
