1 0.9258047493403695 0.8615778364116095 0.1473350923482847 0.08853825857519772
1 0.9124459102902375 0.7505461741424803 0.1740527704485487 0.08452242744063321
1 0.9109182058047494 0.6435092348284961 0.17710817941952497 0.08300791556728224
1 0.9109182058047494 0.531424802110818 0.17710817941952497 0.08110817941952515
0 0.4730395778364115 0.9606332453825855 0.12249076517150392 0.07767810026385236
0 0.47105540897097636 0.8594089709762534 0.12068601583113446 0.10566754617414248
0 0.46267018469657 0.7392981530343009 0.10024274406332441 0.08478100263852231
0 0.46148021108179427 0.6258918205804749 0.09879155672823223 0.08309762532981539
0 0.4728047493403695 0.4944379947229552 0.09927704485488133 0.09840633245382588
0 0.46830343007915565 0.3840765171503958 0.08869129287598927 0.09137203166226913
0 0.4705171503957782 0.25700791556728236 0.0996833773087071 0.0935514511873351
0 0.3307150395778364 0.262664907651715 0.09509762532981537 0.10696569920844325
0 0.462084432717678 0.15292612137203165 0.09389973614775728 0.08654881266490765
0 0.33418469656992084 0.14232189973614776 0.09623218997361488 0.08253298153034298
0 0.8825831134564645 0.14365699208443272 0.09387335092348269 0.09212664907651713
0 0.32643799472295526 0.5034300791556727 0.10786279683377313 0.11092348284960417
0 0.32527176781002626 0.3878153034300792 0.09687598944591029 0.10204749340369396
