0 0.186196682464455 0.399792654028436 0.12736966824644563 0.1164099526066351
0 0.04306872037914694 0.8186907582938389 0.08613744075829388 0.11013033175355452
0 0.04531990521327014 0.2666469194312796 0.09063981042654028 0.11492890995260659
0 0.9548281990521326 0.8365758293838862 0.08915876777251192 0.09696682464454981
0 0.48959419431279616 0.8201777251184833 0.10845379146919414 0.10054502369668246
0 0.18495260663507113 0.9473045023696681 0.14407582938388647 0.10420616113744093
0 0.9557434834123222 0.1723370853080569 0.08732819905213268 0.09431872037914688
0 0.4909567535545023 0.4264928909952608 0.10383293838862559 0.09452606635071095
0 0.4959212085308056 0.5519105450236966 0.1065343601895737 0.10672393364928916
0 0.9562203791469194 0.6978584123222749 0.08637440758293848 0.09429502369668226
0 0.8143927725118484 0.6959626777251186 0.09643957345971561 0.09125000000000003
0 0.3350118483412322 0.9558649289099527 0.11492890995260666 0.08708530805687206
0 0.041033767772511845 0.13374407582938388 0.08206753554502369 0.09258293838862557
0 0.8066261848341233 0.8420231042654028 0.09429502369668245 0.09601303317535541
0 0.041883886255924194 0.6833827014218009 0.08376777251184839 0.11486966824644558
0 0.19010663507109005 0.5393068720379147 0.12345971563981033 0.12517772511848343
0 0.17893957345971567 0.8197274881516587 0.1251777251184834 0.13376777251184824
0 0.04600118483412321 0.4022215639810427 0.09200236966824642 0.11522511848341234
0 0.3401629146919431 0.40813981042654024 0.09774289099526086 0.09604265402843601
0 0.18447867298578197 0.26796800947867294 0.09644549763033172 0.09186018957345969
0 0.042565165876777264 0.5429798578199053 0.08513033175355453 0.10432464454976308
0 0.18752962085308064 0.1431872037914692 0.10112559241706166 0.09774881516587679
0 0.6606398104265402 0.2931872037914692 0.1048104265402845 0.09845971563981042
0 0.5093039099526067 0.15555094786729856 0.09438981042654027 0.09239336492890997
0 0.4961789099526066 0.28716528436018957 0.09671800947867294 0.09306279620853082
0 0.34016587677725124 0.6885071090047393 0.10118483412322254 0.10462085308056866
0 0.6548785545023695 0.8265847156398104 0.0930627962085309 0.0877428909952606
0 0.6606960900473934 0.6963003554502369 0.09604857819905212 0.08906990521327006
0 0.6641883886255924 0.559534952606635 0.10502369668246428 0.09671208530805679
0 0.6520468009478673 0.4282464454976303 0.09141587677725117 0.08741706161137441
0 0.6522719194312796 0.16119075829383886 0.09431872037914686 0.09260663507109004
0 0.9557434834123222 0.437292654028436 0.08732819905213268 0.08574644549763036
0 0.9616350710900473 0.5628021327014218 0.07554502369668258 0.09289099526066352
0 0.811196682464455 0.3032138625592417 0.08670616113744077 0.07910545023696688
0 0.810056279620853 0.4344194312796208 0.09203199052132723 0.08138625592417055
0 0.3478761848341232 0.15004443127962083 0.08917654028436037 0.08059834123222749
0 0.9571090047393366 0.9612263033175354 0.08459715639810439 0.07636255924170629
0 0.34359004739336496 0.274375 0.09432464454976319 0.08574052132701426
0 0.8056723933649289 0.17316054502369668 0.0929798578199052 0.08436611374407582
0 0.03992890995260662 0.9469786729857821 0.07985781990521323 0.10485781990521321
0 0.3453199052132702 0.5461789099526065 0.1114928909952605 0.11830568720379142
0 0.9548874407582937 0.3138181279620853 0.08904028436018968 0.08917654028436017
