0 0.4804284814114682 0.10180844360428477 0.10690611216131062 0.10201638311279149
0 0.48470069313169506 0.6228796471329553 0.09712665406427207 0.10201638311279149
1 0.47173282923755516 0.40468494013862644 0.17513547574039076 0.25685570258349094
1 0.4280970384373031 0.09578134845620667 0.1669691241335854 0.11860743541272828
1 0.33230938878386895 0.4082041587901701 0.12148078134845615 0.2515816005040956
1 0.47173282923755516 0.40468494013862644 0.17513547574039076 0.25685570258349094
1 0.10231884057971008 0.7721991178323883 0.1203906742281033 0.40494013862633926
0 0.4892848141146819 0.7591052299936989 0.09529300567107758 0.09712665406427216
0 0.34511972274732194 0.6317359798361689 0.10262759924385634 0.0989603024574671
0 0.6401669817265281 0.8852488972904853 0.09529300567107786 0.09652173913043464
