1 0.48208984374999997 0.551025390625 0.17117187499999975 0.2105533854166665
0 0.03895833333333328 0.5371549479166666 0.07791666666666656 0.09341145833333336
1 0.5816861979166666 0.5544335937500001 0.19768229166666648 0.2173697916666668
1 0.6740852864583333 0.5442089843750001 0.15072265624999948 0.19843098958333327
0 0.40989908854166673 0.19695963541666664 0.07384765625000017 0.07889322916666658
0 0.5963411458333333 0.08701497395833332 0.09593749999999969 0.08836588541666668
0 0.36691731770833336 0.09048828125 0.08520182291666656 0.08520833333333339
0 0.3419759114583332 0.2858658854166667 0.09164713541666664 0.08937499999999995
0 0.23026041666666672 0.2877604166666667 0.09391927083333321 0.09467447916666671
0 0.2520475260416667 0.10500325520833338 0.0927799479166668 0.08899088541666669
0 0.4597493489583333 0.2741276041666667 0.0924023437499999 0.09164062499999996
0 0.09117187499999999 0.37274414062499994 0.0984505208333335 0.1003450520833332
0 0.8020833333333333 0.2699609375 0.09542968749999992 0.09694010416666661
1 0.06869791666666665 0.30810872395833333 0.10540364583333309 0.1981835937500001
0 0.07460286458333328 0.8906673177083334 0.08179687499999991 0.07725911458333344
0 0.5241048177083334 0.18462239583333329 0.08400390624999977 0.08463541666666666
0 0.21865885416666675 0.642548828125 0.08816406250000006 0.08452473958333338
1 0.7021712239583333 0.11922526041666666 0.19358723958333365 0.15904947916666665
1 0.05542643229166666 0.8020540364583333 0.09724609375000023 0.23994140625000004
1 0.4666829427083333 0.12931640625 0.18449869791666662 0.18994791666666666
0 0.31727213541666677 0.6220996093749999 0.08725260416666664 0.08906901041666665
0 0.6801464843749999 0.26693359375 0.09845703124999972 0.09997395833333324
1 0.2730501302083333 0.5532975260416666 0.15147786458333307 0.21206380208333328
0 0.5699446614583333 0.2692057291666667 0.08861328124999988 0.0863411458333333
0 0.296923828125 0.17676432291666674 0.09151692708333342 0.08773437499999998
0 0.7598437499999998 0.15748372395833332 0.0833723958333329 0.0833789062500001
0 0.43042317708333344 0.6220996093749999 0.09906249999999989 0.09452473958333335
1 0.20636067708333336 0.5725455729166665 0.09161458333333324 0.20154947916666655
0 0.6298242187500002 0.178310546875 0.08210937499999983 0.08211588541666673
0 0.5385774739583332 0.6257356770833332 0.10087890624999966 0.09634114583333336
0 0.6435481770833331 0.6275520833333332 0.09451822916666686 0.09997395833333328
1 0.37302734375 0.5479947916666666 0.17268229166666682 0.20903645833333356
0 0.7344335937500002 0.6157356770833333 0.08179687499999966 0.08179687500000021
