1 0.5646134663341646 0.8366608478802992 0.1304239401496259 0.1863192019950125
1 0.43009476309226935 0.6119077306733167 0.13710723192019947 0.1863192019950123
0 0.5410523690773067 0.8901770573566086 0.08355112219451362 0.08703740648379035
0 0.2529226932668329 0.8029900249376559 0.09107231920199499 0.08856359102244386
0 0.3912019950124688 0.673069825436409 0.08856857855361587 0.08605985037406495
0 0.07361845386533665 0.09130673316708225 0.08558104738154614 0.07978054862842894
0 0.9311471321695762 0.7974937655860349 0.09051371571072334 0.0852917705735661
0 0.22955361596009974 0.32121945137157115 0.0928329177057357 0.0763940149625935
0 0.37364089775561093 0.4464513715710724 0.09187032418952619 0.07929675810473817
0 0.9286209476309226 0.31072568578553617 0.0971820448877807 0.08848379052369086
0 0.9252369077306732 0.18960598503740647 0.10008977556109705 0.08896758104738149
1 0.9422668329177059 0.726793017456359 0.09366084788029926 0.19551122194513712
1 0.28315461346633414 0.29374563591022446 0.16245885286783046 0.11894264339152119
1 0.13223192019950125 0.08135411471321696 0.1780498753117207 0.0927431421446383
1 0.41210473815461346 0.4106259351620947 0.1503940149625935 0.14349625935162083
0 0.7825985037406483 0.07718952618453864 0.09525187032418947 0.09428927680798004
0 0.9235436408977556 0.07283541147132169 0.0976708229426434 0.08848379052369083
