1 0.48208984374999997 0.45792643229166663 0.17117187499999975 0.21055338541666652
0 0.03895833333333328 0.4440559895833333 0.07791666666666656 0.0934114583333334
1 0.5816861979166666 0.4613346354166668 0.19768229166666648 0.21736979166666676
1 0.6740852864583333 0.4511100260416668 0.15072265624999948 0.19843098958333338
0 0.40989908854166673 0.10386067708333331 0.07384765625000017 0.07889322916666655
0 0.3419759114583332 0.19276692708333337 0.09164713541666664 0.08937499999999998
0 0.23026041666666672 0.19466145833333331 0.09391927083333321 0.09467447916666669
0 0.2520475260416667 0.0281998697916667 0.0927799479166668 0.0563997395833334
0 0.4597493489583333 0.18102864583333336 0.0924023437499999 0.09164062499999998
0 0.09117187499999999 0.2796451822916666 0.0984505208333335 0.10034505208333325
0 0.8020833333333333 0.17686197916666666 0.09542968749999992 0.09694010416666657
1 0.06869791666666665 0.215009765625 0.10540364583333309 0.19818359375000008
0 0.07460286458333328 0.797568359375 0.08179687499999991 0.07725911458333344
0 0.5241048177083334 0.09152343749999996 0.08400390624999977 0.08463541666666666
0 0.21865885416666675 0.5494498697916665 0.08816406250000006 0.08452473958333338
1 0.7021712239583333 0.052825520833333334 0.19358723958333365 0.10565104166666667
1 0.05542643229166666 0.708955078125 0.09724609375000023 0.23994140625000004
1 0.4666829427083333 0.06559570312499999 0.18449869791666662 0.13119140624999998
0 0.31727213541666677 0.5290006510416665 0.08725260416666664 0.08906901041666655
0 0.6801464843749999 0.1738346354166667 0.09845703124999972 0.09997395833333331
1 0.2730501302083333 0.46019856770833334 0.15147786458333307 0.2120638020833333
0 0.5699446614583333 0.17610677083333331 0.08861328124999988 0.08634114583333327
0 0.296923828125 0.0836653645833334 0.09151692708333342 0.08773437499999998
0 0.7598437499999998 0.06438476562499998 0.0833723958333329 0.08337890625000009
0 0.43042317708333344 0.5290006510416665 0.09906249999999989 0.09452473958333335
1 0.20636067708333336 0.4794466145833332 0.09161458333333324 0.20154947916666666
0 0.6298242187500002 0.08521158854166666 0.08210937499999983 0.08211588541666676
0 0.5385774739583332 0.53263671875 0.10087890624999966 0.09634114583333336
0 0.6435481770833331 0.5344531249999999 0.09451822916666686 0.09997395833333318
1 0.37302734375 0.45489583333333333 0.17268229166666682 0.20903645833333362
0 0.7344335937500002 0.52263671875 0.08179687499999966 0.08179687500000021
