1 0.37360849943587815 0.42291650996615265 0.0953779616397142 0.13518992102294095
1 0.4736160210605491 0.41831327566754417 0.10463708160962772 0.1432831891688604
1 0.16701767581797664 0.4197405039488529 0.07717939074840177 0.15015419330575405
1 0.857169988717563 0.4115325310267018 0.16698382850695764 0.14255359157578032
1 0.9514497931553216 0.6972959759308011 0.09634825122226387 0.3309514855208726
1 0.8472094772470853 0.6972959759308011 0.10342233922527255 0.328777735990974
1 0.7388886799548703 0.7081816472358029 0.09145167356148928 0.29829635201203447
1 0.6278431741256112 0.715259496051147 0.10233546446032336 0.28849567506581425
1 0.519522376833396 0.6978412937194434 0.09689356901090627 0.32986837156825877
1 0.37360849943587815 0.42291650996615265 0.0953779616397142 0.13518992102294095
1 0.26974426476118846 0.4196765701391501 0.0896878525761563 0.14919142534787522
1 0.06430236931177136 0.42667544189544937 0.07839037232042106 0.13763068822865734
1 0.7639996239187665 0.40939827002632573 0.15312899586310663 0.1518164723580294
1 0.6725028206092517 0.412626927416322 0.14182399398270024 0.14401278676194068
1 0.5709721699887176 0.41679202707784885 0.11681459195186168 0.14175253854832653
