1 0.23638072601555749 0.35743085566119276 0.12234658599827135 0.17664217804667248
1 0.6602484874675886 0.692618841832325 0.1100388936905791 0.3894814174589456
1 0.20995462402765772 0.6973228176318065 0.1158297320656871 0.3844122731201384
1 0.7503824546240276 0.6553349178910977 0.09483578219533266 0.3424243733794296
1 0.8690989628349178 0.6470073465859983 0.08902765773552306 0.3489412273120138
1 0.9215946413137426 0.3454861711322386 0.11727744165946419 0.1585436473638722
1 0.816622731201383 0.3516400172860846 0.10714347450302504 0.15781763180639583
1 0.7098401037165082 0.3523638720829732 0.11076058772687986 0.16071737251512527
1 0.521614088159032 0.6947904062229905 0.10786949006050123 0.34315038893690586
1 0.5885803802938634 0.35127700950734664 0.09556179775280894 0.16578651685393275
1 0.4713007778738115 0.3541724286949006 0.09990492653414004 0.1643344857389801
1 0.388409680207433 0.7150583405358686 0.12379429559204842 0.40685825410544507
1 0.3543820224719101 0.35634615384615376 0.10642178046672428 0.1672299049265341
