0 0.9268972235752556 0.35837067705796394 0.08459814905017057 0.07896249391134919
0 0.8126863127131027 0.5318046760837799 0.10716512420847545 0.10433999025815878
0 0.790126643935704 0.36471748660496833 0.08742328300048688 0.08319045299561618
0 0.8098660496833903 0.21807598636142234 0.08741841207988313 0.08601071602532875
0 0.9452264978080859 0.5120628348757915 0.09023867510959567 0.0930589381393084
0 0.9381782756941061 0.21666829030686796 0.09023867510959586 0.08601071602532877
1 0.7069361909400876 0.36683146614710177 0.24816366293229414 0.09869946419873364
1 0.7048197759376523 0.505014612761812 0.2834145153434 0.1325426205552849
1 0.7111641500243545 0.23641013151485632 0.27636629322942036 0.10292255236239646
1 0.7386604968339017 0.8229712615684364 0.2636726741354116 0.3172528007793471
