0 0.10460494571773231 0.44520506634499385 0.10475874547647769 0.08729794933655004
0 0.1002412545235222 0.3194963811821471 0.09951749095295537 0.09079010856453557
0 0.10111278648974667 0.17545536791314836 0.09777442702050643 0.09602533172496981
0 0.2573733413751507 0.8624849215922799 0.08904101326899883 0.08729794933654994
0 0.2573763570566948 0.7097135102533173 0.09253317249698437 0.08555488540410132
0 0.2617370325693607 0.5700361881785283 0.08729794933654994 0.0855488540410132
0 0.25160434258142345 0.44240048250904707 0.10033775633293131 0.08349819059107363
0 0.25300965018094085 0.30203558504221956 0.0977683956574185 0.09427623642943303
0 0.2643063932448733 0.15711097708082025 0.08910735826296759 0.08910735826296742
0 0.4062515078407721 0.5905217129071171 0.08700241254523523 0.08911338962605547
0 0.40716224366706877 0.4595928829915561 0.08279252110977087 0.07718335343787697
0 0.4022527141133896 0.32628166465621233 0.09823281061519895 0.08139324487334143
0 0.3966375150784078 0.2034921592279855 0.08560313630880599 0.07577804583835945
0 0.5550723763570569 0.730639324487334 0.0813872135102534 0.08419782870928834
0 0.2591103739445115 0.963238841978287 0.11001809408926408 0.07231604342581421
0 0.41103739445114595 0.9641133896260555 0.10651387213510277 0.07056694813027738
0 0.41067551266586255 0.7196622436670688 0.10615199034981904 0.09806996381182144
0 0.11165259348612794 0.5747316043425814 0.10882991556091678 0.0980639324487334
0 0.10767189384800964 0.7104855247285887 0.09495778045838335 0.0960012062726175
0 0.10087454764776842 0.8516887816646562 0.10814234016887829 0.10579010856453558
0 0.09826296743063924 0.9617008443908324 0.10400482509047049 0.07539203860072369
0 0.5638419782870927 0.5829433051869722 0.08349819059107336 0.07647768395657428
0 0.561369119420989 0.9669782870928829 0.10512665862484906 0.06483715319662241
0 0.5631785283474064 0.8583534378769603 0.10512665862484898 0.10512665862484925
0 0.5606845597104946 0.448226779252111 0.08560313630880556 0.0834981905910735
0 0.557177322074789 0.3335072376357056 0.08980699638118224 0.08981302774427018
0 0.5561248492159228 0.19563027744270203 0.07928226779252129 0.07507237635705666
0 0.6956061519903499 0.6145627261761158 0.09602533172496991 0.09079010856453566
0 0.705732810615199 0.8709800965018095 0.08875150784077225 0.07857056694813035
0 0.7013661037394453 0.7363932448733413 0.09165862484921623 0.08293124246079608
0 0.7034831121833535 0.4738932448733414 0.08852231604342589 0.08445717732207476
0 0.6951628468033775 0.34182750301568154 0.08604342581423392 0.07955367913148373
0 0.6934620024125451 0.21407720144752715 0.09647768395657423 0.08527141133896261
