0 0.47342037395228875 0.2005738233397808 0.09076079948420372 0.08851063829787231
0 0.8872469374597033 0.07343326885880075 0.0825660863958732 0.08257253384912969
1 0.12759187620889745 0.3843004513217279 0.13688588007736968 0.20189555125725328
0 0.5900548033526757 0.18894906511927792 0.09150870406189539 0.09075435203094778
0 0.14159574468085107 0.20634751773049642 0.08700838168923293 0.08325596389426167
0 0.6537878787878788 0.10030947775628622 0.08319148936170195 0.08381689232753063
1 0.5983784655061251 0.06911025145067702 0.18439071566731127 0.13822050290135404
1 0.12646679561573185 0.16915860735009672 0.10563507414571258 0.16063829787234044
0 0.3627852998065765 0.20245003223726626 0.09301096067053495 0.093758865248227
0 0.3843617021276596 0.03276273372018056 0.09188265635074164 0.06552546744036113
1 0.20209542230818828 0.22322695035460993 0.10188265635074145 0.19751773049645402
0 0.03555125725338498 0.08379110251450679 0.07110251450676996 0.09631205673758872
0 0.5406866537717602 0.11252740167633783 0.07313346228239861 0.07813023855577036
0 0.8083204384268213 0.18182462927143778 0.09750483558994161 0.09900709219858154
1 0.06446163765312703 0.44836879432624105 0.09938104448742767 0.20251450676982588
1 0.8293778207607998 0.056811734364925856 0.1817859445519019 0.11362346872985171
0 0.028323662153449426 0.4358671824629272 0.05664732430689885 0.09187620889748543
0 0.42880399742101866 0.0925274016763379 0.09063185041908461 0.08688588007736942
0 0.7584848484848488 0.09405867182462928 0.08131528046421646 0.08132172791747268
0 0.08370406189555128 0.5153255963894261 0.08460992907801419 0.08109606705351374
0 0.22504190844616376 0.2866118633139909 0.09749838813668621 0.09937459703417141
0 0.9290780141843973 0.18482269503546098 0.09450676982591869 0.09600257898130228
0 0.16315925209542226 0.4494326241134751 0.09751128304319777 0.09250805931656995
0 0.6991843971631205 0.18407479045776917 0.08775628626692451 0.08550612508059312
