1 0.04082539682539679 0.7266158730158728 0.08165079365079358 0.37996190476190483
0 0.81155873015873 0.7399142857142856 0.10015873015873024 0.10015873015873016
0 0.5082507936507937 0.7312380952380952 0.09601904761904768 0.09786666666666664
0 0.36838095238095225 0.8773015873015874 0.08952380952380952 0.09306666666666652
1 0.44659682539682544 0.06286031746031746 0.16824126984126983 0.11951111111111098
0 0.3629873015873015 0.6028984126984127 0.1034095238095238 0.09971428571428588
1 0.3500793650793651 0.377663492063492 0.12240634920634914 0.25349841269841256
1 0.4905650793650794 0.3741174603174604 0.1764698412698414 0.2588126984126985
0 0.6602825396825398 0.8583428571428573 0.09601904761904786 0.0972571428571427
0 0.5036317460317461 0.5939746031746033 0.09786666666666655 0.10279365079365087
1 0.7507523809523808 0.7042857142857143 0.1887936507936505 0.13295238095238063
0 0.4993269841269842 0.06893333333333329 0.10772063492063491 0.10279365079365085
1 0.4905650793650794 0.3741174603174604 0.1764698412698414 0.2588126984126985
1 0.14433015873015867 0.7020507936507937 0.11273650793650788 0.40232380952380953
