0 0.4060800260247235 0.028506831489915455 0.09271958360442435 0.05701366297983091
0 0.24530904359141184 0.28011385816525697 0.09838646714378682 0.10027976577748851
0 0.03363044892648019 0.5985621340273259 0.06726089785296038 0.09182823682498371
1 0.14583604424203 0.161590761223162 0.10659726740403395 0.16210149642160054
0 0.4509271307742356 0.08426154847104755 0.09145738451528962 0.0876772934287573
0 0.9537117761873781 0.1773975276512687 0.09127521145087825 0.09687703318152238
0 0.49594990240728676 0.19329212752114514 0.09158750813272604 0.089316851008458
0 0.10268379960962917 0.5109108653220559 0.08538061158100196 0.08183474300585546
0 0.6779603122966819 0.09211450878334412 0.08394925178919967 0.08458035133376708
0 0.1828627195836044 0.4444176968119713 0.09839947950553012 0.0933506831489916
1 0.8551463890696162 0.05022771633051402 0.19132075471698143 0.10045543266102804
0 0.7836109303838649 0.0858067664281067 0.08205595315549752 0.08206245933636963
0 0.3843070917371504 0.1951854261548471 0.09385816525699396 0.09461288223812625
0 0.03769030579050101 0.4307286922576448 0.07538061158100202 0.09271307742355239
0 0.16110279765777488 0.19911841249186726 0.08780091086532221 0.08401431359791794
1 0.22284970722186076 0.21552049446974628 0.10533506831489894 0.19805465191932345
0 0.7237703318152244 0.17664281067013662 0.08855562784645409 0.08628497072218604
1 0.14533181522446323 0.38039687703318154 0.1349837345478206 0.2030969420949901
1 0.6205757970071568 0.0658783344176968 0.18437865972674036 0.1317566688353936
0 0.9135458685751461 0.06499349381912815 0.083318152244632 0.08332465842550434
0 0.044983734547820495 0.07544567338972026 0.08996746909564099 0.09718932986337027
0 0.833900455432661 0.17437215354586857 0.09839297332465813 0.09990891346779437
0 0.5638288874430709 0.10444372153545867 0.07379960962914785 0.07884189980481446
0 0.6136467143786597 0.1815614834092388 0.09234222511385794 0.09158100195185423
