1 0.26337253414264034 0.6160546282245827 0.0904704097116842 0.15049317147192712
1 0.8559237481031868 0.6078395295902883 0.16844081942336891 0.14379742033383916
1 0.46902314112291354 0.6146794385432475 0.1055500758725342 0.1445333839150228
1 0.5672287556904401 0.6131449165402124 0.1178338391502277 0.14298937784522003
1 0.9510261760242792 0.8643987101669195 0.09718892261001506 0.2704438543247345
1 0.761940440060698 0.6056866464339908 0.15446509863429464 0.15314112291350526
1 0.6696452959028831 0.6089434749620638 0.14306145675265552 0.14526934749620643
1 0.15974962063732925 0.6161191198786039 0.0778528072837634 0.15146433990895297
1 0.36814301972685887 0.6193228376327768 0.09621016691957514 0.13636949924127456
1 0.8458763277693475 0.8649468892261002 0.10432473444613048 0.26934749620637327
1 0.36814301972685887 0.6193228376327768 0.09621016691957514 0.13636949924127456
1 0.05613808801213961 0.6231145675265555 0.07907435508345964 0.13883156297420338
