0 0.6652803497942387 0.04597736625514402 0.09514917695473252 0.08916666666666662
1 0.5823302469135804 0.8315354938271605 0.13451646090534974 0.1921656378600825
0 0.956633230452675 0.5610699588477367 0.085704732510288 0.07899176954732512
1 0.4250360082304526 0.3921322016460905 0.1551131687242798 0.14799897119341549
1 0.9615097736625516 0.7182201646090535 0.07595164609053497 0.2016460905349795
0 0.6835982510288066 0.6610802469135804 0.08063271604938275 0.0806687242798355
0 0.6830324074074073 0.7752211934156378 0.0743055555555556 0.07081275720164633
1 0.44359053497942386 0.5997299382716049 0.1414094650205761 0.19216563786008223
1 0.8356867283950618 0.8261934156378601 0.0869598765432098 0.2017901234567902
0 0.8071553497942388 0.04842849794238682 0.09824074074074078 0.09685699588477364
0 0.5245910493827161 0.5594881687242799 0.080787037037037 0.07959362139917696
0 0.9508204732510288 0.04468621399176955 0.09733024691358033 0.0893724279835391
1 0.5613631687242799 0.5008410493827161 0.12932098765432096 0.16695987654320996
1 0.5515303497942387 0.1508822016460905 0.13148662551440332 0.12495370370370373
0 0.5109953703703705 0.18693158436213989 0.07755658436213986 0.0710956790123457
0 0.5580298353909464 0.8867309670781894 0.08617283950617277 0.08976851851851837
1 0.9555555555555557 0.5018235596707818 0.0878600823045268 0.17163065843621397
0 0.9535648148148148 0.2890972222222222 0.09184156378600843 0.09126028806584367
0 0.40347736625514397 0.6628112139917696 0.0913477366255143 0.0887602880658437
1 0.13638117283950618 0.05252829218106996 0.18363683127572022 0.09565329218106985
0 0.23675668724279836 0.29992026748971196 0.09574588477366261 0.07879115226337446
1 0.821252572016461 0.3801774691358024 0.0927109053497942 0.15295781893004104
1 0.29203960905349796 0.2715843621399177 0.1675565843621399 0.1226748971193416
0 0.8267463991769547 0.905185185185185 0.0847376543209877 0.07971193415637856
0 0.9565869341563787 0.791139403292181 0.08579732510288078 0.08796810699588485
0 0.07592849794238683 0.06279320987654317 0.08826646090534981 0.08228395061728397
0 0.2608590534979424 0.7968081275720166 0.09393004115226332 0.09134259259259271
0 0.3853652263374485 0.4290817901234569 0.0947530864197531 0.08178497942386827
0 0.9510699588477367 0.16417695473251026 0.09683127572016471 0.0917592592592592
1 0.7151491769547325 0.5923199588477366 0.11891975308641971 0.19337448559670775
0 0.8108770576131688 0.4272119341563787 0.08186728395061726 0.08186213991769549
