0 0.5065973477998794 0.6254189270644968 0.08521398432790846 0.08846292947558769
0 0.38506027727546716 0.7406660638939121 0.0945569620253165 0.09901748040988545
0 0.5130892103676914 0.7412718505123569 0.09414707655213979 0.09942133815551539
0 0.6620192887281495 0.7449246534056659 0.08846292947558777 0.09617842073538263
0 0.8052712477396021 0.7392465340566607 0.0917118746232672 0.10429174201326104
0 0.22030440024110912 0.6331253767329718 0.09049427365883062 0.08927667269439414
0 0.7760608800482217 0.5046142254370103 0.07713682941531042 0.07223025919228458
1 0.2768685955394816 0.6147649186256782 0.21382157926461726 0.13631705846895714
1 0.8213050030138638 0.48938517179023505 0.14650391802290522 0.12622061482820976
0 0.9418233875828812 0.6181103074141049 0.11241109101868592 0.11443640747438201
0 0.798170584689572 0.6132429174201326 0.09536467751657628 0.10063893911995168
0 0.6573538276069922 0.623996383363472 0.08724532851115148 0.09211573236889685
