0 0.5709045956951714 0.5706864456079115 0.09736474694589874 0.09062245491564877
0 0.5735834787667248 0.9567859220477023 0.08794648051192541 0.08049447353112284
0 0.1403723094822571 0.9529086678301338 0.10366492146596876 0.09301919720767883
0 0.1353403141361257 0.8282140779522978 0.10255962769051785 0.0952879581151832
0 0.5643048283885981 0.1954392088423502 0.09161140197789411 0.08591041303083187
0 0.29299592786503786 0.9489179755671902 0.10778359511343819 0.0993484584060499
0 0.2879319371727748 0.8259947643979058 0.09429319371727757 0.09596858638743443
0 0.4223123909249563 0.45000581733566025 0.09162885398487514 0.08788830715532282
0 0.13596276905177418 0.6936707388016289 0.09833624200116346 0.09258871436881914
0 0.1406457242582897 0.5585543920884235 0.11002908667830152 0.1030191972076788
0 0.576151832460733 0.8405410122164049 0.09634089586969181 0.08622454915648638
0 0.2845636998254799 0.5540139616055847 0.0909424083769633 0.09092495636998259
0 0.41974694589877837 0.5788278068644561 0.09906340895869692 0.10447353112274571
0 0.4341186736474695 0.7025305410122165 0.10407213496218708 0.09464805119255378
0 0.1363787085514835 0.42940663176265265 0.10104130308318793 0.08420011634671318
0 0.42803955788248976 0.8282431646305991 0.0962187318208261 0.0967422920302502
0 0.4336242001163468 0.9506108202443281 0.09261198371146 0.09598603839441541
0 0.1321698662012797 0.3081588132635253 0.09598603839441536 0.08756835369400812
0 0.5703839441535776 0.4398894706224549 0.09434554973821978 0.09567190226876085
0 0.28367946480511924 0.15910994764397904 0.09941244909831316 0.1010936591041303
0 0.13301047120418846 0.16922920302501454 0.09430482838859783 0.0926178010471204
0 0.7140052356020942 0.4570767888307155 0.0853810354857477 0.08146015125072713
0 0.27951716114019776 0.29131762652705057 0.09429901105293773 0.0909307737056428
0 0.7154712041884818 0.9604421175101804 0.09261780104712043 0.07795229784758574
0 0.2837289121582315 0.6845287958115184 0.08924956369982551 0.08251890634089588
0 0.4234642233856893 0.31470331588132633 0.0947469458987783 0.07850494473531124
0 0.4180482838859802 0.19627108784176847 0.08256544502617817 0.07308900523560206
0 0.5728912158231529 0.3216724840023269 0.08662012798138466 0.08662594531704478
0 0.5708609656777197 0.7047120418848167 0.07849912739965098 0.08121000581733574
0 0.705980221058755 0.32969749854566616 0.08299011052937746 0.07673065735892962
0 0.7119633507853405 0.7102617801047121 0.08840605002908687 0.07998836532867948
0 0.7043397324025594 0.20648051192553812 0.09305410122164051 0.08224549156486329
0 0.2781617219313555 0.4267015706806283 0.09677719604421184 0.08053519488074468
0 0.7064077952297848 0.5927545084351367 0.09261780104712043 0.0875683536940083
0 0.7161751018033741 0.8400727166957533 0.08560209424083794 0.07578243164630594
