0 0.7571134564643798 0.3215145118733509 0.11635883905013189 0.1123271767810027
0 0.4850976253298153 0.07777044854881267 0.10959366754617413 0.09353562005277044
0 0.6221292875989445 0.31504221635883906 0.10613720316622695 0.09783113456464386
1 0.41807387862796835 0.3113192612137203 0.1900263852242747 0.09218997361477572
1 0.4168337730870713 0.19033773087071235 0.19430079155672808 0.08853825857519788
1 0.40197097625329825 0.0793060686015831 0.21801055408970985 0.08452242744063315
0 0.6155778364116097 0.19386015831134565 0.10509762532981554 0.09565699208443272
0 0.6139868073878629 0.08502110817941955 0.09930870712401087 0.09053825857519798
0 0.7385672823218998 0.08947229551451191 0.09447493403693971 0.08374670184696573
0 0.7348258575197891 0.2037519788918206 0.08401583113456468 0.0852875989445911
0 0.47985751978891816 0.32048548812664907 0.10237467018469655 0.11396306068601583
0 0.4831556728232191 0.18649340369393141 0.09623218997361474 0.09319788918205815
