1 0.8096096291476902 0.12857839947950553 0.15040988939492522 0.1667599219258295
0 0.9416590761223161 0.27428106701366306 0.09536759921925826 0.08931685100845803
1 0.7136987638256344 0.11223162003903708 0.15694860117111256 0.1602212101496423
1 0.9136987638256343 0.10950553025374102 0.1449642160052049 0.15912817176317495
0 0.48535783994795056 0.2693623942745608 0.10717631750162657 0.10627195836044254
0 0.8746714378659728 0.1708132726089785 0.08249837345478218 0.08098893949251793
0 0.6038906961613533 0.270679895901106 0.09536759921925836 0.09455432661027983
0 0.8311515940143136 0.274281067013663 0.08931685100845799 0.08174365647365
0 0.7577325959661679 0.18519518542615487 0.07871828236824978 0.07796356538711774
1 0.5987117761873781 0.11931685100845801 0.16675341574495764 0.1765647364996746
0 0.6570657124268054 0.1621112556929083 0.08174365647364991 0.083259596616786
1 0.9551398828887443 0.20532856213402734 0.08841899804814576 0.19527651268705273
0 0.5442940793754066 0.18103448275862066 0.09082628497072225 0.09385816525699427
0 0.717996096291477 0.27655172413793105 0.08703968770331802 0.08023422251138575
