0 0.5552667534157449 0.17319778789850354 0.09271958360442402 0.08704619388418995
1 0.7811808718282369 0.6734873129473 0.128178269355888 0.23541964866623294
1 0.245566037735849 0.0740403383214053 0.09900455432661033 0.1480806766428106
0 0.4569193233571892 0.436665582303188 0.09537410540013021 0.08810019518542636
0 0.3322966818477553 0.18864996746909557 0.09461288223812608 0.08640858815875077
0 0.6065452179570592 0.4401594014313599 0.0883018867924527 0.08521145087833464
0 0.8025894599869876 0.7650455432661027 0.08553025374105404 0.08401431359791807
1 0.6445055302537411 0.7048763825634352 0.11117111255692894 0.23804163955757957
0 0.5245087833441768 0.3671502927781393 0.0877944046844502 0.09082628497072215
0 0.6404131424853612 0.784700715679896 0.09271958360442421 0.09145738451528934
0 0.8097690305790501 0.09498698763825635 0.0883083929733247 0.07947299934938183
1 0.45773584905660375 0.05629798308392972 0.11770982433311653 0.11259596616785944
1 0.1100878334417697 0.11669486011711126 0.08357189329863372 0.20183474300585558
1 0.7233441769681196 0.12078399479505529 0.10748210800260254 0.15667534157449572
0 0.24241704619388413 0.2760084580351334 0.09271958360442421 0.08957059206245928
0 0.9107514638906961 0.509886141834743 0.09650618087182825 0.09586857514638905
0 0.7309889394925179 0.02886792452830189 0.08023422251138584 0.05773584905660378
0 0.7243038386467144 0.17067338972023424 0.09019518542615494 0.08578399479505522
0 0.544206245933637 0.5000618087182824 0.08810019518542636 0.085380611581002
1 0.378825634352635 0.42660052049446967 0.11117111255692921 0.21144437215354572
1 0.9510832791151594 0.3694014313597919 0.09653220559531549 0.1896421600520494
0 0.45110930383864667 0.09038386467143784 0.08901106050748242 0.0909173715029278
0 0.45337670787247875 0.5954261548471047 0.08991541964866641 0.08719583604424205
0 0.7235881587508133 0.34610930383864674 0.089011060507482 0.08628497072218631
0 0.3707742355237475 0.49676642810670135 0.0883018867924527 0.0933506831489915
0 0.6451463890696161 0.10129147690305787 0.0883018867924527 0.08704619388418997
1 0.901509433962264 0.44656798959011057 0.12817176317501627 0.19749512036434624
0 0.892527651268705 0.17172088484059853 0.0890110605074821 0.09355237475601819
0 0.7222218607677292 0.8565582303188028 0.08446974625894607 0.07720234222511407
1 0.4587833441769682 0.35501301236174365 0.09547169811320734 0.2184189980481459
1 0.04339947950553028 0.1135914118412492 0.08679895901106056 0.19527651268705276
0 0.8135068314899153 0.26118737800910863 0.09082628497072225 0.08901106050748205
1 0.7164378659726741 0.7630806766428108 0.11378659726740421 0.2445738451528952
0 0.6395738451528953 0.25210800260247224 0.08810019518542607 0.08900455432661027
0 0.23923552374756013 0.12199414443721535 0.08476903057905005 0.07871828236824985
0 0.2849544567338972 0.43716330513988294 0.09309694209499016 0.09158100195185447
0 0.09436890045543263 0.19011385816525705 0.08401431359791794 0.08175016265452174
