1 0.30076946658491727 0.9474555487431023 0.18402820355610056 0.10386266094420604
0 0.9081146535867566 0.9699110974862046 0.11293071735131832 0.05895156345800133
0 0.41317903126916017 0.9606407112201102 0.11297976701410176 0.07749233599019016
0 0.24593500919681183 0.958973022685469 0.09928877988963827 0.08082771305947259
0 0.09315450643776821 0.9605977927651747 0.09671980380134887 0.0775781729000613
0 0.08684549356223174 0.8242857142857144 0.09866952789699561 0.08916002452483145
0 0.4079245861434703 0.8314193746167996 0.09629061925199242 0.09034334763948508
0 0.5702789699570815 0.8390374003678724 0.09094420600858355 0.08440220723482524
0 0.741698344573881 0.8332740649908031 0.11233599019006761 0.098074800735745
0 0.9134488044144696 0.8340190067443287 0.11174126302881672 0.10282648681790316
1 0.1460821581851625 0.8152544451256898 0.1961496014714899 0.09415082771305945
0 0.7415144083384428 0.9675751072961374 0.11126916002452487 0.06362354383813602
1 0.14919987737584306 0.9438994481912936 0.19329858982219497 0.11097486204782345
