0 0.1207371007371007 0.77247542997543 0.10302211302211318 0.10361179361179358
1 0.46239557739557735 0.8523280098280098 0.12269041769041787 0.2418181818181818
0 0.2913513513513513 0.7653531941031941 0.11195331695331681 0.11433046683046683
1 0.4808599508599508 0.15699938574938577 0.13039312039312045 0.1748464373464374
0 0.6419871007371007 0.9483476658476659 0.1120208845208847 0.10313267813267812
0 0.2997020884520884 0.515377764127764 0.11735257985257996 0.1120208845208845
0 0.2961455773955774 0.6558476658476659 0.09957616707616683 0.0942383292383291
0 0.46176904176904177 0.9375337837837839 0.11933660933660942 0.12370393120393113
0 0.4768611793611795 0.19483722358722358 0.12565110565110568 0.12148034398034396
0 0.3062407862407863 0.058083538083538055 0.12862407862407868 0.11616707616707611
0 0.12879914004914017 0.05094287469287466 0.12148034398034398 0.10188574938574932
0 0.30237100737100736 0.21030405405405406 0.11969287469287473 0.10719287469287483
0 0.13085380835380836 0.19067567567567564 0.12565110565110563 0.10957002457002447
0 0.13201167076167075 0.626566339066339 0.11493243243243223 0.11076167076167097
1 0.6330927518427517 0.8505497542997543 0.13335995085995067 0.2524877149877149
0 0.2993980343980343 0.3609275184275184 0.11969287469287473 0.11314496314496317
0 0.12789312039312042 0.341286855036855 0.12207616707616695 0.12148034398034394
1 0.1395024570024571 0.5520884520884523 0.11576167076167079 0.20577395577395569
