0 0.8772216796875 0.9533382161458333 0.09770507812500004 0.08997721354166674
0 0.6830517578125 0.2417236328125 0.0844498697916668 0.08028320312500001
0 0.8500553385416666 0.24115559895833333 0.09050781249999991 0.08444661458333329
1 0.31934244791666666 0.5705615234375001 0.13663411458333338 0.31190429687500004
1 0.5209944661458333 0.46879231770833335 0.10648111979166658 0.2798632812500001
1 0.6302555338541667 0.7976595052083334 0.1216503906249999 0.34960286458333334
1 0.8522151692708334 0.8061360677083333 0.12438476562500003 0.34582682291666655
0 0.6097900390625001 0.9512923177083333 0.10088216145833338 0.09315755208333305
1 0.9617529296875 0.4273291015625001 0.0758430989583333 0.30436523437500007
0 0.28125976562500005 0.4418636067708333 0.09505208333333331 0.08747721354166672
1 0.6844856770833333 0.3674983723958333 0.10177083333333324 0.2977571614583333
0 0.5043098958333334 0.3545735677083333 0.08823567708333332 0.0840690104166667
1 0.8432600911458333 0.36702311197916665 0.09706705729166677 0.3081347656249999
