1 0.12341467889908257 0.8618899082568807 0.09772844036697247 0.27548623853211013
1 0.9306788990825687 0.5959963302752294 0.07531009174311938 0.14651743119266053
1 0.830451376146789 0.6027633027522936 0.07649174311926606 0.13429724770642204
1 0.7328678899082569 0.599948623853211 0.08798899082568801 0.1434422018348622
1 0.6343779816513762 0.6001963302752293 0.09528807339449548 0.1444660550458716
1 0.5384733944954129 0.6021688073394497 0.10544587155963292 0.14642935779816513
1 0.4437633027522936 0.6092128440366972 0.10890642201834871 0.13063853211009188
1 0.3568146788990825 0.6058825688073395 0.1280733944954128 0.13839266055045868
1 0.2706256880733945 0.6055614678899083 0.14216146788990822 0.13750825688073398
1 0.1804422018348624 0.6054146788990826 0.1575743119266055 0.14173577981651364
1 0.9218348623853212 0.846422018348624 0.08609174311926612 0.30642201834862387
1 0.8139449541284404 0.8599449541284404 0.09526605504587163 0.2793761467889907
1 0.7138954128440368 0.8580311926605505 0.09135779816513762 0.2832036697247706
1 0.6208256880733946 0.8591779816513762 0.09029724770642202 0.28091009174311926
1 0.5179449541284403 0.8596880733944954 0.09666788990825681 0.27988990825688076
1 0.3991119266055046 0.8615266055045873 0.08857247706422018 0.27621284403669716
1 0.31266788990825684 0.8739999999999999 0.08177614678899084 0.25126605504587163
1 0.2195394495412844 0.8573944954128441 0.09344220183486239 0.28447706422018354
