1 0.7637991994663109 0.7417411607738492 0.10839893262174777 0.27268845897264865
1 0.685010006671114 0.6635123415610407 0.1184656437625083 0.25033355570380245
1 0.8392328218812541 0.6763642428285523 0.13187458305536998 0.267098065376918
1 0.5067611741160775 0.4992328218812541 0.1374583055370245 0.2458572381587725
0 0.13041694462975317 0.16500667111407608 0.09157438292194808 0.09080053368912618
0 0.06212141427618413 0.05596397598398932 0.0869246164109406 0.08381587725150108
0 0.053585723815877284 0.5213008672448298 0.09623082054703136 0.08458972648432272
0 0.14089392928619074 0.43748498999332885 0.09390260173448964 0.090807204803202
0 0.044656437625083346 0.8534656437625083 0.08924616410940625 0.09080053368912626
0 0.11295196797865248 0.7708072048032023 0.08148765843895935 0.07915943962641751
0 0.1602935290193462 0.8499699799866578 0.08769846564376255 0.08537024683122094
0 0.3896264176117411 0.8647164776517678 0.09933288859239499 0.09778519012675094
0 0.6123615743829219 0.6835023348899266 0.08847231487658441 0.08304202801867919
0 0.6872515010006671 0.7568412274849902 0.08924616410940595 0.08691794529686457
0 0.7629186124082722 0.8402701801200799 0.09313542361574394 0.10322214809873256
0 0.8447931954636424 0.7696464309539693 0.10011340893929296 0.08458972648432263
0 0.9449099399599733 0.8705336891260842 0.09701134089392931 0.0923549032688459
0 0.4971114076050699 0.5884322881921282 0.10166777851901272 0.10244162775183463
0 0.48702468312208136 0.05643095396931291 0.10632421614409585 0.106324216144096
