0 0.822253086419753 0.40257973251028806 0.08736625514403291 0.0867746913580248
1 0.39863940329218117 0.8290663580246914 0.09047839506172838 0.2060956790123458
0 0.2627726337448559 0.77434670781893 0.08402263374485602 0.07827160493827148
0 0.39960648148148137 0.16891460905349795 0.1017335390946502 0.10422839506172844
0 0.6851028806584363 0.03920010288065846 0.08727366255144033 0.07840020576131693
0 0.6807253086419753 0.41694187242798353 0.08797325102880667 0.09275205761316874
0 0.5385982510288067 0.5258564814814816 0.09215534979423876 0.08557098765432093
0 0.95886316872428 0.16367798353909463 0.08124485596707824 0.08577160493827163
1 0.3954475308641976 0.6031764403292181 0.09824074074074059 0.1840689300411523
0 0.5404835390946502 0.16841820987654318 0.09524691358024702 0.09325617283950614
0 0.5382381687242799 0.042942386831275735 0.09674382716049366 0.08588477366255147
0 0.12632973251028798 0.648315329218107 0.09478909465020575 0.08832818930041157
0 0.11684927983539099 0.16517489711934158 0.10273148148148162 0.09575102880658443
1 0.12061471193415634 0.3735262345679012 0.10004629629629619 0.1430504115226337
0 0.6794084362139918 0.28804269547325106 0.08317901234567883 0.080787037037037
0 0.8242361111111112 0.15993827160493826 0.08826646090534981 0.08627572016460905
0 0.8123791152263375 0.758045267489712 0.08557098765432093 0.09275720164609069
1 0.6533822016460907 0.706327160493827 0.12667181069958847 0.18441358024691357
1 0.12578703703703703 0.5958513374485598 0.09143004115226352 0.1637294238683127
0 0.6759362139917695 0.5276517489711934 0.08557613168724257 0.09275205761316878
0 0.8120781893004114 0.6416512345679013 0.0825823045267489 0.09095679012345688
0 0.12208333333333336 0.4045421810699589 0.09824074074074089 0.09076131687242801
0 0.9566486625514402 0.40677211934156376 0.08567386831275745 0.09155864197530868
0 0.8186625514403292 0.2799048353909465 0.0789917695473253 0.08437757201646097
0 0.5407536008230452 0.29312757201646084 0.09036522633744869 0.0843827160493827
0 0.9608693415637861 0.044729938271604895 0.07723251028806588 0.08728909465020579
0 0.11485339506172838 0.042692901234567905 0.10372942386831266 0.08538580246913581
0 0.6747402263374486 0.7616358024691359 0.08677469135802471 0.08557613168724294
0 0.4041666666666667 0.9035365226337447 0.08545267489711947 0.08042695473251009
0 0.6720473251028807 0.8801234567901235 0.09575102880658455 0.1011316872427984
0 0.2549819958847736 0.16517489711934158 0.09873971193415627 0.10372427983539098
0 0.25298868312757206 0.039449588477366286 0.1077160493827161 0.07889917695473257
0 0.9602391975308642 0.29366512345679013 0.0784927983539097 0.08796810699588481
0 0.40165123456790125 0.6610853909465021 0.10030864197530867 0.09099794238683136
0 0.3997633744855968 0.2891769547325103 0.09575102880658432 0.09694444444444446
0 0.6851003086419754 0.16816615226337453 0.09026234567901245 0.08178497942386832
1 0.5373765432098765 0.4886085390946502 0.0969444444444444 0.14649691358024688
0 0.40096193415637865 0.40856224279835385 0.09335390946502062 0.0987397119341563
0 0.8297247942386833 0.04169495884773661 0.09126028806584358 0.08338991769547321
1 0.26025977366255143 0.708996913580247 0.09191872427983541 0.17306584362139918
0 0.9473251028806585 0.7520601851851851 0.07899176954732512 0.07959362139917706
0 0.39486625514403295 0.0441872427983539 0.10023662551440346 0.0883744855967078
