1 0.16140595192674553 0.8725677222434185 0.09139641358260216 0.2541014879816863
1 0.4659843571156047 0.6164231209462038 0.10615413964135825 0.14890881342998855
1 0.837237695536055 0.8648225867989318 0.10270888973674172 0.26959175887066
1 0.7605780236550935 0.609152995040061 0.15534910339565072 0.15401755055322397
1 0.72268218237314 0.8686951545211751 0.10343380389164436 0.26184662342617304
1 0.05466806562380774 0.8773178176268599 0.09523464326592908 0.24460129721480348
1 0.05073636016787486 0.6222644028996566 0.07952689813048439 0.14845860358641738
1 0.6117893933613124 0.8664822586798931 0.08874475391072123 0.26627241510873706
1 0.6677546737886303 0.6174055703929797 0.1438801983975581 0.13614650896604358
1 0.2750991987790919 0.8714536436474628 0.10271270507439913 0.2563296451735978
1 0.5021156047310187 0.8670354826402137 0.07741701640595192 0.2651659671880961
1 0.36452689813048456 0.6175448302174743 0.09676077832888211 0.14779473483403274
1 0.38958412819534527 0.8811903853491033 0.08477680274704298 0.23685616177031651
1 0.9494086226631058 0.8664841663487217 0.100419687142312 0.26626859977107975
1 0.5781037771842809 0.6273197252956887 0.09180465471194198 0.12247615413964134
1 0.15494086226631054 0.622972148035101 0.07829835940480745 0.14567722243418543
1 0.2591568103777184 0.6195803128576879 0.09098817245326192 0.15135444486837082
1 0.855099198779092 0.6113181991606257 0.16940480732544852 0.1446203739030904
