0 0.4556276791181874 0.2896570728720147 0.08976117575015312 0.08804654011022672
0 0.6157470912431108 0.2878628291488059 0.0889099816289038 0.08548683404776491
0 0.2228505817513778 0.7846601347213717 0.10515003061849353 0.09916717697489287
0 0.21421616656460504 0.6569289650949174 0.08805266380894057 0.08549295774647887
0 0.20368034292712797 0.5398805878750764 0.08976117575015306 0.07864666258420107
0 0.2040232700551133 0.39720146968769127 0.08634415186772808 0.07693815064298822
0 0.1918799755052051 0.27962033067973047 0.08634415186772808 0.08121249234537652
0 0.607627066748316 0.43256276791181875 0.09660134721371705 0.0880526638089405
0 0.9103735456215554 0.31096142069810173 0.0940355174525416 0.08634415186772831
1 0.8306307409675443 0.26805572565829755 0.2180649112063686 0.14817513778322097
1 0.6879608083282303 0.26530618493570124 0.2137905695039804 0.1374954072259646
0 0.7528689528475199 0.303404776484997 0.09688303735456226 0.08976117575015306
0 0.7610624617268831 0.44303735456215554 0.09902633190447031 0.08690753214941827
0 0.7778015921616657 0.5627189222290263 0.0940355174525414 0.08406613594611133
0 0.7781598285364361 0.6938028169014084 0.09617268830373542 0.085486834047765
0 0.3149724433557869 0.13162890385793022 0.08976117575015312 0.08206981016533986
1 0.5374525413349664 0.25912124923453755 0.23516227801592174 0.15530312308634409
0 0.7876331904470298 0.8236987140232701 0.088909981628904 0.08720146968769134
0 0.34661359461114516 0.681071647274954 0.09489283527250458 0.09061849357011646
0 0.9116840171463565 0.44827311696264543 0.0983098591549298 0.09061849357011632
0 0.9162369871402327 0.5812033067973056 0.09660134721371705 0.09660134721371715
0 0.9236037966932027 0.7029730557256583 0.09061236987140232 0.09146968769136539
0 0.9345315370483772 0.8432149418248622 0.08634415186772808 0.08548683404776482
0 0.6339007960808329 0.8124402939375382 0.09489283527250476 0.09146968769136549
1 0.9408971218616045 0.2714237599510103 0.11698101653398658 0.14817513778322092
0 0.3358787507654623 0.5399142682180037 0.09147581139007954 0.08720146968769134
0 0.6353245560318432 0.5347489283527251 0.09146968769136568 0.08036129822412749
0 0.3343906919779547 0.412363747703613 0.09916717697489287 0.08548683404776472
0 0.602890385793019 0.03125535823637475 0.08720146968769134 0.0625107164727495
0 0.34808634415186773 0.8067421922841396 0.08292100428658908 0.07949785670545009
0 0.5028169014084507 0.8060287813839558 0.09147581139007954 0.08805266380894054
0 0.508946723821188 0.6652602571953461 0.08206981016533987 0.07693815064298822
0 0.4863380281690141 0.5548744641763625 0.07779546846295167 0.07437844458052663
0 0.6347764849969382 0.6922872014696878 0.09489283527250449 0.09061236987140223
0 0.3209736680955297 0.275290875688916 0.09147581139007964 0.08548683404776476
0 0.4702663808940599 0.41915492957746475 0.08121861604409067 0.07437844458052668
