0 0.4804907161803714 0.6949363395225463 0.08792042440318308 0.0900212201591513
0 0.19195755968169767 0.6856896551724138 0.0900053050397877 0.08794164456233414
0 0.18608488063660475 0.9458647214854112 0.08578249336870018 0.08331564986737398
0 0.635973474801061 0.9336100795755969 0.09597877984084911 0.08958620689655168
0 0.04484350132625994 0.9511087533156498 0.08968700265251987 0.08702387267904492
0 0.32969761273209547 0.9374721485411142 0.0814641909814326 0.08701856763925725
0 0.7942228116710875 0.6936498673740052 0.09331564986737424 0.085315649867374
0 0.04596286472148546 0.8224960212201592 0.09192572944297092 0.0961750663129974
0 0.48522015915119354 0.9516631299734749 0.09997877984084887 0.09072148541114071
0 0.4763633952254641 0.8176074270557029 0.08794164456233414 0.08845623342175071
0 0.33544562334217504 0.8137506631299735 0.09102917771883295 0.08897612732095486
0 0.19195490716180375 0.822236074270557 0.09308753315649883 0.08434482758620684
0 0.045190981432360715 0.6900636604774535 0.09038196286472143 0.09463129973474815
0 0.34110610079575604 0.688262599469496 0.09411671087533148 0.09308753315649854
1 0.7307267904509284 0.6795331564986737 0.1827480106100796 0.10596286472148532
