0 0.1493342122610415 0.09820369149637444 0.08371786420566908 0.08052076466710603
1 0.655125247198418 0.14346077785102174 0.18680949241924852 0.19232696110744887
1 0.23822346736980882 0.8189914304548451 0.09649967040210936 0.2460382333553067
1 0.16697099538562943 0.7879993408042187 0.10224785761371133 0.1751021753460779
1 0.8380949241924851 0.49287409360580103 0.1959789057350033 0.217811470006592
1 0.7299901120632828 0.48382003955174674 0.19278180619644014 0.19437705998681598
1 0.615758075148319 0.4790276862228081 0.16881344759393543 0.18586025049439664
0 0.056090969017798385 0.542537903757416 0.09330257086354646 0.09393539881344759
1 0.561704021094265 0.569291364535267 0.17147659854976946 0.20769281476598564
1 0.4557251153592617 0.5751516150296639 0.1533750823994727 0.21620962425840465
1 0.10717534607778513 0.40606789716545816 0.14112722478576148 0.17094924192485175
0 0.15354976928147657 0.4636255767963086 0.08742913645352676 0.08665787738958475
0 0.40470006591957813 0.6568787079762689 0.08205669083717868 0.07899143045484508
0 0.5063085036255768 0.643843111404087 0.0996967699406726 0.09738958470665775
0 0.04988464073829925 0.7125840474620962 0.08926170072511556 0.09303889255108759
0 0.6167402768622281 0.6377092946605142 0.09816084377060008 0.0897231377719184
0 0.7264007910349373 0.6442254449571522 0.09355306526038236 0.08589321028345434
0 0.6792386288727752 0.542999340804219 0.09279499011206314 0.07822017139090302
0 0.8391298615688859 0.6503592617007251 0.09202373104812145 0.08895847066578785
0 0.8057712590639419 0.5510514172709294 0.09432432432432404 0.08052076466710617
0 0.9096802900461436 0.5706064601186551 0.0766842452208306 0.0720896506262361
0 0.9629466051417271 0.63885629531971 0.07278839815425187 0.08895847066578766
0 0.04303230059327618 0.93410349373764 0.08606460118655236 0.08128543177323672
0 0.1504812129202373 0.9736222808174028 0.09202373104812123 0.0514370468029006
0 0.2609096901779828 0.9041924851680949 0.09509558338826615 0.08895187870797634
0 0.18727752142386284 0.8462920237310483 0.07824653922214889 0.08052076466710627
0 0.13040540540540543 0.6237771918259722 0.08650626235992089 0.08291364535266958
1 0.391542518127884 0.5922412656558996 0.09276203032300585 0.20407382992748846
1 0.8935629531970996 0.13324324324324321 0.19601186552406094 0.16104152933421223
1 0.2521555702043507 0.32449241924851685 0.10672379696769918 0.2006657877389586
0 0.27491100856954515 0.389937376400791 0.09968358602504966 0.10160184574818712
0 0.43780158206987474 0.11884311140408706 0.0939419907712592 0.09010547132498356
0 0.0664469347396178 0.18257086354647334 0.10214897824653926 0.09847066578773903
0 0.5541100856954516 0.10414634146341463 0.08626895187870787 0.0862755438365195
0 0.7864073829927489 0.10062953197099536 0.09713909030982178 0.08947264337508239
0 0.1895945945945946 0.30787409360580087 0.0889584706657879 0.08512195121951209
0 0.5288562953197099 0.30197099538562955 0.09279499011206323 0.09049439683586022
0 0.9519578114700066 0.17198088332234673 0.08441661173368444 0.08442320369149643
0 0.48323994726433755 0.19150296638101522 0.09266315095583406 0.08883322346736977
0 0.8203098220171393 0.1930685563612393 0.08313777191825959 0.08314436387607127
0 0.7132663150955834 0.1994594594594594 0.08505603164139741 0.0856954515491101
0 0.6481048121292023 0.2900856954515491 0.09355965721819359 0.09278839815425177
0 0.5976301911667765 0.2119512195121951 0.07477257745550447 0.07988134475939344
0 0.8712623599208965 0.2828015820698747 0.09969017798286062 0.10122610415293336
0 0.4157415952537904 0.3038892551087673 0.09509558338826615 0.09586025049439693
0 0.7596802900461437 0.2851021753460778 0.08972313777191812 0.0874225444957152
1 0.0500065919578114 0.4804021094264998 0.1000131839156228 0.1921423862887277
1 0.1741265655899803 0.2698516809492419 0.10800263678312469 0.16423862887277524
0 0.211641397495056 0.5564073829927488 0.09969676994067227 0.09458141067897162
