0 0.6903636363636365 0.20212121212121212 0.13175757575757585 0.12618181818181803
0 0.36403030303030287 0.060484848484848454 0.1350909090909091 0.12096969696969691
0 0.20433333333333328 0.05872727272727272 0.13157575757575768 0.11745454545454544
0 0.058484848484848494 0.2015606060606061 0.11696969696969699 0.13287878787878787
0 0.3657878787878787 0.20163636363636367 0.1350909090909091 0.13333333333333333
0 0.05499999999999999 0.05687878787878789 0.10999999999999999 0.11375757575757578
0 0.528 0.1969090909090909 0.13430303030303029 0.13139393939393934
0 0.20169696969696974 0.20251515151515148 0.12981818181818183 0.13157575757575768
1 0.6719030303030304 0.5165757575757577 0.18246060606060605 0.28947878787878784
1 0.2148818181818182 0.5235909090909091 0.14561818181818179 0.30702424242424226
1 0.9391575757575757 0.5227151515151515 0.1204727272727274 0.2807030303030302
1 0.06050909090909093 0.5235909090909091 0.12101818181818186 0.29298787878787863
