0 0.16875242404654164 0.5262249515190691 0.09776341305753054 0.09274725274725273
0 0.5472559793148029 0.18844861021331608 0.07332255979314813 0.07833225597931473
0 0.5045798319327732 0.08273432449903038 0.08459599224305096 0.08460245636716231
0 0.5967517776341306 0.2650678733031675 0.09174531351001924 0.09098901098901098
0 0.47981577246283125 0.27672268907563025 0.09099547511312214 0.08873949579831933
0 0.4350840336134454 0.1683968972204267 0.09086619263089862 0.08711053652230123
1 0.20848093083387204 0.29880736910148675 0.10465416936005145 0.19677440206851982
0 0.3905268261150614 0.09714608920491279 0.09212023270846813 0.08835811247575957
0 0.3688946347769878 0.27860374919198455 0.09325145442792486 0.09400129282482228
1 0.6036360698125405 0.12128636069812539 0.18318681318681315 0.18859728506787327
0 0.03822882999353594 0.15963800904977377 0.07645765998707188 0.09656108597285078
0 0.10765352294764058 0.07690691661279897 0.08209437621202327 0.07895927601809945
0 0.2307950872656755 0.3629831932773109 0.09775048480930854 0.0996315449256625
1 0.13196509372979967 0.24522624434389143 0.10590820943762132 0.16105365223012288
0 0.8155817711700064 0.25792501616031027 0.09775694893341935 0.09926308985132508
0 0.9366515837104072 0.2609308338720103 0.09475113122171944 0.09625080801551383
0 0.02694893341952169 0.6793729799612154 0.05389786683904338 0.09123464770523582
0 0.6606496444731739 0.1761990950226244 0.08340659340659329 0.08403361344537816
0 0.08909179056237883 0.5922882999353587 0.08482870071105367 0.0813057530704588
0 0.7323723335488042 0.07928571428571428 0.09525533290239147 0.08773755656108599
0 0.7656173238526182 0.16993212669683258 0.08152553329023904 0.08153199741435042
1 0.8374499030381383 0.11126696832579185 0.19221073044602477 0.15791855203619906
0 0.14713316095669038 0.28251131221719455 0.08723335488041388 0.08347123464770516
0 0.7061635423400129 0.26018099547511314 0.08798319327731083 0.08572721396250801
1 0.13146412411118294 0.46261797026502915 0.1341111829347125 0.2017840982546864
0 0.030982546864899846 0.5126244343891404 0.06196509372979969 0.09211376858435677
0 0.8947123464770521 0.14925339366515836 0.08277957336780817 0.08278603749191993
