0 0.46455328310010774 0.2562755651237891 0.10018299246501607 0.10143164693218516
0 0.7571420882669537 0.2550888051668461 0.08702906350914948 0.0845263724434876
1 0.6039235737351991 0.6968918191603876 0.11061356297093648 0.18851991388589878
1 0.729911194833154 0.6927341227125942 0.1325349838536061 0.1929494079655544
1 0.043175457481162555 0.47876480086114104 0.08635091496232511 0.17957481162540356
0 0.4658073196986006 0.3811867599569429 0.09767491926803014 0.10331001076426255
0 0.7522578040904198 0.7506027987082886 0.09079117330462862 0.0895371367061357
1 0.6085360602798707 0.4649381054897739 0.10143164693218502 0.15327771797631856
0 0.9028417653390742 0.24657427341227126 0.08264800861141042 0.08828310010764276
0 0.6120694294940797 0.26040904198062426 0.09454790096878375 0.0882884822389666
0 0.17402045209903125 0.3769806243272336 0.1027879440258344 0.09496232508073192
0 0.16854413347685687 0.12653390742734125 0.10748654467169014 0.1001829924650162
0 0.4665285252960172 0.6453982777179762 0.10495156081808393 0.09520990312163621
0 0.7630974165769645 0.12966361679224978 0.09444025834230367 0.08557050592034447
0 0.7494402583423035 0.8745748116254036 0.1001829924650163 0.10581270182992475
0 0.46438912809472543 0.13044671689989235 0.10644241119483322 0.10905274488697532
0 0.9065984930032293 0.37492734122712595 0.0914101184068893 0.09079117330462867
0 0.03641280947255112 0.5407534983853606 0.07282561894510224 0.08264800861141004
0 0.6117868675995695 0.12992734122712593 0.09965554359526377 0.09757265877287404
0 0.039744348762109805 0.781472012917115 0.07948869752421961 0.09203982777179771
0 0.17788751345532836 0.8826049515608181 0.09348223896663081 0.09088266953713686
0 0.6098143164693219 0.5039101184068893 0.09642088266953726 0.08953175457481151
0 0.044451022604951575 0.8846447793326155 0.08890204520990315 0.08565123789020446
0 0.32122174381054897 0.763902045209903 0.08791173304628644 0.08189451022604943
0 0.7585199138858989 0.389954251883746 0.09204520990312173 0.09704520990312163
0 0.03432723358449945 0.6454763186221744 0.0686544671689989 0.08076964477933252
1 0.1778955866523143 0.5771447793326158 0.09566200215285266 0.17130785791173303
0 0.3130705059203444 0.12653390742734125 0.1033100107642625 0.10852529601722287
0 0.6129467168998923 0.8832777179763187 0.11082346609257261 0.10518837459634034
0 0.46916038751345535 0.8990715823466094 0.08940796555435969 0.08414962325080716
1 0.3157077502691066 0.4591926803013993 0.11901506996770732 0.18393972012917117
0 0.04018030139935413 0.25619214208826696 0.08036060279870826 0.09548439181916046
0 0.1784634015069967 0.6320371367061356 0.09917653390742732 0.09241657696447803
1 0.17248385360602794 0.3445290635091496 0.1046770721205596 0.14967168998923566
1 0.17652314316469317 0.8053525296017223 0.10139935414424105 0.22461248654467178
0 0.31840150699677067 0.5170694294940796 0.10280947255113024 0.09631324004305719
1 0.46003767491926806 0.5848089343379977 0.10278794402583406 0.19258880516684604
0 0.7535091496232509 0.5057884822389666 0.08953713670613542 0.09704520990312167
0 0.896267491926803 0.7468460710441335 0.08953175457481159 0.09705059203444577
0 0.9086733046286328 0.12105489773950484 0.09235199138858992 0.09026910656620024
0 0.3285979547900968 0.9052475780409042 0.0964747039827772 0.0865554359526373
0 0.6128310010764262 0.7601722282023682 0.0882884822389666 0.08698600645855752
0 0.46840419806243266 0.7615796555435953 0.0866146393972014 0.0824381054897739
1 0.3185925726587728 0.6955274488697526 0.09617330462863292 0.18107642626480092
0 0.03913885898815933 0.12548977395048436 0.07827771797631866 0.09600645855758874
0 0.8959526372443486 0.6250645855758881 0.08640473627556507 0.09516684607104416
