1 0.6100771307365985 0.3418762051677593 0.16106440416505982 0.10902043964519859
1 0.7473621288083302 0.3391824141920556 0.13325106054762834 0.10722715001928271
0 0.8560258387967604 0.08296182028538372 0.09286926340146535 0.09062861550327804
0 0.2705418434246047 0.3575337446972618 0.09017740069417661 0.0825491708445815
1 0.48064211338218277 0.34232356344003084 0.14984573852680286 0.10902043964519868
0 0.7131295796374855 0.08498071731585037 0.07985730813729275 0.08928268414963364
0 0.14065753952950252 0.3552892402622445 0.08165445430003855 0.0789625915927497
0 0.5451118395680679 0.22652911685306595 0.09017740069417675 0.08613960663324341
0 0.55184149633629 0.350578480524489 0.08568839182414205 0.08389510219822603
0 0.693837254145777 0.21643463170073274 0.08344774392595446 0.08389895873505591
0 0.7138025453143078 0.3449710759737756 0.08389510219822598 0.08613960663324334
0 0.8490705746239876 0.20925568839182412 0.0888314693405323 0.0812032394909371
0 0.13123602005399151 0.10629193983802543 0.08434631700732742 0.07985730813729268
0 0.5491496336290012 0.08475510991129966 0.09017740069417657 0.08613960663324335
0 0.2658310836868492 0.0917103740840725 0.0915233320478211 0.08659082144234477
0 0.13863864249903587 0.23079059005013494 0.08389510219822599 0.0803085229463941
1 0.34223486309294254 0.34411878133436175 0.18977632086386426 0.12158118010027003
0 0.8571461627458542 0.3420574623987659 0.0960123409178558 0.09645584265329728
0 0.26470690320092555 0.2359506363285769 0.0892826841496336 0.0816505977632086
0 0.40064789818742763 0.09978596220593906 0.0767219436945622 0.0740262244504435
0 0.4215098341689163 0.2292190512919398 0.0798573081372927 0.07896259159274968
0 0.4159005013497879 0.359103355187042 0.08030852294639419 0.08299652911685307
