1 0.5554657980456027 0.45227035830618906 0.18106840390879486 0.2655570032573291
0 0.8848241042345275 0.8275993485342018 0.10276872964169374 0.10276872964169374
0 0.43009771986970674 0.9600846905537459 0.09185667752443 0.07852768729641693
0 0.4271824104234528 0.8312931596091203 0.11126384364820847 0.10371986970684025
0 0.5761661237785016 0.9506807817589576 0.11126384364820847 0.09733550488599345
0 0.7296058631921825 0.9491140065146579 0.09852117263843684 0.09979153094462527
0 0.573612377850163 0.8186970684039089 0.09852117263843656 0.10041693811074924
0 0.5688729641693812 0.67785667752443 0.10041693811074905 0.10547231270358319
0 0.4245635179153094 0.6870130293159609 0.10610423452768725 0.1023127035830621
1 0.5554657980456027 0.45227035830618906 0.18106840390879486 0.2655570032573291
0 0.564456026058632 0.1391335504885993 0.11052768729641696 0.1054723127035831
0 0.4082703583061889 0.028146579804560284 0.1009446254071663 0.05629315960912057
1 0.41131921824104234 0.45590879478827356 0.12559609120521167 0.26010423452768716
1 0.5103517915309447 0.13290228013029315 0.17262540716612373 0.12262540716612365
1 0.8224332247557002 0.791042345276873 0.1937133550488596 0.13641693811074881
