1 0.8622099621689786 0.5061286254728877 0.15191046658259771 0.12176544766708702
1 0.2904445145018915 0.6462295081967212 0.21719419924337952 0.13643127364438823
0 0.8155233291298866 0.5269640605296343 0.089482976040353 0.08215006305170244
1 0.7211948297604035 0.6421941992433795 0.16430643127364428 0.12836065573770492
0 0.6684552332912989 0.6685277427490542 0.09315258511979813 0.09389029003783098
0 0.8279918032786886 0.7943253467843633 0.09829129886506954 0.09315258511979832
0 0.6724905422446406 0.8060592686002522 0.09242118537200496 0.09168978562421178
0 0.5129508196721311 0.6751324085750315 0.08875157629255984 0.08802017654476667
0 0.525422446406053 0.7880517023959646 0.09755359394703651 0.09836065573770492
0 0.37257250945775533 0.8003530895334174 0.0765825977301387 0.07921815889029017
0 0.21237704918032788 0.679766708701135 0.08361916771752839 0.07921815889029017
