0 0.96323264781491 0.9666356041131108 0.0722493573264782 0.065443444730077
0 0.9613656812339331 0.44004820051413884 0.07598329048843186 0.0758033419023137
0 0.9661921593830335 0.7124196658097686 0.06633033419023143 0.07995501285347043
0 0.6853149100257069 0.7274775064267353 0.08307197943444725 0.07735861182519288
0 0.9583772493573264 0.5787789203084832 0.08196015424164534 0.08597686375321335
0 0.8186471722365039 0.5909254498714653 0.08535347043701794 0.08037275064267344
0 0.8224871465295631 0.8547332904884319 0.08047557840616969 0.07424807197943445
0 0.9676446015424165 0.8505784061696658 0.06342544987146531 0.08151670951156831
0 0.8214524421593828 0.4560379177377892 0.08847043701799484 0.07725578406169671
0 0.8327699228791774 0.9724485861182519 0.08255784061696674 0.05381748071979443
1 0.8518573264781493 0.6084350899742931 0.1383161953727506 0.12086760925449867
1 0.8608901028277636 0.8620115681233934 0.13644601542416426 0.10965295629820054
1 0.9621433161953729 0.6024003856041131 0.07442802056555264 0.13084190231362472
