1 0.9402805611222445 0.7243737474949901 0.09586172344689384 0.20014028056112218
0 0.23058867735470942 0.31815881763527054 0.09325150300601207 0.07673847695390779
1 0.28443136272545094 0.290561122244489 0.16319138276553108 0.11947895791583169
1 0.13392535070140282 0.07609719438877754 0.1828807615230461 0.09281563126252503
1 0.4139629258517034 0.4079684368737475 0.15107214428857715 0.14414328657314623
0 0.786127254509018 0.07302855711422844 0.09568136272545084 0.0947144288577154
0 0.9277079158316632 0.06865480961923848 0.09811122244488969 0.08888276553106218
0 0.07395040080160321 0.08720941883767531 0.08596693386773546 0.08014028056112225
0 0.9294088176352705 0.1859519038076152 0.10054108216432854 0.08936873747494982
0 0.9353456913827654 0.7965806613226453 0.09092184368737484 0.08567635270541087
0 0.9328081162324648 0.3076177354709419 0.09762024048096182 0.08888276553106217
0 0.37532565130260526 0.4439554108216433 0.0922845691382766 0.07965430861723441
