0 0.8193277848911652 0.8514500640204865 0.08016645326504486 0.07396286811779768
0 0.959391805377721 0.43835787451984637 0.0791293213828424 0.07551216389244561
0 0.9658482714468631 0.8473111395646606 0.06702304737516004 0.08120358514724742
0 0.9614532650448142 0.9648431498079385 0.07581306017925744 0.06903329065300892
0 0.8295710627400769 0.9706338028169014 0.0822407170294495 0.05745198463508335
0 0.6632394366197182 0.44466709346991035 0.08947503201024316 0.08430217669654279
0 0.6704801536491679 0.5889660691421255 0.08947503201024336 0.0884443021766965
0 0.8182970550576184 0.4542861715749039 0.08813060179257363 0.07695902688860434
0 0.6826824583866837 0.7246830985915494 0.08275288092189488 0.07706145966709356
0 0.6772215108834827 0.9694430217669655 0.08836107554417401 0.059833546734955244
1 0.9603681177976954 0.6000864276568503 0.0779833546734956 0.13033930857874532
1 0.8575832266325224 0.8587003841229193 0.135921895006402 0.10923175416133163
0 0.8159282970550575 0.7158450704225352 0.08016645326504486 0.08404609475032004
0 0.9566165172855313 0.5765556978233035 0.08548655569782326 0.08564660691421254
0 0.8155025608194623 0.5886555697823304 0.08502560819462224 0.08006402048655566
0 0.9644014084507041 0.7096830985915492 0.0699167733674777 0.07964788732394368
1 0.848585147247119 0.6060979513444302 0.13778489116517273 0.12040332906530082
