0 0.28769230769230775 0.42106773823191734 0.09549942594718722 0.07947187141216992
0 0.29733639494833525 0.5425487944890929 0.08308840413318012 0.08142365097588977
0 0.2931859931113663 0.6754908151549943 0.08807118254879456 0.08142939150401841
0 0.2931831228473019 0.8208955223880597 0.0847474167623422 0.08308840413318012
0 0.3014925373134329 0.9405396096440872 0.09140068886337534 0.08308840413318021
0 0.14445752009184842 0.16699483352468428 0.09305970149253712 0.09139494833524683
0 0.1436280137772674 0.3040901262916188 0.09471871412169919 0.08641216991963258
0 0.1477812858783009 0.42373708381171066 0.09970723306544203 0.08308840413318026
0 0.7102841561423652 0.5849282433983926 0.09139494833524683 0.08641216991963271
0 0.5809156142365097 0.8294431687715269 0.09673363949483373 0.08508610792192876
0 0.4274081515499426 0.5703530424799081 0.0977554535017221 0.10142939150401836
0 0.5782347876004592 0.5648163030998852 0.09274971297359343 0.09275545350172215
0 0.5752152698048221 0.31576061997703786 0.09210677382319155 0.08881171067738229
0 0.15005740528128583 0.9474999999999999 0.0823650975889782 0.079580941446613
0 0.15005740528128583 0.8181113662456946 0.08459242250287034 0.07902411021814007
0 0.4382520091848449 0.6974225028702641 0.09271526980482214 0.08840413318025254
0 0.4364236509758898 0.8206371986222734 0.10993111366245696 0.09546498277841561
0 0.44190011481056257 0.9338920780711825 0.10632606199770396 0.10303099885189432
0 0.4282749712973594 0.4448966704936854 0.09374856486796784 0.08839265212399545
0 0.5783811710677381 0.9491475315729048 0.0884500574052812 0.08942020665901265
0 0.7111251435132033 0.45852468427095294 0.09756601607347866 0.0953501722158438
0 0.153194603903559 0.6803702640642939 0.08539035591274398 0.08308266360505166
0 0.15781285878300808 0.5453559127439725 0.09693455797933416 0.09001148105625723
0 0.5760562571756601 0.4357462686567165 0.09309988518943728 0.09773823191733645
0 0.7124512055109071 0.8323048220436281 0.09941446613088427 0.08142939150401833
0 0.4232491389207807 0.19284443168771528 0.08980482204362801 0.08376004592422504
0 0.5806687715269805 0.6979161882893227 0.08907577497129715 0.09512055109070021
0 0.5708897818599311 0.1920264064293915 0.08873708381171094 0.08311136624569458
0 0.7192278989667049 0.9543628013777268 0.09139494833524683 0.090126291618829
0 0.708243398392652 0.20375430539609643 0.091825487944891 0.08115958668197475
0 0.4310763490241102 0.31054822043628016 0.09349598163030992 0.07746842709529282
0 0.7157663605051666 0.7008840413318026 0.08723880597014948 0.07893226176808267
0 0.29978185993111367 0.1495350172215844 0.08481056257175676 0.0848105625717566
0 0.28902985074626864 0.287471297359357 0.09305396096440867 0.08973019517795636
0 0.7098622273249139 0.3253444316877153 0.08189437428243396 0.07571756601607349
