0 0.627725774555043 0.43277851021753466 0.08946605141727082 0.08633487145682288
0 0.1087969676994067 0.17943638760711933 0.08512195121951213 0.08282794990112055
0 0.564564930784443 0.49347066578773896 0.08926170072511556 0.0865062623599209
0 0.9359426499670402 0.5034245220830587 0.09777851021753467 0.09713249835201054
0 0.5446077785102174 0.35880685563612397 0.08895187870797625 0.09202373104812123
0 0.7449274884640738 0.8546671061305208 0.08558338826631512 0.07822017139090338
1 0.10083388266315098 0.4447692814765985 0.12036255767963079 0.22306526038233349
0 0.7403295978905734 0.710461437046803 0.0837442320369149 0.08282135794330941
0 0.9033520105471325 0.8638628872775215 0.08895847066578803 0.08742254449571515
0 0.9052669742913645 0.6946176664469349 0.092788398154252 0.08895847066578776
0 0.37344429795649303 0.8723038892551088 0.08435728411338168 0.08128543177323662
0 0.7580883322346736 0.02463414634146342 0.0892682926829268 0.04926829268292684
0 0.480421885299934 0.8615688859591298 0.08512854317732362 0.08742254449571525
0 0.5908536585365853 0.8715359261700725 0.08512195121951191 0.08589321028345424
0 0.2756690837178642 0.7756756756756757 0.09586025049439688 0.09202373104812117
0 0.3569578114700067 0.6959228740936059 0.08512195121951233 0.07822676334871471
0 0.2733651944627554 0.63112063282795 0.08052076466710617 0.07898483849703365
0 0.8178411338167435 0.6223038892551087 0.08512195121951219 0.09508899143045486
0 0.393829927488464 0.366156888595913 0.09777191825972306 0.08946605141727115
0 0.47024060646011856 0.0783915622940013 0.09018457481872143 0.09211601845748188
0 0.6611898483849704 0.2422478576137112 0.08926170072511527 0.0901779828609097
0 0.7463117996044825 0.33748846407382993 0.09018457481872115 0.08742254449571543
0 0.6778905735003297 0.6272874093605801 0.08435069215557023 0.08205009887936698
0 0.5904680290046144 0.691704021094265 0.09049439683586036 0.0866512854317731
0 0.8374159525379037 0.2514469347396176 0.09202373104812127 0.0901845748187211
0 0.8336288727752142 0.08305537244561635 0.08947264337508234 0.08052076466710605
0 0.4624027686222807 0.28756756756756746 0.08435728411338146 0.08665787738958461
0 0.826354647330257 0.7619479235332893 0.08665787738958479 0.08512195121951228
0 0.0927686222808174 0.5321951219512194 0.10122610415293337 0.10046143704680285
0 0.25557350032959786 0.11041858932102834 0.08588661832564269 0.07975609756097561
0 0.9174785761371126 0.16080092287409356 0.09018457481872115 0.09478576137112721
0 0.6620402109426501 0.7818622280817403 0.0939419907712591 0.09266315095583369
0 0.4725379037574159 0.5900922874093605 0.09110085695451568 0.08834541858932111
0 0.7470369149637444 0.15973961766644695 0.09138431114040875 0.08691496374423197
0 0.3018951878707976 0.4297429136453527 0.09432432432432424 0.092788398154252
0 0.3888464073829927 0.49013183915622927 0.08946605141727082 0.0945814106789717
0 0.25879696769940663 0.2664634146341463 0.093941990771259 0.09075148319050752
0 0.34986156888595904 0.17795319709953852 0.0958602504943967 0.08754779169413311
0 0.575771259063942 0.16229729729729725 0.09394199077125891 0.08819380355965718
0 0.6668358602504943 0.08944297956493075 0.08946605141727082 0.08819380355965718
1 0.9265787738958471 0.4392715886618326 0.12986156888595926 0.2000988793671722
1 0.26198747528015814 0.06842452208305864 0.10030982201713914 0.1368490441661173
1 0.12472313777191828 0.10504943968358603 0.08467369808833225 0.20449571522742255
1 0.050563612392880715 0.10190507580751486 0.10112722478576143 0.19785102175346087
1 0.7460646011865524 0.1091924851680949 0.10889914304548463 0.15874093605800918
0 0.47612722478576125 0.4292386288727752 0.0966315095583389 0.08926170072511556
1 0.4769545154911008 0.05044825313117994 0.11926170072511544 0.10089650626235988
