0 0.41555840821566115 0.05877406931964052 0.10889602053915268 0.10391527599486527
1 0.4067008985879333 0.3672881899871631 0.17839537869062908 0.26163671373555847
0 0.42709563543003853 0.8642715019255456 0.10962130937098846 0.10775994865211808
1 0.36225288831835695 0.056521181001283664 0.1700770218228498 0.11304236200256733
1 0.2646822849807446 0.3708729139922977 0.12374197689345309 0.2562644415917842
0 0.28318356867779193 0.8759627727856225 0.09050064184852372 0.09408215661103968
1 0.4067008985879333 0.3672881899871631 0.17839537869062908 0.26163671373555847
0 0.4245795892169449 0.7283055198973043 0.09706675224646985 0.09893453145057772
1 0.04982991014120667 0.7082991014120668 0.09965982028241334 0.4134017971758667
0 0.27773106546854937 0.5985654685494224 0.10453786906290112 0.10080231065468563
0 0.41991014120667525 0.5895442875481386 0.09893453145057758 0.10391527599486532
0 0.2803112965340179 0.7407156611039794 0.10962130937098846 0.10218870346598193
