1 0.04267660044150107 0.6105435982339956 0.08535320088300213 0.3790452538631347
1 0.15508002207505522 0.6005298013245033 0.10246688741721859 0.39445916114790286
1 0.263325055187638 0.6028394039735099 0.11402317880794684 0.40062362030905074
1 0.7064569536423841 0.2618294701986755 0.17732891832229578 0.21406732891832228
1 0.45316501103752754 0.2643046357615894 0.1087913907284766 0.20624724061810154
1 0.7964183222958056 0.5586754966887417 0.1985871964679912 0.1209271523178808
0 0.4545971302428256 0.4539817880794702 0.0892384105960264 0.08667218543046348
0 0.5799172185430463 0.452955298013245 0.09309050772626948 0.08731236203090506
0 0.4454139072847682 0.5881015452538632 0.08731788079470185 0.0853863134657837
0 0.5680408388520972 0.5723703090507727 0.0847461368653422 0.08217991169977926
0 0.6990121412803533 0.690825055187638 0.08217439293598261 0.08282008830022074
0 0.5677179911699779 0.6914652317880795 0.08539183222958062 0.08282008830022074
0 0.43000551876379683 0.7010954746136866 0.08474613686534206 0.07896799116997799
0 0.853932119205298 0.5825800220750552 0.08217991169977906 0.07896799116997799
