0 0.782056613226453 0.06331412825651303 0.08888276553106207 0.0879108216432865
0 0.9181563126252502 0.3120666332665331 0.09441883767535081 0.08567635270541082
0 0.4985145290581164 0.5382089178356714 0.08975450901803611 0.08334168336673342
0 0.7712825651302605 0.2986648296593187 0.07693386773547121 0.08217935871743494
0 0.36446392785571147 0.42397044088176344 0.09092184368737474 0.09616733466933856
0 0.22228707414829654 0.18692384769539078 0.09616733466933856 0.10102204408817637
0 0.7651628256513027 0.7643486973947896 0.08334168336673342 0.09034068136272566
0 0.9062074148296592 0.4222269539078156 0.08450901803607225 0.08917334669338685
1 0.4988326653306614 0.5032064128256513 0.10007014028056095 0.14937875751503005
1 0.08978206412825647 0.3900826653306613 0.09441382765531052 0.14647795591182353
0 0.3585270541082165 0.06598446893787571 0.09762525050100211 0.09227955911823649
0 0.6311097194388777 0.7678456913827656 0.08451402805611224 0.08334669338677371
0 0.6284869739478958 0.883246492985972 0.09325651302605227 0.09849699398797605
0 0.9097920841683365 0.18546593186372742 0.08305110220440874 0.08353707414829659
0 0.2203456913827656 0.06258517034068141 0.10490981963927863 0.08062124248496998
0 0.4982239478957915 0.6524448897795591 0.0868386773547095 0.09034068136272548
0 0.3631437875751502 0.1905661322645291 0.09908316633266537 0.10151302605210429
0 0.09285070140280563 0.42005511022044095 0.09568136272545102 0.0883967935871744
0 0.5003507014028056 0.19008266533066132 0.09276553106212432 0.0908266533066132
0 0.6411998997995992 0.18983717434869743 0.08791082164328672 0.07965430861723448
0 0.7767109218436875 0.18182364729458916 0.08596693386773555 0.08402805611222446
0 0.08580911823647293 0.06647044088176352 0.10102705410821636 0.08548597194388784
0 0.6369388777555111 0.4321317635270541 0.08568136272545086 0.09033567134268533
0 0.7747795591182365 0.4181437875751503 0.08509018036072151 0.08451402805611229
0 0.5006137274549097 0.31154308617234466 0.08801102204408831 0.08218436873747499
0 0.3632965931863728 0.30769539078156316 0.09325651302605205 0.09441883767535067
0 0.6356563126252506 0.3065906813627255 0.08101202404809608 0.07868236472945887
0 0.9136898797595192 0.06961673346693383 0.08303106212424856 0.08501503006012025
0 0.08775300601202408 0.18692384769539078 0.10005511022044103 0.09325651302605216
0 0.6412024048096193 0.0608842685370742 0.085 0.08305110220440881
0 0.6322745490981964 0.5399574148296593 0.08334669338677334 0.09033567134268539
0 0.6290706412825651 0.6521518036072144 0.08159819639278554 0.08276052104208426
0 0.7648697394789578 0.6509869739478958 0.08043086172344681 0.08858717434869749
0 0.8965931863727454 0.7585195390781563 0.07693386773547092 0.07752004008016038
0 0.49816382765531075 0.06501503006012024 0.09422344689378744 0.08936873747494996
