0 0.4224479843953186 0.7373439531859557 0.11104681404421331 0.10351755526657984
1 0.5054551365409624 0.05075422626788033 0.1722886866059818 0.10150845253576066
0 0.7242815344603383 0.8549349804941483 0.09832899869961026 0.09959687906371896
0 0.419834200260078 0.5933452535760728 0.10589726918075419 0.10211313394018215
0 0.7177275682704812 0.0471521456436931 0.0944798439531862 0.09076723016905065
0 0.5594538361508453 0.04958387516254876 0.11031209362808843 0.09916775032509752
0 0.42535760728218447 0.8743498049414824 0.09167750325097528 0.09530559167750319
0 0.5638621586475943 0.5842067620286087 0.10022106631989583 0.10526657997399222
1 0.110812743823147 0.7018985695708713 0.06933680104031202 0.39763328998699643
1 0.8169278283485045 0.6971716514954486 0.19333550065019472 0.13615084525357576
0 0.5685923276983096 0.7247724317295189 0.09832899869960998 0.10022106631989602
1 0.059860208062418756 0.7155429128738622 0.11499999999999994 0.4239336801040314
1 0.550481144343303 0.3590604681404422 0.1807152145643694 0.2650390117035112
1 0.19535760728218451 0.7146163849154746 0.11344603381014305 0.37622886866059807
1 0.550481144343303 0.3590604681404422 0.1807152145643694 0.2650390117035112
0 0.8791970091027307 0.7336573472041611 0.10256827048114443 0.10256827048114434
0 0.5711410923276983 0.8625065019505851 0.11104681404421325 0.10916124837451217
1 0.40661573472041607 0.36269180754226266 0.12535110533159943 0.259596879063719
