1 0.4162112586970272 0.08682163187855788 0.12633776091081608 0.17211258697027193
1 0.6699399114484503 0.8030487033523087 0.10743200506008845 0.2288425047438332
0 0.5939437065148641 0.3064452877925363 0.08564832384566719 0.08652751423149907
0 0.2952182163187855 0.24475332068311192 0.09197975964579364 0.08400379506641364
0 0.5993611638203667 0.15982605945604045 0.08584440227703975 0.08462365591397847
0 0.5947596457938014 0.8242156862745098 0.09013915243516772 0.08891208096141665
0 0.0639120809614168 0.2461764705882353 0.08167615433270074 0.07947501581277666
1 0.7374288425047438 0.10088235294117646 0.11743833017077804 0.14834282099936746
1 0.6007716635041115 0.7471283997469956 0.10154332700822256 0.22442757748260583
1 0.7346900695762175 0.7180613535736876 0.11331435800126509 0.22222011385199245
0 0.4107242251739405 0.1492220113851992 0.08653383934218879 0.08838709677419355
1 0.5073529411764707 0.4820588235294117 0.10185325743200489 0.19805819101834252
0 0.9365433270082226 0.6432574320050601 0.08564832384566756 0.0892726122707146
0 0.8398576850094875 0.2282953826691967 0.0865338393421885 0.09094876660341551
1 0.07895951929158762 0.1729601518026566 0.08248576850094867 0.1942567994939911
1 0.673247944339026 0.17921568627450976 0.10448450347881093 0.15305502846299812
1 0.3466951296647692 0.47654016445287795 0.121473750790639 0.20786843769765956
1 0.22942441492726123 0.25865275142314986 0.10934851359898803 0.20490828589500304
0 0.7594022770398482 0.15369702719797596 0.08585072738772927 0.07726122707147368
1 0.42456989247311816 0.5559487666034155 0.10062618595825437 0.23055660974067066
0 0.7524225173940543 0.8051075268817204 0.08314990512333977 0.08167615433270087
0 0.4129285262492093 0.6402087286527515 0.08741302972802034 0.08476913345983558
1 0.6102783048703352 0.10926312460468059 0.09271347248576832 0.14921568627450985
1 0.9168089816571792 0.5741967109424415 0.12582542694497134 0.2082163187855787
1 0.955695762175838 0.49142631246046803 0.08734345351043646 0.20456040480708432
0 0.9513978494623657 0.13469955724225177 0.09593927893738129 0.09448450347881097
0 0.5012302340290955 0.5474984187223276 0.08564832384566747 0.08300442757748257
0 0.3326249209361163 0.5442947501581278 0.08584440227703975 0.09075268817204311
1 0.9237381404174573 0.08081593927893736 0.1298039215686272 0.16163187855787473
0 0.676315623023403 0.22727703984819736 0.08768500948766604 0.08339658444022763
0 0.7630360531309297 0.31527197975964577 0.08829854522454134 0.08653383934218842
0 0.674291587602783 0.8940733712839973 0.08211891208096143 0.07505376344086058
0 0.20783997469955717 0.3296805819101834 0.09013915243516761 0.08707779886148002
0 0.5119829222011385 0.22973118279569885 0.09013915243516744 0.08462365591397843
0 0.6756198608475648 0.3978304870335231 0.08653383934218842 0.08388361796331455
