0 0.7107599053814311 0.11165582495564752 0.09415138971023068 0.09557658190419864
0 0.42252513305736256 0.09862507392075692 0.09070372560614995 0.08731519810762851
0 0.2770017740981668 0.0943347131874631 0.09415730337078636 0.08559432288586634
0 0.12099940863394436 0.10235068007096396 0.1053932584269662 0.09393849793021875
0 0.7280189237137789 0.24017445298639856 0.11155529272619717 0.10439384979302202
0 0.12616794795978703 0.23968953282081612 0.11336487285629794 0.11281490242460085
0 0.4205410999408634 0.23850680070963928 0.09762862211709032 0.09690715552927257
0 0.5690952099349497 0.10062980484920163 0.08425783560023647 0.08354228267297455
0 0.5748669426374926 0.23214074512123004 0.09415730337078665 0.0907273802483738
0 0.27871377882909526 0.24070372560615022 0.09758131283264326 0.09757539917208752
