1 0.9466473243068988 0.10075435203094776 0.10541586073500978 0.16563507414571252
1 0.7722018052869117 0.12204706640876853 0.13333978078658926 0.1609477756286266
0 0.8754448742746613 0.25205351386202446 0.08820760799484197 0.09270793036750483
1 0.9422114764667956 0.4474693745970342 0.11428755641521611 0.18375886524822707
0 0.7971373307543519 0.340712443584784 0.09000644745325587 0.08820760799484201
1 0.4443133462282399 0.10486137975499683 0.11823339780786597 0.1640747904577692
1 0.09982914248871698 0.19564796905222442 0.08408123791102505 0.1980141843971631
0 0.708030303030303 0.4248678272082527 0.08820760799484197 0.08550612508059334
0 0.7066763378465505 0.9307092198581559 0.08370728562217924 0.07650548033526779
0 0.6247743391360413 0.3317150225660863 0.08730496453900696 0.08820116054158604
0 0.4380109606705352 0.17145067698259187 0.08820760799484234 0.09009671179883949
0 0.7863185041908446 0.8400225660863959 0.0847582205029014 0.08325596389426178
0 0.5302675693101225 0.5774306898774985 0.08730496453900734 0.08460992907801425
0 0.6256060606060606 0.8595003223726629 0.09188265635074154 0.09063185041908434
1 0.5368214055448098 0.5117214700193424 0.09007092198581552 0.21939393939393947
0 0.7087395228884591 0.2510154738878143 0.0893810444874275 0.08500967117988384
1 0.35840103159252096 0.5070373952288845 0.0981302385557705 0.2125145067698257
0 0.35840103159252085 0.5741650548033527 0.08750483558994188 0.09250805931657001
1 0.7018633139909737 0.8367504835589943 0.11250805931656996 0.23689232753062536
1 0.46215667311412 0.4332785299806577 0.1206382978723405 0.21251450676982597
1 0.6271695680206318 0.7808059316569954 0.1068858800773696 0.23252095422308175
0 0.23120245003223722 0.3553997421018698 0.09188265635074147 0.08876208897485487
0 0.44025789813023847 0.671934235976789 0.0891038039974212 0.08640876853642815
0 0.32027079303675043 0.2688297872340425 0.0937588652482268 0.08562862669245644
0 0.6302965828497742 0.18225983236621532 0.08750483558994192 0.08626047711154093
0 0.5412282398452611 0.25351708575112825 0.09188265635074136 0.08626047711154086
0 0.08449065119277882 0.27028046421663443 0.0832559638942617 0.08101225016118625
0 0.5920438426821405 0.5180689877498388 0.08750483558994182 0.08444229529335925
0 0.9648517085751128 0.6750419084461639 0.06900709219858177 0.09099935525467429
0 0.4437685364281108 0.5146067053513862 0.09451321727917483 0.08730496453900734
0 0.7934332688588007 0.17601225016118632 0.08751128304319784 0.07875564152159888
0 0.22804964539007086 0.20277562862669246 0.08400386847195351 0.07800773694390717
0 0.8935041908446163 0.5871663442940038 0.09563507414571241 0.09500322372662803
1 0.7684235976789169 0.7520567375886525 0.1193745970341716 0.22501611863313992
0 0.5207221147646678 0.07545776918117349 0.09090909090909087 0.088207607994842
1 0.24401353965183756 0.14694390715667308 0.11313346228239844 0.16938749194068342
0 0.9668987749838814 0.5087234042553193 0.06491295938104451 0.09187620889748553
1 0.7068343004513217 0.20122179239200516 0.10885880077369424 0.15678272082527409
1 0.6375306254029658 0.1303803997421019 0.10370083816892336 0.15365570599613165
1 0.873191489361702 0.5240361057382333 0.09500967117988406 0.19063829787234035
