0 0.09604858548585482 0.31138068880688796 0.09615621156211555 0.088431734317343
0 0.9127767527675277 0.48507072570725707 0.11805043050430516 0.10791512915129169
1 0.618849938499385 0.5456365313653136 0.14681426814268161 0.20347478474784736
0 0.913388683886839 0.0486223862238622 0.11328413284132828 0.0972447724477244
0 0.7412792127921279 0.9065067650676507 0.10731857318573187 0.09701107011070095
1 0.4700184501845018 0.6601875768757689 0.15453874538745366 0.1957503075030751
0 0.096110086100861 0.46475707257072574 0.09615621156211572 0.0858610086100862
0 0.5644772447724478 0.05930196801968016 0.10388683886838875 0.09701722017220171
0 0.40920049200492015 0.46111008610086096 0.10388683886838875 0.0952952029520294
0 0.5816635916359163 0.7381303813038129 0.09186346863468636 0.09014760147601479
0 0.7364790897908978 0.19667281672816725 0.1056027060270603 0.10045510455104557
0 0.7395510455104551 0.05642373923739237 0.1116113161131611 0.10646371463714631
0 0.5826783517835178 0.6081980319803197 0.10646371463714631 0.09873308733087324
0 0.5723800738007379 0.18350246002460024 0.09959409594095943 0.0935854858548586
0 0.42079028290282916 0.7339760147601475 0.10130996309963104 0.08757072570725695
0 0.25089790897908987 0.3116451414514144 0.09787207872078729 0.09272447724477251
0 0.9079950799507993 0.7549138991389913 0.10851168511685123 0.11328413284132866
1 0.30647908979089794 0.2752921279212791 0.17535670356703578 0.1452337023370233
1 0.9194372693726937 0.6884901599015989 0.11504920049200494 0.2172140221402214
0 0.2514452644526446 0.03696186961869621 0.09959409594095943 0.07392373923739241
0 0.738751537515375 0.47319188191881917 0.1116113161131611 0.10388683886838875
0 0.08770295202952032 0.03739237392373921 0.09701722017220175 0.07478474784747842
0 0.0893542435424354 0.17008610086100864 0.10388683886838875 0.09271832718327183
1 0.16193111931119308 0.27099938499384996 0.19467404674046743 0.14094095940959414
0 0.905049200492005 0.18728167281672814 0.11328413284132846 0.10612546125461249
1 0.7532718327183272 0.4157441574415744 0.11538745387453873 0.17308733087330855
0 0.25990467404674056 0.4466635916359163 0.09615621156211568 0.08757072570725705
0 0.9035393603936039 0.3447232472324723 0.10910824108241114 0.10731857318573183
0 0.5717127921279213 0.3306057810578106 0.10646371463714613 0.10217097170971713
0 0.40663899138991383 0.04538437884378841 0.11332718327183267 0.09076875768757682
1 0.7545940959409595 0.813410209102091 0.10645756457564569 0.23009225092250946
1 0.4652952029520295 0.39752460024600245 0.17943419434194322 0.20607011070110695
