0 0.7069570787956438 0.19734785393978224 0.08570147341447774 0.07900064061499033
0 0.4778955797565663 0.1902690582959641 0.10552850736707242 0.10463805253042932
0 0.9271812940422807 0.1951121076233184 0.09390134529147992 0.08794362588084557
0 0.8183728379244074 0.19511210762331843 0.0879436258808455 0.08048686739269707
1 0.7594618834080716 0.1373574631646381 0.15509288917360659 0.1803523382447149
1 0.9513100576553492 0.12692184497117234 0.09609865470852023 0.20122357463164647
1 0.6527802690582959 0.132495195387572 0.18252402306213966 0.17170403587443944
1 0.5521684817424727 0.1302594490711082 0.19057655349135164 0.17260089686098656
1 0.8548558616271622 0.13400384368994236 0.13869314541960287 0.17364509929532346
0 0.5946060217809097 0.19156630365150543 0.09390134529147982 0.09310057655349147
