1 0.6328672403196065 0.8504578979717272 0.13344191763982774 0.25264290104486764
1 0.4620651505838968 0.8522372464658882 0.1227658266748619 0.2419668100799016
1 0.4805408727719729 0.15648125384142594 0.1304732636754764 0.17495390288875237
1 0.1389735709895514 0.5518131530424095 0.11583282114320836 0.20590043023970495
0 0.48025199754148745 0.18414566687154274 0.12572833435771358 0.12155500921942225
0 0.30295021511985243 0.20636140135218192 0.1197664413030117 0.10725261216963737
0 0.130082974800246 0.3320866625691457 0.12214505224339275 0.12155500921942224
0 0.3059680393362017 0.05074677320221269 0.1287031346035649 0.10149354640442539
0 0.13026121696373705 0.04277197295636142 0.12155500921942225 0.08554394591272284
0 0.12629379225568532 0.7691303011677936 0.10308543331284588 0.10368162261831575
0 0.1320620774431469 0.19549477566072526 0.12572218807621374 0.10963736939151802
0 0.29918254456054083 0.3533927473878304 0.11976644130301146 0.11321450522433943
0 0.2927842655193607 0.7690565457897973 0.11202212661339873 0.11440073755377994
0 0.13296865396435154 0.6195697602950215 0.1149969268592501 0.11082974800245828
0 0.4647264904732636 0.9352059004302397 0.11940995697602956 0.12441303011677943
0 0.6430669944683466 0.9424923171481253 0.12012292562999372 0.11378610940381076
0 0.29599569760295025 0.6539305470190534 0.11754763368162266 0.10810694529809452
0 0.29642286416717883 0.5072095881991395 0.1287031346035649 0.1252735095267361
