0 0.4548365122615804 0.18386376021798365 0.07734604904632165 0.06846866485013621
0 0.3206130790190735 0.4031553133514987 0.09384741144414169 0.08757493188010898
0 0.5948719346049046 0.30002452316076295 0.09012534059945505 0.09226702997275207
0 0.4637874659400545 0.6599972752043598 0.0949863760217982 0.09035967302452311
0 0.7209209809264308 0.19105722070844688 0.09350408719346043 0.08393460490463217
0 0.7191525885558584 0.5494686648501361 0.08676294277929159 0.08203269754768387
0 0.46604904632152594 0.7748419618528611 0.08544959128065381 0.0790899182561308
0 0.7224468664850137 0.30753678474114443 0.09361307901907327 0.0850899182561308
0 0.596125340599455 0.6556621253405994 0.09099727520435966 0.08714986376021783
0 0.7358283378746593 0.9048828337874659 0.09150408719346041 0.09281743869209809
0 0.3231989100817438 0.2773896457765668 0.09206539509536786 0.09415803814713897
0 0.4691198910081744 0.8899782016348774 0.09053405994550418 0.08367302452316083
0 0.7262806539509536 0.4273950953678474 0.09053405994550408 0.08847956403269751
0 0.734125340599455 0.7893405994550409 0.08963487738419601 0.07886648501362414
0 0.3294523160762943 0.14591825613079018 0.09214713896457775 0.08843596730245229
0 0.5936566757493187 0.17358038147138966 0.08854495912806536 0.08260490463215257
0 0.4596021798365123 0.41473024523160756 0.09380926430517697 0.09402724795640321
0 0.3294986376021799 0.8889209809264306 0.0962724795640326 0.0878801089918257
0 0.32582561307901914 0.7724141689373297 0.08892643051771106 0.0904850136239783
0 0.4540899182561307 0.29190190735694826 0.10251226158038157 0.08780381471389646
0 0.7285912806539511 0.6701117166212534 0.09867574931880085 0.08865940054495908
0 0.6028937329700272 0.7819019073569483 0.09352588555858302 0.08349863760217985
0 0.3279455040871935 0.6415340599455042 0.09523705722070833 0.0863051771117167
0 0.5987874659400544 0.5338474114441417 0.08652316076294275 0.08865395095367848
0 0.4563787465940055 0.5362016348773843 0.0992425068119891 0.0942452316076294
0 0.1854495912806539 0.1572234332425068 0.0930790190735693 0.08937874659400542
0 0.6002724795640325 0.8947329700272479 0.08926430517711156 0.08388555858310628
0 0.3305858310626703 0.5153242506811989 0.08994550408719358 0.08946049046321522
0 0.5930190735694824 0.4134441416893734 0.0974277929155312 0.09234877384196187
1 0.2712724795640327 0.6512261580381471 0.18754768392370574 0.09615258855585838
1 0.2622888283378747 0.7737929155313352 0.17592370572207097 0.07713351498637597
1 0.2670435967302452 0.8913433242506813 0.18543324250681198 0.09879564032697555
