0 0.17622228231476475 0.8382449972958357 0.09489994591671189 0.08598702001081661
1 0.7254840454299621 0.6927636560302867 0.18630611141157385 0.10802595997836661
0 0.037122769064359164 0.8385100054083288 0.07424553812871833 0.09804759329367232
0 0.03633585722011895 0.703499188750676 0.0726717144402379 0.09647376960519208
0 0.328277447268794 0.7016630611141157 0.09594916170903187 0.09489994591671154
0 0.6288858842617632 0.9517874526771228 0.0978474851270961 0.0913304488912925
0 0.3166468361276365 0.955413737155219 0.08305029745808569 0.08809085992428335
0 0.4751974040021633 0.9617036235803136 0.10192536506219584 0.07551108707409408
0 0.03598161168199025 0.9623634396971336 0.0719632233639805 0.07419145484045436
0 0.322506760411033 0.8295943753380205 0.09280151433207146 0.09070849107625736
0 0.17023796646836126 0.9606354786371011 0.08745267712276897 0.07764737696051907
0 0.7902163331530558 0.7071552190373175 0.09513250405624696 0.08697674418604653
0 0.4661681990265007 0.833526230394808 0.08965386695511085 0.09017847485127106
0 0.4703758788534344 0.7084667387777176 0.08963223363980535 0.0917739318550569
0 0.17622498647917803 0.6990400216333154 0.09175770686857752 0.08965386695511085
