0 0.5822917991099811 0.8581627463445647 0.09614113159567735 0.09738080101716456
0 0.2846185632549268 0.6023935155753337 0.10354100445009533 0.09984106802288632
0 0.7337603305785123 0.7395835982199618 0.10028607755880484 0.10028607755880484
1 0.27169421487603307 0.3768722186904004 0.12256198347107432 0.25382072472981543
0 0.2900190718372535 0.8771455816910363 0.0896376350921805 0.0931849968213604
0 0.4300667514303878 0.7308963763509219 0.09614113159567707 0.0979910998092816
1 0.6728766687857596 0.7039097266369994 0.18903369357914784 0.13312142403051466
0 0.4254418308963763 0.5934583598219961 0.0979910998092815 0.1029243483788939
0 0.4211315956770502 0.06774952320406862 0.10785759694850593 0.1029243483788939
1 0.41235855054036874 0.37332167832167845 0.176694214876033 0.25914176732358557
1 0.41235855054036874 0.37332167832167845 0.176694214876033 0.25914176732358557
1 0.3683343928798475 0.06166878575969484 0.1684551811824538 0.11966306420851862
