1 0.3042382182052938 0.136604260813428 0.13969657843770167 0.18475145255003228
0 0.4642834086507424 0.18790187217559717 0.09162685603615228 0.09087153001936732
0 0.6828308586184635 0.1807682375726275 0.09763072950290486 0.09913492575855386
1 0.06736604260813421 0.22311168495803738 0.13473208521626842 0.20367979341510647
0 0.5735539057456424 0.1830213040671401 0.08786959328599081 0.08561652679147835
0 0.803744351194319 0.18377017430600384 0.09462879276952868 0.0961265332472562
0 0.3474983860555196 0.19954163976759204 0.09087798579728854 0.08862491930277598
0 0.09879922530664945 0.2856907682375726 0.09762427372498406 0.09950290510006447
0 0.04282763072950285 0.4487217559715945 0.0856552614590057 0.0926275016139445
0 0.2367204648160104 0.2014202711426727 0.09313105229180102 0.09387992253066497
0 0.7730277598450614 0.0787153001936733 0.08761781794706225 0.08449322143318262
0 0.6400355067785668 0.09811491284699808 0.09325371207230516 0.08324080051646228
0 0.5289444803098773 0.10030342156229825 0.0926210458360233 0.08761781794706265
0 0.41566494512588764 0.10938024531956096 0.07885732730794069 0.07447385409941892
1 0.23548095545513234 0.13848612007746933 0.07892834086507414 0.1824983860555196
1 0.34742091672046477 0.06942866365397027 0.18249838605551974 0.13885732730794054
1 0.47021626856036147 0.06792769528728214 0.1877533892834089 0.13585539057456428
1 0.5813653970303422 0.06680116204002584 0.17874112330535846 0.13360232408005168
1 0.6992769528728214 0.05478373143963849 0.1847514525500325 0.10956746287927698
