0 0.19499738219895282 0.12426439790575916 0.10759685863874331 0.0970104712041885
0 0.19727486910994768 0.2348952879581152 0.11215183246073301 0.10005235602094242
0 0.1934816753926701 0.34858376963350785 0.11670157068062834 0.10910471204188481
0 0.1912041884816754 0.4713350785340314 0.11821989528795794 0.12120418848167538
0 0.188934554973822 0.5948507853403141 0.11365968586387418 0.11368062827225132
0 0.18209424083769643 0.7160994764397905 0.11518324607329845 0.11670157068062827
0 0.18589005235602088 0.8411518324607329 0.11062827225130871 0.11821989528795815
0 0.18816753926701563 0.9536387434554974 0.1242931937172775 0.09167539267015719
0 0.05253141361256547 0.12426439790575916 0.10153403141361272 0.09397382198952876
0 0.46555497382198957 0.723696335078534 0.10040837696335066 0.1002722513089006
0 0.970235602094241 0.18349999999999997 0.05848167539267005 0.07949214659685863
0 0.9705968586387436 0.4019895287958115 0.057759162303665 0.08423036649214656
0 0.9675130890052356 0.5217565445026179 0.06392670157068076 0.09564921465968593
0 0.8663193717277488 0.14804712041884818 0.09766492146596857 0.09458638743455498
0 0.860586387434555 0.2675183246073298 0.09195811518324604 0.09250261780104706
0 0.4663141361256545 0.13789528795811518 0.10973821989528797 0.10517277486910993
0 0.4637931937172775 0.25128010471204193 0.11143979057591624 0.10484293193717283
0 0.466086387434555 0.3655968586387434 0.10805759162303664 0.10300523560209422
0 0.4685078534031413 0.4876727748691099 0.118586387434555 0.10518848167539269
0 0.45706020942408376 0.6092931937172775 0.09397382198952887 0.09995811518324609
0 0.4594476439790577 0.853348167539267 0.09797382198952886 0.09992146596858653
0 0.45874345549738227 0.9584293193717277 0.1168586387434557 0.08209424083769622
0 0.3241439790575916 0.6040497382198954 0.10260209424083762 0.10359685863874359
0 0.3243376963350785 0.4763952879581152 0.10474869109947653 0.10190052356020944
0 0.32675130890052356 0.36252094240837696 0.1038900523560209 0.1002251308900523
0 0.3252984293193718 0.24923298429319374 0.10364397905759165 0.0974188481675393
0 0.32631151832460725 0.13519109947643979 0.10465445026178002 0.10137696335078533
0 0.32478010471204194 0.7187722513089007 0.1094973821989528 0.1040366492146597
0 0.8598795811518327 0.3896020942408377 0.09316230366492159 0.08362303664921465
0 0.8679109947643978 0.49686125654450264 0.0904816753926699 0.08847643979057598
0 0.8674240837696334 0.614803664921466 0.09045026178010451 0.08390052356020941
0 0.8653848167539265 0.740065445026178 0.091502617801047 0.08594240837696326
0 0.8706675392670156 0.8583219895287957 0.09505235602094246 0.08492670157068061
0 0.8706884816753927 0.9639738219895289 0.0980261780104711 0.0710052356020942
0 0.7338010471204189 0.1558717277486911 0.10110994764397907 0.09150261780104713
0 0.7340680628272253 0.2753141361256545 0.0965130890052355 0.08591623036649211
0 0.7335392670157068 0.3849319371727749 0.09650261780104695 0.08793717277486919
0 0.7396361256544502 0.49917277486911 0.11225654450261775 0.09683769633507866
0 0.7346596858638744 0.6177408376963351 0.0971727748691099 0.09457068062827224
0 0.7305235602094241 0.7433507853403142 0.08879581151832448 0.08376963350785345
0 0.7251937172774869 0.860348167539267 0.08627225130890069 0.08731413612565445
0 0.733586387434555 0.9636910994764398 0.10801047120418862 0.07157068062827228
0 0.5965366492146597 0.14977486910994764 0.10608900523560191 0.09747643979057595
0 0.59967277486911 0.2659214659685864 0.10096858638743474 0.09119371727748696
0 0.6024738219895287 0.38723821989528795 0.09908376963350787 0.08971204188481673
0 0.6044895287958115 0.4914973821989529 0.11163874345549729 0.10660732984293188
0 0.5956282722513088 0.6221989528795812 0.10204188481675396 0.09591623036649204
0 0.5869816753926702 0.7400575916230366 0.08845549738219916 0.08895287958115193
0 0.5963429319371728 0.8575523560209424 0.10417277486910985 0.09861256544502629
0 0.3288219895287958 0.8399738219895287 0.12570680628272246 0.11753926701570692
0 0.32 0.9512565445026179 0.12209424083769653 0.09643979057591628
0 0.6014214659685865 0.9614659685863873 0.11014136125654451 0.07602094240837705
