1 0.04446219035202089 0.2076857887874837 0.08892438070404178 0.19565840938722295
0 0.7210430247718382 0.8094980443285527 0.08281616688396348 0.08190352020860511
0 0.8148696219035202 0.5389439374185138 0.08645371577574987 0.07826597131681873
0 0.8170534550195567 0.35557040417209906 0.09100391134289434 0.08918513689700129
0 0.7276760104302478 0.26487940026075624 0.09037157757496747 0.08595176010430239
0 0.7386049543676663 0.11513363754889179 0.08827900912646679 0.08099739243807041
0 0.8841525423728814 0.7938298565840939 0.09176010430247747 0.08797262059973922
1 0.6477216427640157 0.8001271186440677 0.11138852672750961 0.2385071707953062
1 0.7146707953063884 0.7175847457627119 0.10829856584093876 0.24025423728813572
0 0.8962288135593219 0.26592894393741845 0.08918513689700129 0.093735332464146
1 0.9052281616688397 0.5413135593220338 0.1284224250325945 0.19788135593220355
0 0.3783833116036505 0.4690091264667536 0.09668839634941327 0.08847457627118666
0 0.725589960886571 0.9521056062581486 0.08463494132985663 0.07735332464146046
0 0.7989406779661018 0.7223174706649281 0.08554758800521509 0.08099739243807043
0 0.5723435462842243 0.7969393741851369 0.0891851368970012 0.07917209908735313
1 0.11225880052151241 0.21079530638852673 0.08373533246414606 0.2022294654498044
0 0.5274902216427639 0.4617405475880053 0.08796610169491527 0.0910039113428943
0 0.9144882659713166 0.6047555410691005 0.09669491525423736 0.09605606258148634
0 0.5472262059973925 0.5949119947848761 0.08827249022164292 0.08554758800521518
0 0.8061147327249022 0.8604139504563234 0.08569752281616694 0.08417861799217731
0 0.2416590612777053 0.21610495436766622 0.08493481095176006 0.0788722294654498
0 0.09650912646675357 0.28435788787483707 0.08417861799217724 0.08191003911342888
1 0.9529432855280313 0.46399608865710573 0.0928096479791395 0.19001303780964807
0 0.6096870925684486 0.5348924380704042 0.08847457627118638 0.08537809647979157
0 0.6436212516297263 0.8801075619295959 0.09290091264667544 0.09163624511082122
0 0.5375749674054757 0.08737614080834426 0.0919165580182529 0.08918513689700128
0 0.456219035202086 0.6904628422425031 0.09009126466753603 0.08736636245110824
1 0.24800195567144714 0.15898631029986962 0.09919817470664932 0.16651238591916542
0 0.28746740547588007 0.531890482398957 0.09327900912646668 0.09176010430247737
0 0.3734550195567144 0.5916101694915255 0.08847457627118638 0.09353324641460241
1 0.4605867014341591 0.12587353324641457 0.11794002607561935 0.16162972620599744
0 0.4597685788787483 0.5313917861799218 0.09556062581486319 0.08827249022164302
1 0.7851108213820079 0.13640156453715777 0.12285528031290753 0.1592568448500653
0 0.2448468057366362 0.3704204693611473 0.09290091264667535 0.08974576271186431
0 0.8133083441981747 0.18904498044328555 0.08848109517601041 0.0796284224250325
0 0.33490221642764006 0.28289113428943935 0.09479791395045617 0.08657757496740541
1 0.7267144719687092 0.21489243807040417 0.10769230769230778 0.1569817470664928
1 0.956310299869622 0.11289113428943942 0.08607561929595813 0.1668383311603651
0 0.5583083441981745 0.26740873533246406 0.09290091264667526 0.08721642764015639
0 0.6427803129074315 0.3464732724902216 0.08827249022164264 0.08917861799217724
0 0.9265319426336376 0.08018904823989569 0.10829204693611491 0.09646675358539765
0 0.4470795306388526 0.3896968709256844 0.09037809647979128 0.09543024771838322
0 0.7269589308996088 0.440658409387223 0.08918513689700129 0.08645371577574987
0 0.45394719687092566 0.18443285528031286 0.08918513689700157 0.09109517601043027
0 0.6483637548891785 0.1953617992177314 0.08847457627118628 0.08721642764015643
0 0.3686734028683182 0.0833735332464146 0.08646023468057368 0.08463494132985654
