0 0.12637952176578784 0.7684978540772531 0.10282648681790314 0.10342121397915414
0 0.29743102391171056 0.7718485591661557 0.11174739423666444 0.11412017167381955
0 0.13221643163703264 0.33697424892703853 0.12184549356223177 0.12125689760882881
0 0.3041569589209075 0.35788779889638256 0.11947271612507669 0.11293071735131822
0 0.13470263641937463 0.19113427345187003 0.1254199877375843 0.10936848559166162
0 0.13183936235438382 0.6203341508277131 0.11471489883507047 0.11055180870631513
0 0.30534641324340894 0.2095033721643164 0.11947271612507641 0.10698957694665848
0 0.13256591048436536 0.05133966891477621 0.12125689760882892 0.10267933782955242
0 0.30201716738197415 0.05912323727774369 0.12838749233599014 0.11824647455548738
0 0.47690374003678737 0.19042611894543227 0.12541998773758434 0.12125689760882892
0 0.4662078479460453 0.9351931330472103 0.11911097486204784 0.1241079092581239
0 0.29720416922133663 0.6597271612507665 0.09860208461066843 0.09654812998160622
0 0.6433415082771305 0.9481882280809318 0.09860208461066815 0.10239730226854697
0 0.29977621091354995 0.5113090128755364 0.10990190067443285 0.10579399141630892
1 0.4818148375229919 0.15854996934396076 0.13015328019619873 0.17452483139178424
1 0.46338442673206626 0.852599632127529 0.12246474555487445 0.24137339055793983
1 0.6337676272225626 0.8508246474555488 0.13311465358675637 0.252023298589822
1 0.14108522378908653 0.5529123237277745 0.11554874310239119 0.2053954629061925
