1 0.4451452550032278 0.0597869593285991 0.11896707553260176 0.1195739186571982
1 0.10124919302775987 0.12165913492575858 0.08418979987088435 0.19826985151710774
1 0.7713395739186573 0.06467398321497737 0.12767591994835373 0.12934796642995475
0 0.7957488702388638 0.10199806326662364 0.08762427372498376 0.07885732730794053
1 0.6383473208521627 0.06936733376371856 0.09825693996126557 0.13873466752743713
1 0.7121949644932215 0.1293479664299548 0.10326662362814731 0.1577146546158812
1 0.24092963202065848 0.08072627501613941 0.10577146546158805 0.16145255003227882
0 0.895948999354422 0.5136830213040671 0.09575855390574561 0.09512588766946423
1 0.4613266623628148 0.3600355067785669 0.12767591994835378 0.21854744996772119
1 0.3678276307295029 0.4317624273724985 0.11941252420916726 0.21629438347320848
1 0.7658715300193674 0.6788444157520983 0.12391865719819223 0.2343189154293092
1 0.6318108457069076 0.7062588766946418 0.11565526145900584 0.23958037443511956
1 0.7061620400258232 0.7614590058102002 0.11415752098127846 0.24633957391865716
0 0.5940994189799871 0.4444964493221433 0.08761781794706243 0.08455132343447404
0 0.7088799225306649 0.8576694641704325 0.08381536475145253 0.07660426081342835
0 0.4456326662362814 0.44102969657843766 0.09463524854745005 0.08741768883150447
0 0.5432182052937379 0.17960296965784373 0.0920012911555841 0.08637185280826339
1 0.9421691413815365 0.37045836023240797 0.11437056165267902 0.18475145255003217
1 0.8836313750806971 0.45292446739832143 0.11626210458360242 0.19106520335700453
0 0.08589089735313103 0.19638799225306655 0.0833634602969657 0.08111684958037438
0 0.9660974822466105 0.6016720464816011 0.06651387992253084 0.09111684958037433
0 0.6268721755971596 0.25790187217559707 0.08741768883150404 0.0883150419625565
0 0.6277049709489994 0.7863686249193028 0.09200129115558428 0.09074887023886359
0 0.7994577146546158 0.26691091026468683 0.09012265978050343 0.08832149774047768
0 0.9681471917366042 0.4351387992253068 0.06241446094254349 0.09199483537766306
0 0.32197546804389926 0.19493544222078754 0.09387992253066481 0.08573918657198193
0 0.44211749515816645 0.5985603615235635 0.08921885087153018 0.08652033570045192
0 0.7886249193027759 0.7668657198192382 0.08486765655261463 0.08336346029696584
0 0.6324015493867009 0.10825371207230468 0.08761781794706253 0.08637185280826339
0 0.23279212395093604 0.2816171723692705 0.09200129115558424 0.08887669464170425
0 0.8778663653970302 0.17813750806972237 0.08832149774047778 0.0928276307295029
0 0.36015493867010967 0.5006649451258877 0.08761781794706253 0.09262750161394454
0 0.7109457714654616 0.17709812782440287 0.08949644932214337 0.08511943189154286
0 0.4398676565526146 0.09743060038734665 0.08832149774047805 0.0902130406714009
0 0.5322433828276306 0.5039347966429955 0.08741768883150441 0.08471917366042607
0 0.7102356358941252 0.3511749515816656 0.08832149774047778 0.08561652679147862
0 0.22525177533892832 0.1329244673983215 0.0824080051646224 0.07301484828921896
