0 0.09991883915395965 0.8443580914904082 0.09540088539104784 0.09397934087555318
0 0.18962616822429906 0.9418937530742745 0.09255287752090524 0.08401377274963102
0 0.27719380226266604 0.8450688637481556 0.0911313330054107 0.0840088539104772
0 0.36333989178553866 0.7518052139695033 0.09255287752090496 0.08828332513526804
0 0.1867757009345794 0.7567879980324644 0.08116576487948836 0.0811608460403345
0 0.023974422036399413 0.7589252336448599 0.04794884407279883 0.07973930152484018
0 0.09778160354156427 0.6770511559272012 0.08828332513526807 0.07831283817019188
0 0.27221101819970484 0.6677988194786031 0.09540088539104781 0.07974913920314809
0 0.18250614854894237 0.5788022626660108 0.08970486965076241 0.08400885391047712
0 0.7420929660600099 0.865004918839154 0.09540088539104785 0.10109690113133309
