0 0.705627229488704 0.7258858501783592 0.09035077288941766 0.08174791914387634
0 0.5668281807372176 0.8616171224732461 0.09846016646849005 0.09329369797859677
0 0.7077140309155766 0.4671313912009513 0.08725921521997639 0.08325208085612364
0 0.11866825208085607 0.7029429250891795 0.10392390011890618 0.09982164090368606
0 0.2679637336504161 0.5687871581450653 0.09466706302021403 0.09809750297265156
0 0.6995124851367419 0.33695005945303214 0.08481569560047547 0.07841854934601664
0 0.5642033293697978 0.9680529131985731 0.08988109393579062 0.06270511296076102
0 0.4078804994054698 0.45990487514863254 0.09709274673008324 0.08982164090368609
0 0.41391200951248514 0.7111177170035672 0.11153388822829956 0.10011890606420917
0 0.2731302021403092 0.963525564803805 0.10155172413793101 0.07175980975029717
0 0.41202140309155766 0.853359096313912 0.09146254458977414 0.08852556480380491
0 0.11545778834720574 0.8455707491082044 0.10309155766944121 0.09910820451843022
0 0.11197978596908435 0.9637336504161711 0.10422116527942936 0.07134363852556472
0 0.41771105826397137 0.9592152199762187 0.09463733650416162 0.08038049940546967
0 0.27050832342449477 0.16002378121284186 0.09642687277051133 0.09814506539833531
0 0.6978359096313911 0.21102259215219976 0.09510107015457794 0.08405469678953625
0 0.12087990487514873 0.5596343638525565 0.11417360285374553 0.10357312722948875
0 0.11738109393579083 0.4388525564803805 0.10326397146254462 0.08605231866825211
0 0.1130796670630201 0.31493757431629016 0.09809750297265159 0.08949464922711058
0 0.11393876337693219 0.17295184304399525 0.09637931034482738 0.09465517241379307
0 0.26796967895362656 0.8501783590963139 0.08777051129607612 0.08605231866825201
0 0.26797265160523187 0.6995868014268727 0.09121284185493468 0.0843341260404281
0 0.2622829964328181 0.4360879904875149 0.09890606420927477 0.08230677764565995
0 0.2636682520808561 0.2977259215219976 0.09637336504161702 0.09293103448275855
0 0.41472354340071343 0.5820957193816885 0.08576099881093935 0.08784185493460163
0 0.410781807372176 0.3216260404280618 0.0968311533888228 0.08023186682520811
0 0.4052467300832343 0.2005885850178359 0.08438168846611198 0.07469678953626635
0 0.5614209274673009 0.7202140309155767 0.08022592152199767 0.08299643281807369
0 0.570065398335315 0.5746254458977408 0.08230677764565972 0.07538644470868032
0 0.5669530321046373 0.44183115338882284 0.08438168846611165 0.0823067776456599
0 0.5634958382877526 0.32874851367419733 0.0885255648038051 0.08853151010701546
0 0.5624583828775268 0.19283888228299642 0.07815101070154602 0.0740011890606421
0 0.6999494649227112 0.605793697978597 0.09465517241379313 0.08949464922711071
0 0.7092122473246135 0.9705707491082044 0.09465517241379313 0.05766944114149814
0 0.7099316290130797 0.8585523186682522 0.08748513674197418 0.07744946492271117
