1 0.6068455074337427 0.058083387201034266 0.1858952811893987 0.11616677440206853
0 0.543813833225598 0.09430833872010341 0.08250808015513898 0.07990303813833236
0 0.5999870717517777 0.18425016160310273 0.09475113122171953 0.0939431157078217
0 0.48222042663219133 0.18294117647058822 0.10648351648351656 0.10558500323206217
0 0.9355720749838397 0.18782805429864258 0.09475113122171944 0.08873949579831933
0 0.713354880413704 0.19008403361344542 0.08647705235940513 0.07971557853910786
0 0.8257789269553976 0.18782805429864255 0.08873949579831943 0.08121525533290246
1 0.6591822882999354 0.12654169360051712 0.17146089204912734 0.1813833225597931
1 0.7647640594699419 0.1260924369747899 0.1588235294117647 0.17867485455720755
1 0.8608661926308985 0.1251874595992243 0.13987071751777644 0.17867485455720744
1 0.9533484162895928 0.12022301228183581 0.09201034259857796 0.20484162895927607
