0 0.19500291715285883 0.6642590431738623 0.10004084014002335 0.09152858809801641
0 0.5023833138856476 0.5214177362893815 0.10951575262543756 0.10409568261376893
0 0.6541948658109685 0.6469136522753792 0.13116686114352388 0.12670945157526267
0 0.824124854142357 0.38666861143523923 0.11499416569428228 0.10507584597432902
0 0.3629521586931155 0.3884189031505251 0.10303383897316226 0.10810968494749122
0 0.22240081680280047 0.12945157526254375 0.10699533255542588 0.0980396732788798
0 0.8180571761960327 0.7955659276546091 0.11242707117852974 0.10735122520420064
0 0.9536172695449242 0.9335764294049006 0.09159859976662763 0.12537922987164518
0 0.9578471411901982 0.8011960326721119 0.08313885647607933 0.10845974329054832
0 0.9619603267211201 0.254171528588098 0.07491248541423576 0.10635939323220536
0 0.9670070011668613 0.132561260210035 0.06481913652275358 0.09287047841306884
0 0.9577304550758459 0.6654054842473746 0.08337222870478406 0.12496499416569425
0 0.9609101516919486 0.38596849474912487 0.07701283547257874 0.11347724620770132
0 0.9644107351225204 0.5322053675612602 0.07001166861143522 0.10781796966161039
0 0.8125729288214703 0.6660239206534423 0.10414235705950989 0.10952742123687297
