1 0.7267929292929294 0.821716135143669 0.13706439393939399 0.31260183138616987
0 0.7345596590909091 0.9460262077676034 0.10690972222222225 0.09688980107357131
0 0.8373563762626264 0.33590464161667194 0.12061553030303027 0.11608462267129772
0 0.735015782828283 0.44970318913798546 0.11330808080808075 0.11151247237132927
0 0.6313052398989899 0.3418455952005052 0.10690972222222216 0.10420271550363122
0 0.4330208333333334 0.7389958951689296 0.11056186868686865 0.10511525102620782
0 0.33068023989898987 0.6466782443953268 0.10690972222222221 0.10511525102620792
1 0.8062878787878788 0.23718819071676664 0.16447601010101012 0.2860972529207452
1 0.6303472222222223 0.2381007262393432 0.13075757575757577 0.28426586675086835
1 0.7267929292929294 0.32859330596779285 0.14619949494949497 0.3189990527312914
1 0.43708806818181817 0.6183422797600253 0.13532512626262627 0.32082728133880645
1 0.351238952020202 0.5310514682664982 0.14619633838383841 0.31077360277865484
