0 0.7780587307843909 0.5030252266456445 0.13577059519117055 0.1266574694521088
0 0.9427433977138354 0.37067008277493096 0.11372487189594001 0.11752463539613714
0 0.9393200630666142 0.5047398502167915 0.12057154119038223 0.1255143870713441
0 0.7843378005518329 0.3609735908553409 0.12553015372487183 0.12094599921166732
1 0.1738293259755617 0.4899073709105243 0.2785218762317698 0.12094994087504926
0 0.7866121403232164 0.21834450137958217 0.12779266850610954 0.12094599921166732
1 0.2936361844698463 0.8303330705557747 0.24885691761923534 0.3385455262120614
0 0.43688805675995274 0.35298383918013404 0.11067796610169484 0.11866771777690188
0 0.6223058730784391 0.21549270792274342 0.11410327158060705 0.09927079227433977
1 0.7683011430823807 0.8417441860465116 0.15528577059519091 0.3157232952305873
1 0.935896728419393 0.8400315333070556 0.12741821048482463 0.3191486007094994
0 0.6137465510445409 0.06830114308238076 0.11067796610169489 0.11296018919984235
0 0.06434568387859677 0.5155813953488372 0.1186637761135199 0.11296018919984235
0 0.7911765865195113 0.08427473393772171 0.11638549467875461 0.10611351990540002
