0 0.9528385570668244 0.9638231815493793 0.0931401537551744 0.07117090479006494
0 0.8028326434062684 0.3086516853932584 0.0968539325842697 0.09091661738616202
0 0.6568361916026021 0.29523950325251336 0.10633944411590765 0.10342992312241284
0 0.9556475458308692 0.5660881135422827 0.08752217622708464 0.10129509166173867
0 0.8065937315198107 0.5614488468361916 0.10993494973388529 0.10193968066232993
0 0.9588113542282672 0.7026138379657008 0.08119455943228883 0.08903607332939095
0 0.802604967474867 0.6947309284447072 0.10314015375517437 0.1013719692489652
0 0.7957037256061503 0.8362418687167357 0.10956238911886458 0.10441750443524533
0 0.8076966292134832 0.9550561797752808 0.1129686575990536 0.08870490833826139
0 0.9556771141336486 0.8385127143701951 0.0874630396215258 0.09340626848018925
0 0.6603755174452985 0.5593938497930219 0.1065582495564755 0.09824364281490248
0 0.8058870490833826 0.17200177409816675 0.09967474866942641 0.09279124778237731
0 0.6493406268480189 0.16090479006505026 0.09415138971023058 0.09244234180958015
0 0.6491159077468953 0.4274866942637492 0.09125369603784736 0.0872619751626256
0 0.6577498521584861 0.6950650502661148 0.0958781785925488 0.08891188645771723
0 0.6519426374926078 0.8251182732111176 0.09289769367238328 0.08758722649319906
0 0.6536043761088112 0.9585452395032527 0.0935600236546423 0.08172678888231819
0 0.4913660555884092 0.688264340626848 0.09024246008279117 0.08791839148432881
0 0.4958456534594915 0.5449408633944411 0.10118864577173273 0.09455351862803081
0 0.4960112359550561 0.4180366646954465 0.08824955647545829 0.07895919574216437
0 0.49352454169130694 0.2866558249556475 0.09654642223536351 0.09289769367238322
0 0.5066262566528682 0.15527498521584862 0.09422235363690125 0.0922294500295683
0 0.49464518036664684 0.8272826729745713 0.09287403903015953 0.08324659964518027
0 0.9540479006505028 0.1720313424009462 0.09072146658781782 0.09415138971023064
0 0.9531933767001775 0.31326138379657004 0.09243051448846853 0.08901833234772322
0 0.9540479006505028 0.4365168539325843 0.09072146658781782 0.08559432288586637
0 0.8068450620934358 0.43364872856298053 0.09186871673565966 0.08124186871673567
