0 0.9455027173913044 0.2993260869565217 0.10329891304347838 0.10678260869565222
0 0.5155271739130435 0.044374999999999984 0.09768478260869576 0.08874999999999997
0 0.9382853260869564 0.16616304347826086 0.10277717391304364 0.09093478260869575
1 0.8740217391304349 0.05307065217391303 0.17260869565217385 0.0809239130434782
1 0.8749755434782609 0.16459782608695653 0.18820108695652185 0.08786956521739137
1 0.8810597826086956 0.2877989130434782 0.1794021739130434 0.10385869565217383
0 0.9339429347826088 0.04544021739130435 0.0876793478260869 0.08393478260869555
0 0.3698804347826086 0.04284510869565219 0.11126086956521751 0.08569021739130438
0 0.5135652173913043 0.1632391304347826 0.10001086956521742 0.09530434782608692
0 0.5062038043478261 0.27838586956521744 0.1114293478260868 0.11003260869565222
