0 0.3627206809583858 0.21821563682219425 0.08875788146279946 0.08655737704918032
1 0.046065573770491766 0.39689785624211854 0.09213114754098353 0.20171500630517028
1 0.6400567465321564 0.1477994955863808 0.16283732660781855 0.17017654476670865
1 0.5256336696090794 0.13826292559899114 0.17750945775535953 0.18924968474148796
1 0.25166771752837325 0.15880201765447668 0.07995586380832312 0.17457755359394694
0 0.25452711223203034 0.2200504413619168 0.09095838587641854 0.09168978562421193
1 0.4236759142496847 0.14706809583858765 0.1540353089533415 0.17163934426229496
1 0.32171815889029 0.15329760403530895 0.1379003783102144 0.1797099621689787
0 0.12122320302648172 0.301125472887768 0.09046658259773015 0.09107818411097102
1 0.7449495586380834 0.14816519546027743 0.18924337957124857 0.16796973518285
0 0.06081021437578811 0.46548234552332907 0.09022068095838569 0.08581967213114766
0 0.6902301387137452 0.19988020176544766 0.09535308953341713 0.09682219419924334
0 0.8083228247162673 0.20281210592686003 0.09242118537200486 0.09388398486759135
1 0.08186002522068091 0.23882723833543504 0.1393694829760403 0.19218158890290016
0 0.47678121059268597 0.20684741488020178 0.08948928121059259 0.0887515762925599
0 0.5835025220680958 0.20208070617906684 0.08581967213114738 0.08361916771752832
