0 0.4208739441195581 0.8265334632878493 0.11097465886939573 0.10345029239766082
0 0.5694704353476283 0.9482098765432099 0.11097465886939573 0.10228070175438587
0 0.7225113710201431 0.9440480831708903 0.09826510721247597 0.09953216374268992
0 0.4182618583495776 0.6826283300844704 0.10582846003898631 0.10204678362573115
1 0.17447368421052625 0.7918323586744641 0.12069525666016898 0.4150357374918778
0 0.8773261858349577 0.8228492527615334 0.10250162443144904 0.10250162443144904
1 0.5488239116309293 0.4484957764782327 0.18059779077322946 0.2648667966211827
0 0.4237816764132552 0.9575893437296946 0.09161793372319686 0.08352176738141655
0 0.5669233268356075 0.8139701104613386 0.0982651072124757 0.10015594541910323
1 0.40505198180636776 0.4521247563352826 0.12526965562053274 0.2594282001299543
1 0.5038271604938271 0.12995776478232618 0.1721767381416504 0.12230669265756973
1 0.8150974658869394 0.7863872644574399 0.19320987654320945 0.13606237816764105
1 0.5488239116309293 0.4484957764782327 0.18059779077322946 0.2648667966211827
0 0.5621962313190384 0.6734957764782327 0.10015594541910314 0.10519818063677726
0 0.5577907732293698 0.1361728395061728 0.11024041585445082 0.10519818063677717
