1 0.7934950000000001 0.872745 0.10243000000000012 0.13902000000000017
0 0.9258525 0.6540175 0.09791500000000004 0.08870500000000008
1 0.13239749999999997 0.662115 0.175665 0.09247000000000002
0 0.07380250000000001 0.6725350000000001 0.08579500000000002 0.07998000000000008
0 0.23012750000000004 0.9030224999999998 0.09306500000000006 0.07658500000000015
0 0.7886775 0.8949275 0.09791499999999995 0.08773500000000006
0 0.784555 0.6583825 0.09548999999999995 0.09452499999999993
0 0.9275499999999999 0.77108 0.10033999999999996 0.08918999999999995
0 0.9309425000000001 0.8925025 0.0974249999999999 0.08870499999999999
1 0.28273750000000003 0.8788475 0.16225500000000004 0.11519500000000003
