0 0.3841322055137845 0.4774467418546366 0.08600877192982455 0.08018170426065166
0 0.3886904761904763 0.7530388471177946 0.11209273182957402 0.09830827067669168
0 0.5434868421052631 0.8944392230576441 0.10376566416040112 0.08925438596491225
0 0.3831860902255639 0.6134617794486217 0.09038220551378444 0.0925751879699248
0 0.2357268170426065 0.16321428571428573 0.09256892230576456 0.09256892230576443
0 0.22399122807017544 0.31376879699248117 0.10156641604010015 0.097938596491228
0 0.5436184210526316 0.46563909774436096 0.08892857142857125 0.08674185463659144
0 0.5468984962406015 0.6055889724310777 0.08674185463659126 0.07944862155388481
0 0.6897650375939852 0.765 0.09521929824561429 0.08615288220551383
0 0.22253132832080205 0.45958646616541354 0.10423558897243117 0.0867418546365915
0 0.2330576441102757 0.5921804511278195 0.09068922305764397 0.08887218045112782
0 0.6919642857142856 0.49230263157894744 0.09196115288220569 0.08773809523809527
0 0.22852756892230577 0.7372838345864662 0.09612781954887223 0.08887844611528824
0 0.2285244360902255 0.8959899749373434 0.09250000000000001 0.09068922305764404
0 0.07230576441102748 0.8929511278195487 0.09233082706766925 0.0862531328320802
0 0.07572994987468658 0.742609649122807 0.09320175438596491 0.09068295739348371
0 0.06619360902255637 0.18227130325814536 0.10157268170426045 0.0997556390977443
0 0.5377882205513785 0.7590225563909774 0.08454887218045112 0.08746867167919806
0 0.06528822055137833 0.3319078947368421 0.10338345864661655 0.09431704260651627
0 0.08077067669172938 0.5952443609022557 0.10580200501253141 0.09824561403508775
0 0.06982142857142867 0.46249999999999997 0.10882832080200505 0.09068922305764408
0 0.6833208020050126 0.35510651629072687 0.08938596491228065 0.08264411027568923
0 0.6943013784461153 0.904815162907268 0.09219924812030107 0.08162280701754386
0 0.6815538847117794 0.2223934837092732 0.10022556390977447 0.08858395989974936
0 0.6837813283208021 0.63843671679198 0.0997556390977444 0.09431704260651641
0 0.5388815789473684 0.2032299498746867 0.08236215538847132 0.07798872180451125
0 0.5399749373433584 0.3464630325814536 0.09329573934837099 0.09330200501253132
0 0.3731986215538847 0.2113972431077694 0.08892857142857162 0.07872180451127817
0 0.379031954887218 0.33895676691729326 0.10204887218045115 0.08455513784461155
