0 0.8867046936114732 0.8287907431551499 0.10283572359843546 0.10283572359843546
1 0.5571316818774448 0.45321707953063894 0.1811864406779662 0.26573011734028695
0 0.40984028683181223 0.028490873533246443 0.1010104302477185 0.05698174706649289
0 0.5778455019556714 0.951300521512386 0.11133637548891784 0.09609517601043013
0 0.5705475880052152 0.6789504563233377 0.10048239895697504 0.10554106910039118
1 0.4128911342894394 0.4568578878748369 0.12567796610169485 0.26027379400260736
0 0.7313852672750979 0.9499022164276402 0.0985853976531947 0.0988917861799215
0 0.5752900912646676 0.8198826597131682 0.0985853976531944 0.10048239895697514
0 0.4316818774445892 0.960710560625815 0.0919165580182529 0.07727509778357232
0 0.5661277705345502 0.13987614080834415 0.11059973924380703 0.10554106910039118
1 0.5571316818774448 0.45321707953063894 0.1811864406779662 0.26573011734028695
1 0.511988265971317 0.13364080834419817 0.17273794002607556 0.12270534550195554
1 0.8242731421121251 0.7922099087353325 0.19383963494132952 0.13650586701434123
0 0.42876466753585396 0.832486962190352 0.11133637548891788 0.1037874837027379
0 0.4261440677966101 0.6881127770534551 0.10617340286831806 0.10237940026075633
