0 0.16875242404654164 0.44800904977375566 0.09776341305753054 0.09274725274725273
0 0.3688946347769878 0.20038784744667099 0.09325145442792486 0.09400129282482228
0 0.8909631544925665 0.524857789269554 0.09023917259211345 0.08934065934065942
0 0.4350840336134454 0.09018099547511318 0.09086619263089862 0.08711053652230122
0 0.8947123464770521 0.07103749191984485 0.08277957336780817 0.08278603749191994
0 0.14713316095669038 0.20429541047188104 0.08723335488041388 0.08347123464770516
0 0.03822882999353594 0.08142210730446027 0.07645765998707188 0.09656108597285075
0 0.3905268261150614 0.03155462184873953 0.09212023270846813 0.06310924369747906
0 0.47981577246283125 0.19850678733031676 0.09099547511312214 0.0887394957983193
0 0.2307950872656755 0.28476729153199737 0.09775048480930854 0.0996315449256625
0 0.8155817711700064 0.17970911441499676 0.09775694893341935 0.09926308985132512
0 0.24169360051712988 0.1411926308985133 0.0933678086619264 0.09337427278603753
0 0.11698771816418878 0.3692954104718812 0.0820943762120233 0.08209437621202326
0 0.03170329670329675 0.3125824175824176 0.0634065934065935 0.0777052359405301
0 0.7772592113768585 0.532983193277311 0.10828700711053675 0.10197155785391077
0 0.13971557853910788 0.7233872010342598 0.09475113122171941 0.09114414996767943
0 0.1212184873949579 0.8776955397543633 0.09745959922430511 0.08934065934065934
0 0.6739366515837105 0.5302714932126696 0.10738202973497114 0.09475113122171944
0 0.08909179056237883 0.5140723981900452 0.08482870071105367 0.0813057530704588
0 0.21461538461538462 0.8009922430510666 0.09835811247575978 0.09836457659987037
0 0.5683548804137039 0.532081447963801 0.10738849385908217 0.10377504848093086
0 0.42126373626373637 0.538846153846154 0.10557853910795081 0.10106658047834524
0 0.02694893341952169 0.6011570782159017 0.05389786683904338 0.09123464770523591
0 0.2150678733031673 0.6484906270200389 0.09565610859728504 0.10197155785391077
0 0.030982546864899846 0.4344085326438269 0.06196509372979969 0.09211376858435683
0 0.9366515837104072 0.18271493212669682 0.09475113122171944 0.09625080801551383
1 0.8232417582417582 0.45778280542986427 0.19050420168067236 0.1974014221073045
1 0.7210924369747901 0.46843568196509366 0.19051066580478357 0.21494505494505495
1 0.6158015513897868 0.4602908855850032 0.17549450549450532 0.2099288946347768
1 0.513354880413704 0.45966386554621846 0.16857142857142876 0.20742081447963812
1 0.391153846153846 0.4615416936005172 0.1384938590820944 0.20868131868131867
0 0.5472559793148029 0.11023270846800255 0.07332255979314813 0.07833225597931469
0 0.7061635423400129 0.18196509372979963 0.08798319327731083 0.08572721396250801
0 0.5967517776341306 0.18685197155785394 0.09174531351001924 0.090989010989011
0 0.6606496444731739 0.09798319327731088 0.08340659340659329 0.08403361344537816
0 0.7656173238526182 0.09171622495151907 0.08152553329023904 0.08153199741435044
