0 0.853883171912833 0.44564769975786933 0.10280266343825688 0.09369249394673122
0 0.6915556900726393 0.4393462469733656 0.1004237288135594 0.09285714285714286
0 0.5325726392251816 0.8520732445520582 0.10035108958837756 0.0957324455205812
0 0.8483746973365617 0.5790859564164649 0.09674939467312339 0.09558111380145275
0 0.6933777239709443 0.7079691283292978 0.10515738498789362 0.09802058111380156
0 0.8521761501210654 0.7120066585956416 0.10205205811138023 0.09499394673123478
0 0.8442403147699759 0.86125 0.09986077481840218 0.09634987893462466
0 0.5319612590799031 0.9653450363196125 0.1084745762711866 0.06809927360774824
0 0.5364164648910412 0.5648153753026633 0.11409200968523009 0.11080508474576259
0 0.5344733656174334 0.7071489104116223 0.10817191283292998 0.0952663438256659
0 0.693429176755448 0.5699818401937046 0.12136198547215478 0.10231234866828084
0 0.689188861985472 0.8516101694915255 0.09859564164648912 0.10368038740920105
0 0.5421943099273607 0.1589406779661017 0.09644673123486679 0.09440677966101695
0 0.5287832929782083 0.29342312348668276 0.09882566585956407 0.09509079903147705
0 0.5313286924939467 0.4279055690072639 0.09033292978208234 0.08082324455205807
0 0.7038498789346247 0.29257263922518156 0.09305084745762701 0.08659806295399516
0 0.6882778450363195 0.1647033898305085 0.0963740920096852 0.09462469733656173
0 0.8441434624697336 0.17868946731234867 0.09676150121065372 0.0897154963680387
0 0.8454237288135594 0.31593825665859565 0.1025907990314769 0.09657384987893462
