0 0.5925085910652921 0.4180068728522337 0.10036655211912922 0.09915234822451321
0 0.7349455899198168 0.80868843069874 0.10788659793814431 0.1088545246277205
0 0.14891466208476517 0.539544673539519 0.11821878579610544 0.10957044673539516
0 0.4425601374570447 0.4111970217640321 0.10745704467353949 0.10246277205040097
0 0.887250859106529 0.8092439862542955 0.1110423825887744 0.0928293241695302
0 0.14129438717067586 0.6876116838487972 0.10689576174112247 0.10923253150057274
0 0.5928751431844216 0.6811798396334479 0.11816723940435288 0.1021305841924398
0 0.7423825887743413 0.943356242840779 0.10481099656357389 0.11282932416953043
0 0.4475630011454753 0.8012227949599083 0.08994845360824731 0.08062428407789222
0 0.5978006872852234 0.2878006872852234 0.11667812142038934 0.10389461626575033
0 0.5928465063001146 0.9328264604810997 0.11192439862542959 0.11474799541809869
0 0.3036225658648339 0.2719129438717068 0.09518327605956449 0.09886597938144334
0 0.29510595647193594 0.4054410080183276 0.10887170675830479 0.1119129438717067
0 0.8941580756013744 0.303393470790378 0.09450171821305836 0.08621420389461629
0 0.8960309278350514 0.6848052691867125 0.10053837342497136 0.09487972508591061
0 0.7423396334478809 0.17075887743413518 0.09659221076746823 0.08826460481099654
0 0.5965664375715921 0.5389404352806414 0.12754295532646023 0.10550973654066435
0 0.1511111111111111 0.2742067583046965 0.10389461626575021 0.0971649484536083
0 0.29579037800687286 0.9154066437571594 0.13820160366552103 0.124856815578465
0 0.4474026345933562 0.5367668957617412 0.11530927835051534 0.11489690721649484
0 0.8992955326460481 0.5484249713631156 0.11474226804123726 0.10647193585337911
0 0.45050687285223373 0.15704180985108818 0.10857388316151187 0.10264032073310421
0 0.5869072164948453 0.8064490263459336 0.11596792668957612 0.09947308132875153
0 0.44880297823596804 0.27995131729667816 0.09815578465063012 0.0946219931271478
0 0.7440378006872852 0.2957903780068728 0.09781214203894621 0.0991408934707904
0 0.2920103092783505 0.7820160366552118 0.1404925544100803 0.13321878579610538
0 0.14560710194730814 0.8052920962199314 0.10420389461626578 0.10453608247422692
0 0.29365120274914086 0.6639747995418098 0.10525200458190148 0.09392898052691871
0 0.30310137457044667 0.14506013745704469 0.08621420389461643 0.07792096219931272
0 0.1505698739977091 0.14506013745704469 0.08621420389461625 0.07461053837342498
0 0.1501030927835052 0.4027920962199313 0.11061855670103099 0.0986998854524628
0 0.8892439862542956 0.9373310423825888 0.10483390607101942 0.09539518900343642
0 0.8949713631156931 0.4247651775486827 0.09947308132875153 0.08289805269186719
0 0.7462485681557846 0.4233390607101947 0.10166093928980524 0.09066437571592206
0 0.15025773195876296 0.9352548682703321 0.11620847651775493 0.11116265750286378
0 0.8949856815578464 0.16661225658648338 0.0928465063001142 0.09118556701030925
0 0.7496134020618557 0.6880383734249712 0.11961626575028629 0.11994845360824746
0 0.29332760595647195 0.5340778923253149 0.10922107674684983 0.09931271477663232
0 0.5947136311569301 0.15817010309278348 0.09652920962199306 0.09419816723940432
