0 0.6883874923359901 0.21762109135499694 0.098074800735745 0.0866830165542612
0 0.5486419374616799 0.5863948497854077 0.10083997547516853 0.09014101778050294
0 0.5463151440833844 0.4529981606376456 0.10121397915389324 0.09017780502759043
1 0.6098007357449419 0.8785407725321889 0.25201103617412646 0.09589209074187609
0 0.6901164929491109 0.34748620478234216 0.08746781115879813 0.08087063151440835
0 0.6985744941753524 0.4817381974248927 0.08998773758430423 0.0858553034947885
0 0.5498467198038014 0.3390282035561006 0.09129368485591674 0.09129981606376454
0 0.5487768240343348 0.19886879215205394 0.08059472716125096 0.0763151440833844
0 0.7008614347026364 0.8853985285101164 0.09022072348252641 0.07987124463519317
0 0.6905671367259351 0.6247363580625384 0.09761496014714896 0.0922930717351319
0 0.6964224402207236 0.7485836909871244 0.09317596566523637 0.08430410790925809
