1 0.5291525423728815 0.5917454020915976 0.10362062747926419 0.14389469888207715
1 0.6022268301478543 0.8526577713667507 0.08873061666065636 0.2939632167327804
1 0.9145690587811035 0.5856797692030293 0.07400649116480346 0.14398124774612325
1 0.6233970429138117 0.5898070681572305 0.0936386584926074 0.14196538045438148
1 0.17731878831590336 0.5949350883519654 0.15484673638658497 0.13928236566895053
1 0.7201821132347638 0.5895636494771006 0.08646592138478179 0.1409592499098448
1 0.3506382978723404 0.5953948791922106 0.12585647313379003 0.13599711503786507
1 0.265941218896502 0.595079336458709 0.13970068517850698 0.13512802019473497
1 0.43608186080057704 0.598667508113956 0.10702127659574477 0.12837720879913464
1 0.8197926433465561 0.8482780382257483 0.09001442481067434 0.3027226830147855
1 0.816076451496574 0.5923296069239092 0.07516768842408925 0.1319725928597188
1 0.708184276956365 0.8521366750811395 0.08977641543454726 0.2950054093040028
1 0.9206797692030292 0.8537143887486477 0.08638658492607289 0.2918499819689866
