0 0.9139483394833947 0.1819372693726937 0.11328413284132846 0.10612546125461252
1 0.30995694956949577 0.2721463714637147 0.1753628536285362 0.14523985239852402
1 0.7545940959409595 0.813410209102091 0.10645756457564569 0.23009225092250946
0 0.9320264452644527 0.33047970479704797 0.10910824108241077 0.10731857318573197
1 0.9194372693726937 0.6884901599015989 0.11504920049200494 0.2172140221402214
0 0.4277429274292743 0.4499846248462484 0.10388683886838837 0.09529520295202971
1 0.46771525215252147 0.3964852398523985 0.17944034440344397 0.2060701107011068
0 0.10715867158671587 0.15584563345633454 0.10388683886838873 0.09272447724477245
1 0.4753075030750308 0.6586070110701107 0.15453874538745374 0.195750307503075
1 0.6235977859778599 0.5445971709717098 0.14681426814268117 0.20347478474784744
0 0.10235239852398521 0.5778198031980318 0.09272447724477244 0.08327798277982783
0 0.5751476014760147 0.18815190651906516 0.09959409594095943 0.0935854858548586
0 0.7565559655596557 0.46785055350553495 0.1116113161131611 0.10388068880688793
0 0.566260762607626 0.05752460024600252 0.10388683886838837 0.09701722017220174
0 0.7484009840098401 0.8976045510455105 0.10731857318573187 0.09701722017220167
0 0.4158394833948339 0.04476629766297661 0.11332718327183267 0.08953259532595322
0 0.5911592865928659 0.732890528905289 0.09186346863468627 0.09014760147601479
0 0.5882164821648216 0.6076014760147602 0.10645756457564587 0.09873308733087324
0 0.4286500615006149 0.7262638376383763 0.10130996309963095 0.08757072570725695
0 0.24076260762607618 0.03874538745387454 0.09959409594095926 0.07749077490774908
0 0.08948031980319797 0.03917281672816731 0.09701722017220173 0.07834563345633462
0 0.7466666666666667 0.051266912669126696 0.1116113161131611 0.10253382533825339
0 0.9115559655596556 0.7566943419434194 0.10851168511685104 0.11327798277982784
0 0.26750307503075027 0.5799292742927429 0.09444034440344388 0.08413899138991392
0 0.9109932349323494 0.4868542435424354 0.11805043050430479 0.10791512915129169
0 0.2563437884378843 0.4448862238622386 0.09615621156211544 0.08757072570725699
0 0.25297355473554733 0.3073892988929889 0.09787822878228777 0.09272447724477227
0 0.09782902829028294 0.30960024600246006 0.09616236162361619 0.08842558425584275
0 0.0907718327183272 0.4629766297662976 0.09615621156211555 0.08585485854858539
0 0.12682964329643293 0.8454612546125461 0.09272447724477247 0.08671586715867158
0 0.9205073800738008 0.04684194341943417 0.11327798277982774 0.09368388683886834
0 0.7418234932349324 0.19667281672816725 0.1056027060270603 0.10045510455104557
1 0.7532718327183272 0.4157441574415744 0.11538745387453873 0.17308733087330855
1 0.1622140221402214 0.2664268142681427 0.1946740467404674 0.14094710947109493
0 0.5770571955719557 0.32882841328413276 0.1064637146371464 0.10217097170971705
