0 0.27142625081221566 0.8265334632878493 0.11097465886939573 0.10345029239766082
0 0.4200227420402859 0.9482098765432099 0.11097465886939573 0.10228070175438587
0 0.5730636777128005 0.9440480831708903 0.09826510721247587 0.09953216374268992
0 0.26881416504223515 0.6826283300844704 0.10582846003898631 0.10204678362573115
1 0.04268680961663414 0.7918323586744641 0.08537361923326828 0.4150357374918778
0 0.7278784925276153 0.8228492527615334 0.10250162443144904 0.10250162443144904
1 0.3993762183235868 0.4484957764782327 0.18059779077322935 0.2648667966211827
0 0.2743339831059128 0.9575893437296946 0.09161793372319686 0.08352176738141655
0 0.41747563352826517 0.8139701104613386 0.0982651072124757 0.10015594541910323
1 0.25560428849902533 0.4521247563352826 0.12526965562053274 0.2594282001299543
1 0.3543794671864848 0.12995776478232618 0.1721767381416504 0.12230669265756973
1 0.6656497725795971 0.7863872644574399 0.19320987654320956 0.13606237816764105
1 0.3993762183235868 0.4484957764782327 0.18059779077322935 0.2648667966211827
0 0.4127485380116959 0.6734957764782327 0.10015594541910318 0.10519818063677726
0 0.40834307992202734 0.1361728395061728 0.11024041585445088 0.10519818063677717
