0 0.7549741676234213 0.6689207807118255 0.11052238805970137 0.10153846153846159
0 0.9026607347876004 0.42373708381171066 0.09970723306544191 0.08308840413318026
0 0.8985074626865671 0.3040901262916188 0.09471871412169924 0.08641216991963258
0 0.899336969001148 0.16699483352468428 0.09305970149253708 0.09139494833524683
0 0.7553559127439724 0.5420206659012629 0.10014925373134335 0.09104477611940306
0 0.9022646383467279 0.8194489092996555 0.10729621125143508 0.09772675086107918
0 0.7506171067738233 0.42528989667049366 0.09583811710677403 0.08753731343283577
0 0.45053386911595866 0.41148392652123994 0.09838117106773833 0.08936280137772672
0 0.5965011481056258 0.4229908151549942 0.09725028702640637 0.10074626865671639
0 0.9126923076923078 0.5453559127439725 0.09693455797933426 0.09001148105625723
0 0.7493628013777268 0.2991561423650976 0.0953960964408724 0.08733639494833528
0 0.9026119402985074 0.9454936854190584 0.1030424799081516 0.09959816303099868
0 0.44736796785304245 0.5353185993111366 0.10759471871412188 0.10444890929965557
0 0.7496699196326062 0.1681659012629162 0.09015499425947164 0.0824971297359357
0 0.9077411021814006 0.6810505166475317 0.10610218140068864 0.10047072330654419
0 0.44236509758897813 0.6748048220436281 0.09827784156142351 0.09872560275545354
0 0.602235935706085 0.5498765786452354 0.12249712973593561 0.10908725602755456
0 0.5948478760045923 0.9429965556831229 0.11150975889781864 0.10436280137772663
0 0.6084730195177958 0.28714121699196327 0.10293915040183683 0.10149253731343284
0 0.5993800229621125 0.15818886337543056 0.09474167623421344 0.0937256027554535
0 0.5975373134328358 0.6810505166475316 0.11642939150401838 0.09897818599311119
0 0.45418197474167615 0.15840700344431688 0.10813432835820894 0.10488518943742826
0 0.5929047072330653 0.8089896670493686 0.11152698048220447 0.10107921928817451
1 0.847617680826636 0.9415815154994259 0.17101033295063148 0.09097014925373141
1 0.8392652123995408 0.8185045924225027 0.16498277841561398 0.0878702640642938
0 0.451796785304248 0.2772502870264065 0.09773823191733622 0.09349024110218138
0 0.4492307692307692 0.8010619977037888 0.10282433983926516 0.09684270952927686
