1 0.27076709401709403 0.6978141025641026 0.14443162393162384 0.16346581196581206
1 0.7057051282051283 0.9024508547008547 0.07435042735042748 0.1942435897435898
1 0.6340149572649573 0.9111111111111111 0.0816452991452991 0.17692307692307696
1 0.35995726495726493 0.6924444444444443 0.14622222222222228 0.16107692307692317
1 0.18456196581196582 0.6972158119658121 0.1354829059829059 0.17181623931623927
1 0.08731837606837609 0.7016901709401709 0.1330982905982907 0.18434615384615394
1 0.44705982905982894 0.6945299145299145 0.14622222222222217 0.14974358974358964
1 0.5264038461538462 0.6802136752136752 0.16054273504273517 0.16764102564102557
1 0.6030662393162394 0.6772307692307692 0.16591025641025633 0.15809401709401713
1 0.6767435897435898 0.6766324786324787 0.1760512820512823 0.14974358974358964
1 0.7743632478632477 0.8968846153846155 0.08052991452991445 0.2053760683760683
