1 0.8014804703905921 0.5831709365812683 0.07377992440151192 0.2897354052918941
1 0.10701595968080642 0.3542629147417052 0.1379714405711885 0.14986140277194454
1 0.20094288114237724 0.3518017639647207 0.13445191096178083 0.1477530449391012
1 0.2888912221755566 0.354265014699706 0.1457118857622848 0.13438471230575397
1 0.37437421251574965 0.3518017639647207 0.15204115917681635 0.13508609827803453
1 0.4609155816883662 0.3542629147417051 0.15344813103737914 0.12312473750524978
1 0.542177656446871 0.34371062578748424 0.15837463250734976 0.13578748425031498
1 0.6132381352372952 0.3440634187316254 0.17103737925241483 0.130865182696346
1 0.6839479210415792 0.34546829063418727 0.18159596808063855 0.12664426711465768
1 0.7308777824443511 0.5946535069298613 0.07426291474170517 0.28338513229735396
1 0.6639416211675766 0.6029588408231836 0.0898992020159596 0.29120117597648054
1 0.5774611507769845 0.6093112137757245 0.08599328013439729 0.29511129777404455
1 0.48829063418731633 0.6141978160436792 0.08843343133137335 0.30292734145317085
1 0.3942377152456951 0.6234817303653927 0.08990340193196135 0.3068374632507351
1 0.308779924401512 0.6335405291894163 0.0945611087778245 0.3123897522049561
1 0.19142587148257037 0.6398740025199496 0.09456110877782446 0.3199832003359933
