0 0.2949739884393064 0.2578208092485549 0.09538150289017329 0.09537572254335258
0 0.29664739884393065 0.11642774566473985 0.09203468208092475 0.08366473988439306
0 0.13914450867052022 0.11926589595375718 0.09297109826589578 0.08847398843930634
0 0.5827774566473988 0.24695375722543356 0.09538150289017357 0.09367630057803467
0 0.1425260115606936 0.25347398843930635 0.10077456647398826 0.09689017341040451
0 0.43444508670520227 0.2556618497109826 0.09709826589595381 0.09804046242774556
0 0.5779710982658959 0.11839017341040459 0.08403468208092488 0.07663005780346815
0 0.43470520231213866 0.12145953757225433 0.09033526011560675 0.09037572254335254
0 0.734164739884393 0.26735260115606935 0.10567052023121411 0.10541040462427753
0 0.7172803468208092 0.13168208092485545 0.09202890173410404 0.09342196531791902
