0 0.6636649713922441 0.902027972027972 0.09614113159567735 0.09738080101716456
0 0.36599173553719 0.6462587412587413 0.10354100445009533 0.0998410680228864
0 0.8151335028607756 0.7834488239033693 0.10028607755880484 0.10028607755880484
1 0.3530673871582963 0.420737444373808 0.12256198347107432 0.2538207247298155
0 0.3713922441195167 0.9210108073744436 0.08963763509218055 0.0931849968213605
0 0.5114399237126511 0.7747616020343293 0.09614113159567717 0.0979910998092817
1 0.754249841068023 0.7477749523204068 0.18903369357914784 0.13312142403051466
0 0.5068150031786396 0.6373235855054036 0.0979910998092815 0.1029243483788939
0 0.5025047679593135 0.11161474888747609 0.10785759694850593 0.10292434837889387
1 0.49373172282263206 0.4171869040050859 0.17669421487603315 0.25914176732358557
1 0.49373172282263206 0.4171869040050859 0.17669421487603315 0.25914176732358557
1 0.4497075651621107 0.10553401144310234 0.16845518118245387 0.11966306420851862
