0 0.6438046924540266 0.5704565630944831 0.09713379835129986 0.0934432466708941
0 0.16287888395688016 0.45686112872542806 0.08999365884590986 0.0848319594166138
1 0.18108750792644263 0.48039315155358275 0.1075776791376031 0.12356372859860494
1 0.4835129993658846 0.3512999365884591 0.1055294863665188 0.1388332276474319
1 0.33264426125554847 0.4745053899809765 0.10911857958148384 0.1270450221940393
0 0.6438046924540266 0.5704565630944831 0.09713379835129986 0.0934432466708941
0 0.4830532656943563 0.3202568167406468 0.08913760304375404 0.08360811667723522
0 0.16399809765377302 0.5818294229549777 0.09282815472415973 0.08913760304375395
0 0.32721306277742557 0.5827520608750794 0.10081800887761586 0.09098287888395692
0 0.4879676601141409 0.5766043119847811 0.10634749524413445 0.09589727330374122
0 0.3250602409638555 0.4493532022828155 0.09159162967660117 0.08483195941661385
