0 0.640524492825334 0.5854032657100445 0.10123701138050496 0.09856506679861457
0 0.8792182088075211 0.3780554181098466 0.09143988124690754 0.07921820880752099
0 0.24849084611578426 0.4580405739732806 0.10331519049975245 0.09708065314200888
0 0.38255813953488366 0.6900296882731322 0.10880752102919357 0.11128154379020291
0 0.11308758040573981 0.5709797130133597 0.09772389905987135 0.10049480455220178
0 0.12046016823354778 0.4574220682830282 0.09999999999999995 0.09901039089559627
0 0.3822365165759525 0.5791687283523008 0.10094012864918357 0.09856506679861447
0 0.12055912914398817 0.34277585353785256 0.1040573973280555 0.09920831271647701
0 0.3801583374567047 0.8050470064324592 0.1128154379020287 0.09787234042553204
0 0.11340920336467099 0.6812716476991587 0.105492330529441 0.107619990103909
0 0.24748391885205337 0.686318654131618 0.10879267689262732 0.10900544285007416
0 0.25069272637308265 0.34839188520534387 0.11464621474517556 0.1006432459178624
0 0.12323849579416132 0.24125927758535382 0.10018307768431481 0.09577931716971799
0 0.379985155863434 0.459747649678377 0.1118753092528451 0.10979713013359718
0 0.12129638792676897 0.13430232558139535 0.0834636318654131 0.08527956457199408
0 0.7571350816427511 0.3694903513112321 0.08923305294408712 0.0816031667491341
0 0.3819148936170212 0.34799604156358244 0.11504205838693711 0.10479960415635825
0 0.5127164769915883 0.919495299356754 0.11182582879762495 0.11647699158832256
0 0.760267194458189 0.47419594260267184 0.09163780306778813 0.09297377535873337
0 0.38236021771400297 0.9171944581890153 0.11335972290945102 0.11860465116279073
0 0.5137060860959921 0.8104403760514597 0.10578921326076181 0.09460663038099949
0 0.7622216724393865 0.5815437902028698 0.09455714992577931 0.10054428500742206
0 0.3772018802572983 0.24951756556160315 0.09883720930232559 0.08735774369124194
0 0.11382978723404254 0.9131123206333497 0.11345868381989102 0.11677387431964373
0 0.5124443344878772 0.6981939633844632 0.10633349826818414 0.10277090549233062
0 0.7646462147451757 0.7093023255813954 0.08822365165759537 0.09025235032162296
0 0.3762345373577436 0.14085353785254826 0.08636318654131618 0.0897921820880752
0 0.5138050470064324 0.5794408708560119 0.10173181593270654 0.1001979218208807
0 0.2503414151410193 0.25021771400296877 0.10287976249381496 0.09152894606630373
0 0.7582879762493815 0.2619445818901534 0.0953983176645226 0.10013854527461652
0 0.510761999010391 0.364200890648194 0.09000494804552171 0.07902028698664026
0 0.764200890648194 0.815536862939139 0.10227610094012886 0.09510143493320135
0 0.7606605640771895 0.14374567046016823 0.09380999505195453 0.10281048985650666
0 0.5023998020781792 0.26535131123206335 0.09451756556160318 0.09160316674913413
0 0.11209797130133607 0.7971796140524493 0.11108362196932212 0.10539336961900045
0 0.890277090549233 0.9338446313706087 0.09703117268678892 0.09223156853043055
0 0.7617268678871846 0.9227610094012865 0.10722414646214763 0.10648193963384463
0 0.504490351311232 0.14925531914893617 0.08498268184067292 0.07971796140524492
0 0.253703612073231 0.1354502721425037 0.09266204849084614 0.08822859970311725
0 0.8891637803067788 0.8112815437902029 0.09411182582879755 0.09203364670954986
0 0.6319643740722413 0.15014844136566055 0.09054923305294403 0.09119247897080654
0 0.6411528946066303 0.9220336467095496 0.10445324096981713 0.10737258782780794
0 0.6291588322612568 0.2655714992577932 0.08923305294408684 0.08552201880257297
0 0.8888792676892628 0.7021227115289461 0.09923305294408691 0.10579910935180617
0 0.6412666996536368 0.8132360217714002 0.10272142503711061 0.09623948540326553
0 0.8747402276100941 0.16865413161801088 0.08960910440376034 0.07941613062840179
0 0.8822365165759526 0.6009896091044038 0.09866402770905477 0.08946066303809995
0 0.8812469074715487 0.48651657595249875 0.08936170212765984 0.08693715982187032
0 0.6391934685799109 0.7082731321128155 0.0963879267689264 0.09228104898565075
0 0.637921820880752 0.36869866402770907 0.09009401286491858 0.07853537852548244
0 0.8748787728847104 0.27320633349826823 0.07714002968827306 0.06813458683819888
0 0.6417367639782285 0.4672934190994557 0.10841167738743192 0.10519544779811976
