0 0.17706033376123234 0.46243260590500634 0.09109114249037216 0.08586649550706031
0 0.5011392811296533 0.32416238767650835 0.09022464698331206 0.08462772785622591
1 0.6554621309370989 0.22118100128369703 0.12170731707317073 0.145609756097561
0 0.6569576379974326 0.18347240051347882 0.1067779204107828 0.0940821566110398
0 0.17819319640564826 0.5889249037227214 0.09396020539152752 0.09022464698331197
0 0.3433985879332478 0.5898587933247753 0.10204749679075754 0.09209242618741988
0 0.6638510911424904 0.5774133504492939 0.09831835686777916 0.09458279845956363
1 0.34889602053915275 0.4802920410783055 0.11044929396662388 0.12859435173299102
1 0.501604621309371 0.355584082156611 0.10681643132220814 0.14052631578947372
0 0.9678626444159178 0.30480744544287547 0.06299101412066745 0.08885750962772787
1 0.958157894736842 0.35110397946084726 0.08240051347881903 0.15605905006418488
1 0.19549101412066755 0.48625160462130934 0.10888960205391535 0.12507060333761236
1 0.18863286264441592 0.34692233632862646 0.12096277278562245 0.13963414634146337
1 0.8157637997432607 0.47272464698331196 0.11200256739409503 0.15053273427471117
0 0.16698010269576385 0.3077214377406932 0.08661745827984599 0.07915275994865222
0 0.5061136071887035 0.5836360718870347 0.10764441591784338 0.09706675224646981
0 0.6638510911424904 0.5774133504492939 0.09831835686777916 0.09458279845956363
0 0.8260686777920412 0.43464377406931964 0.09677150192554562 0.08691270860077022
0 0.34121951219512203 0.45483311938382537 0.0927086007702183 0.08586649550706031
