0 0.33922375864236326 0.606891891891892 0.10236957888120674 0.09871150219987444
0 0.63352922690132 0.8597674418604653 0.0950534255185421 0.09627906976744165
0 0.47845380263984916 0.5980578252671276 0.09688246385920794 0.10175989943431804
1 0.4655185417976117 0.38041169076052805 0.17469516027655574 0.25620993086109367
1 0.4655185417976117 0.38041169076052805 0.17469516027655574 0.25620993086109367
0 0.4741923318667505 0.07829666876178501 0.10663733500942796 0.1017598994343181
1 0.09682275298554373 0.7441829038340665 0.11675047140163419 0.4048334380892521
0 0.48302639849151485 0.733940917661848 0.09505342551854182 0.09688246385920803
1 0.32644563167818985 0.3839220615964802 0.12117536140791949 0.25094908862350707
1 0.4219924575738529 0.07228472658705216 0.16654934003771207 0.11830923947203004
