1 0.6595497901564288 0.6240118275467379 0.09906905761159875 0.15019839755818387
1 0.7619477298740938 0.6230827928271652 0.09148035101106444 0.15047691720717277
1 0.9639965661961083 0.8725677222434185 0.07124380007630667 0.2541014879816863
1 0.5598397558183899 0.6260625715375812 0.1096299122472338 0.15223960320488372
1 0.4613716138878291 0.6305036245707745 0.1132277756581458 0.14158718046547128
1 0.8673349866463184 0.8773178176268599 0.09523464326592919 0.24460129721480348
1 0.8634032811903853 0.6222644028996566 0.07952689813048443 0.14845860358641738
1 0.3709729111026326 0.6279263639832124 0.1331552842426554 0.14787867226249515
1 0.2813639832125143 0.6295898512018314 0.14780236550934756 0.1429645173597864
1 0.758584509729111 0.8725581838992751 0.08878290728729497 0.2541205646699732
1 0.1820869896985883 0.6294372376955362 0.17485692483784815 0.14735978634109112
1 0.6371518504387638 0.8659290347195726 0.09387638305990084 0.26737886302937797
1 0.5194276993513927 0.8758718046547118 0.10050362457077448 0.24749332315909953
1 0.9640385349103395 0.622972148035101 0.07115986264784437 0.14567722243418543
1 0.41239603204883635 0.8758718046547118 0.09719191148416632 0.24749332315909953
1 0.12796642502861502 0.8753147653567339 0.0927127050743991 0.24860740175505533
1 0.3238286913391835 0.8867226249523084 0.08367417016405956 0.2257916825639068
1 0.2191377336894315 0.8709652804273178 0.09938191529950395 0.25730637161388775
