0 0.05101326899879375 0.2697376357056695 0.09428226779252108 0.08555488540410137
0 0.05188781664656211 0.13268395657418577 0.09951749095295537 0.08729794933655007
0 0.04801869722557298 0.4068636911942099 0.09603739445114597 0.09808202653799754
0 0.5232509047044632 0.29236127864897465 0.09846803377563322 0.09474668275030158
0 0.5257870928829915 0.42635705669481305 0.09000603136308807 0.08053075995174912
0 0.525618214716526 0.5557870928829916 0.10320265379975879 0.09643546441495783
0 0.6848220747889022 0.8415410132689988 0.09474668275030168 0.0893305186972255
0 0.6943003618817853 0.5696592279855247 0.10692400482509032 0.09846200241254528
0 0.6976839565741857 0.2915138721351025 0.09271411338962593 0.08628468033775631
0 0.6821682750301568 0.16410735826296743 0.09602533172496981 0.09428226779252111
0 0.20551869722557298 0.5464716525934862 0.12044632086851614 0.11875753920386012
0 0.21028347406513861 0.406151990349819 0.12792521109770802 0.12026537997587447
0 0.20765379975874546 0.2737123039806996 0.10168878166465613 0.10221351025331724
0 0.2055367913148372 0.14228287092882994 0.10299155609167668 0.09952352231604346
0 0.5270114595898672 0.15049758745476477 0.11530156815440304 0.10980096501809411
0 0.6846260554885405 0.7045325693606754 0.1100241254523523 0.09941495778045836
0 0.687183353437877 0.42812424607961397 0.10355850422195398 0.10474065138721345
0 0.8479493365500604 0.1666767189384801 0.11037394451145965 0.09813027744270207
0 0.8378709288299155 0.2990922798552473 0.10047044632086835 0.09975271411338965
0 0.838419782870929 0.435313630880579 0.10591073582629665 0.10379975874547641
0 0.0520205066344994 0.8238841978287094 0.1040410132689988 0.12786489746682758
0 0.8393516284680338 0.6972165259348613 0.11392641737032595 0.09817249698431851
0 0.8462907117008445 0.8389234016887815 0.1379372738238841 0.13442098914354636
0 0.051688781664656236 0.6852533172496985 0.10337756332931247 0.12394451145958983
0 0.36878769601930034 0.14840168878166465 0.11176115802171264 0.10476477683956573
0 0.3652895054282267 0.2767189384800965 0.1152593486127864 0.10651387213510254
0 0.052382388419782884 0.5449638118214717 0.10476477683956577 0.11501809408926403
0 0.36354041013269 0.4067852834740652 0.12575392038600725 0.11875753920386012
0 0.20814234016887825 0.9579915560916766 0.12569360675512672 0.082810615199035
0 0.36351025331724973 0.5473462002412545 0.12919179734620045 0.12400482509047042
0 0.20464414957780455 0.8310615199034982 0.12569360675512675 0.12569360675512656
0 0.3643848009650182 0.6870024125452353 0.12744270205066358 0.13443908323281073
0 0.35741857659831133 0.953648974668275 0.12750301568154404 0.09149577804583829
