1 0.418045540796964 0.08643896268184692 0.11901328273244803 0.17287792536369384
0 0.8575743200506009 0.5570493358633776 0.09382036685642002 0.09320050600885518
0 0.7630360531309297 0.31527197975964577 0.08829854522454134 0.08653383934218842
1 0.9252182163187855 0.08041113219481341 0.12633776091081583 0.159291587602783
1 0.9170303605313093 0.4187539531941809 0.13862745098039211 0.18101201771030975
0 0.9513978494623657 0.13469955724225177 0.09593927893738129 0.09448450347881097
1 0.8477134724857684 0.4986685641998735 0.11302340290955105 0.19249209361163816
1 0.7342473118279569 0.7189753320683112 0.11743833017077786 0.22163187855787486
0 0.20783997469955717 0.3296805819101834 0.09013915243516761 0.08707779886148002
0 0.8398576850094875 0.2282953826691967 0.0865338393421885 0.09094876660341551
0 0.676315623023403 0.22727703984819736 0.08768500948766604 0.08339658444022763
0 0.5012302340290955 0.5474984187223276 0.08564832384566747 0.08300442757748257
1 0.6063820366856421 0.11132194813409235 0.10246679316888038 0.14532574320050615
0 0.5119829222011385 0.22973118279569885 0.09013915243516744 0.08462365591397843
0 0.2952182163187855 0.24475332068311192 0.09197975964579364 0.08400379506641364
1 0.3391113219481341 0.4774762808349145 0.11125237191650847 0.20838709677419356
1 0.7342599620493359 0.1021283997469956 0.12386464263124633 0.15759013282732437
0 0.9455660974067047 0.47457621758380786 0.08952561669829213 0.09013915243516744
1 0.2300600885515496 0.25805186590765333 0.11213788741302974 0.20397216951296637
0 0.7594022770398482 0.15369702719797596 0.08585072738772927 0.07726122707147368
0 0.4129285262492093 0.6402087286527515 0.08741302972802034 0.08476913345983558
1 0.5982258064516129 0.7459044908285896 0.10692599620493366 0.22604048070841232
1 0.6711163820366857 0.8037381404174573 0.11302340290955097 0.23399114484503478
0 0.0639120809614168 0.2461764705882353 0.08167615433270074 0.07947501581277666
0 0.41637254901960774 0.48586654016445285 0.09271979759645803 0.08564832384566756
0 0.7524225173940543 0.8051075268817204 0.08314990512333977 0.08167615433270087
0 0.9365433270082226 0.6432574320050601 0.08564832384566756 0.0892726122707146
1 0.07895951929158762 0.1729601518026566 0.08248576850094867 0.1942567994939911
0 0.4107242251739405 0.1492220113851992 0.08653383934218879 0.08838709677419355
0 0.5947596457938014 0.8242156862745098 0.09013915243516772 0.08891208096141665
1 0.4331499051233396 0.40595509171410504 0.12273244781783682 0.21015180265654654
0 0.674291587602783 0.8940733712839973 0.08211891208096143 0.07505376344086058
0 0.3326249209361163 0.5442947501581278 0.08584440227703975 0.09075268817204311
0 0.5939437065148641 0.3064452877925363 0.08564832384566719 0.08652751423149907
0 0.6756198608475648 0.3978304870335231 0.08653383934218842 0.08388361796331455
0 0.5993611638203667 0.15982605945604045 0.08584440227703975 0.08462365591397847
0 0.5618342820999368 0.48926312460468063 0.08584440227703975 0.08283997469955744
