0 0.6982567164179104 0.3383582089552239 0.08517014925373118 0.07874626865671643
0 0.7087194029850746 0.8621402985074627 0.08785074626865698 0.0777731343283582
0 0.11369253731343293 0.44068656716417914 0.10369552238805972 0.08641194029850742
0 0.1093731343283581 0.31625373134328355 0.09850746268656715 0.08986865671641786
0 0.11023582089552236 0.17367462686567164 0.0967820895522386 0.0950507462686567
0 0.2735522388059702 0.9671791044776119 0.09505671641791036 0.06444776119402985
0 0.264910447761194 0.853731343283582 0.08813731343283586 0.08641194029850734
0 0.2649134328358209 0.702510447761194 0.09159402985074631 0.08468656716417917
0 0.2692298507462687 0.5642507462686567 0.08641194029850734 0.08468059701492532
0 0.6965731343283581 0.21190447761194028 0.09549850746268665 0.08440597014925373
0 0.7064925373134329 0.46908358208955225 0.08762388059701512 0.08360000000000001
0 0.25920000000000004 0.4379104477611941 0.09931940298507469 0.08265074626865676
0 0.2605910447761194 0.29897014925373133 0.096776119402985 0.09331940298507456
0 0.6986955223880598 0.6083253731343284 0.09505074626865676 0.08986865671641805
0 0.2717731343283582 0.1555164179104478 0.08820298507462705 0.08820298507462689
0 0.5606298507462687 0.19364477611940298 0.07847761194029869 0.074310447761194
0 0.5727701492537314 0.8569850746268656 0.09004179104477628 0.08222089552238802
0 0.7043970149253733 0.7289194029850746 0.09072835820895545 0.08208955223880603
0 0.569668656716418 0.9675134328358209 0.09401194029850757 0.06377910447761194
0 0.5616716417910448 0.3301223880597015 0.08889552238805982 0.08890149253731339
0 0.5651432835820895 0.44367761194029853 0.08473432835820878 0.08265074626865672
0 0.5595880597014926 0.7232238805970149 0.0805611940298508 0.08334328358208958
0 0.1177940298507463 0.9651134328358209 0.0946925373134329 0.06857910447761197
0 0.11085970149253734 0.8480537313432837 0.09837611940298491 0.08774925373134326
0 0.40518507462686565 0.32019402985074624 0.1035044776119403 0.08611940298507466
0 0.4079731343283582 0.4507731343283582 0.09236417910447767 0.08471044776119398
0 0.11410149253731336 0.7027074626865671 0.09924776119402971 0.09616119402985072
0 0.5616029850746268 0.5853492537313434 0.09598208955223847 0.09234626865671643
0 0.11856417910447763 0.5696059701492537 0.1147044776119401 0.10817910447761186
0 0.40638507462686563 0.587644776119403 0.0979044776119404 0.09444179104477612
0 0.419576119402985 0.7223791044776119 0.09097313432835832 0.0861074626865671
0 0.42239104477611933 0.8446358208955225 0.08562985074626857 0.0879104477611941
0 0.41954925373134333 0.9614567164179105 0.09759402985074617 0.07589253731343286
0 0.4027611940298507 0.2014268656716418 0.08473432835820911 0.07500895522388061
