0 0.30403196066379845 0.048027043638598645 0.12870313460356486 0.09605408727719729
1 0.13404118008604796 0.5537154271665643 0.11763368162261849 0.20850030731407487
0 0.12436078672403199 0.6174370006146281 0.11500307314074967 0.11082974800245855
1 0.2962077443146896 0.6957160417947141 0.1279287031346035 0.21450522433927474
0 0.12854025814382297 0.1759496004917025 0.12572218807621374 0.10963736939151819
0 0.3007498463429625 0.3480823601720958 0.11976644130301176 0.11321450522433914
0 0.30550092194222495 0.20448063921327597 0.1197664413030118 0.10725261216963738
0 0.135381069452981 0.04177012907191152 0.12155500921942228 0.08354025814382304
0 0.13091579594345423 0.32486785494775666 0.1221511985248923 0.12154886293792252
0 0.4765396435156732 0.18544867854947752 0.12572833435771363 0.12155500921942225
0 0.12375537799631216 0.7634388444990782 0.10308543331284588 0.10368162261831593
0 0.29803318992009836 0.7598709280885064 0.11202212661339905 0.1144068838352797
