0 0.18807835820895524 0.8261807036247335 0.09353411513859292 0.08474946695095943
0 0.3379450959488273 0.6915644989339019 0.09456823027718543 0.09353411513859256
0 0.6342270788912581 0.9380890191897655 0.09643923240938201 0.09001599147121535
1 0.7294349680170575 0.6827931769722815 0.18362473347547967 0.1064712153518123
0 0.47799840085287854 0.6982702558635395 0.0883422174840086 0.09045309168443504
0 0.18808102345415784 0.6889792110874201 0.09043710021321953 0.0883635394456289
0 0.04300906183368867 0.6933742004264392 0.08601812366737734 0.09508528784648203
0 0.043784648187633314 0.8264418976545842 0.08756929637526663 0.09663646055437114
0 0.32648187633262254 0.9419696162046909 0.08185501066098107 0.0874360341151387
0 0.7932356076759063 0.6969776119402985 0.09376332622601302 0.08572494669509598
0 0.3322574626865672 0.8176545842217484 0.09146588486140733 0.08940298507462682
0 0.4738512793176972 0.8215298507462686 0.0883635394456289 0.08888059701492536
0 0.4827505330490404 0.9550586353944562 0.1004584221748402 0.08881663113006398
0 0.0426599147121535 0.9556716417910447 0.085319829424307 0.08744136460554361
0 0.18218017057569297 0.9504024520255865 0.08619402985074617 0.0837153518123666
