1 0.3679800121138705 0.539945487583283 0.1230950938824955 0.2216232586311327
1 0.35641126589945504 0.10707147183525134 0.12188370684433678 0.17652937613567535
1 0.037604482132041206 0.17709267110841917 0.07520896426408241 0.18994548758328297
1 0.6031556632344033 0.3296002422774077 0.10958207147183532 0.18519685039370093
1 0.5307116898849182 0.2529497274379165 0.10592973955178674 0.16559660811629323
1 0.6737764990914596 0.257213809812235 0.12419745608721983 0.1668079951544519
0 0.6063930950938824 0.39217443973349486 0.09230163537250138 0.08948516050878241
0 0.03001817080557235 0.2319563900666263 0.0600363416111447 0.09301029678982431
0 0.35217746820109036 0.15162931556632345 0.10062386432465181 0.10484554815263485
0 0.35695336159903085 0.6102574197456088 0.0965354330708662 0.09159903089036953
0 0.5257116898849182 0.30832525741974565 0.08032707450030292 0.07821320411871599
0 0.6898909751665657 0.30656571774682 0.0859600242277405 0.0887825560266505
0 0.7663446396123562 0.22447304663840095 0.0866686856450637 0.08384615384615374
0 0.8713325257419746 0.13569049061175043 0.07680193821926083 0.07821320411871585
0 0.8590036341611144 0.6303391883706845 0.08596608116293147 0.08807995154451849
0 0.9287613567534826 0.5471926105390674 0.0817383403997579 0.08526347668079952
1 0.8417625681405209 0.08701090248334342 0.12213204118715933 0.15736523319200485
1 0.7310054512416716 0.17502422774076318 0.12906117504542705 0.17046032707450035
1 0.8349878861296185 0.561244700181708 0.1241974560872201 0.20333737129012697
1 0.8940430042398546 0.4784524530587523 0.12540884312537873 0.19359781950333121
