0 0.33067220052083335 0.9224137369791666 0.09770507812500004 0.08997721354166693
0 0.13650227864583336 0.21079915364583335 0.08444986979166677 0.080283203125
0 0.3035058593749999 0.21023111979166667 0.09050781249999995 0.08444661458333332
0 0.4515738932291667 0.26949707031250003 0.09202148437500005 0.07649414062500007
1 0.08370605468749999 0.7667350260416668 0.12165039062500002 0.34960286458333323
1 0.3056656901041666 0.7752115885416666 0.12438476562500003 0.34582682291666655
0 0.06324055989583333 0.9203678385416666 0.10088216145833338 0.09315755208333325
1 0.4324072265625 0.39640462239583335 0.11025065104166658 0.304365234375
1 0.13793619791666667 0.33657389322916664 0.1017708333333333 0.29775716145833336
1 0.2967106119791667 0.3360986328125 0.09706705729166668 0.308134765625
