0 0.32167034787410276 0.5704307012700166 0.09636112644947556 0.08864715626725561
0 0.3280922142462728 0.7043677526228602 0.08607951408061838 0.08543346217559342
0 0.3313059083379349 0.8341275538376588 0.09378796245168408 0.08929320817228063
0 0.18827443401435665 0.7115350635008283 0.08414688017669791 0.08029817780231924
0 0.03846217559359468 0.5970900055218111 0.07692435118718936 0.08928768636112644
0 0.18644947542794035 0.8302733296521259 0.09057979017117601 0.08286581998895615
0 0.18980121479845394 0.45349254555494206 0.0963556046383214 0.08993373826615121
0 0.04802043070127003 0.9737990060739923 0.07451684152401991 0.051297625621203706
0 0.038230259525124245 0.4682440640530094 0.07646051905024849 0.08736609607951398
0 0.19012424075096634 0.582457205963556 0.08929320817228054 0.08864715626725561
0 0.04134180011043623 0.7290281612368857 0.08268360022087246 0.08030922142462706
0 0.04641082274986193 0.8649613473219214 0.08800662617338494 0.08414688017669777
0 0.3264881281060188 0.46283268912203185 0.08287134180011038 0.07644395361678631
