0 0.6298825010490978 0.035421737305916925 0.09912715065044048 0.07084347461183385
0 0.26088753671842213 0.4812400335711288 0.1797859840537137 0.17006714225765832
0 0.07335081829626525 0.47698489299202695 0.1467016365925305 0.16399076793957212
0 0.6277444397817878 0.48305916911456154 0.17006714225765845 0.1567016365925304
0 0.7965946286193875 0.4873122114981117 0.14091061686949244 0.160348300461603
0 0.076995383969786 0.15021821233738986 0.153990767939572 0.15670163659253047
0 0.07820814099874104 0.3148174569869912 0.1564162819974821 0.15305916911456144
0 0.2596726814939152 0.3148174569869912 0.17006294586655468 0.15305916911456144
0 0.2572429710449014 0.15264582459085183 0.17006294586655468 0.15913134704154425
0 0.4400650440621066 0.31785354595048265 0.16399076793957193 0.15670583298363408
0 0.6295656735207721 0.16600923206042803 0.1737096097356272 0.15427612253462028
0 0.626527486361729 0.32331934536298784 0.17006714225765837 0.14334032731850602
0 0.8020625262274443 0.32271296684851025 0.14698699118757866 0.1518464120856064
0 0.8014540495174152 0.19334032731850606 0.08989089383130511 0.08503566932438096
0 0.7975178346621905 0.04489718841796055 0.09328997062526244 0.0897943768359211
0 0.44256609315988255 0.04125262274443978 0.10932857742341595 0.08250524548887957
1 0.07881661770877044 0.8400188837599665 0.15763323541754087 0.31912295425933684
