1 0.8085575048732944 0.1271117608836907 0.15021442495126705 0.1665432098765432
1 0.9545484080571801 0.20376218323586745 0.0896036387264458 0.19502274204028594
1 0.5979337231968811 0.1178622482131254 0.1665367121507471 0.17633528265107204
0 0.7170630279402209 0.2748927875243665 0.08692657569850534 0.08012995451591937
1 0.7127712800519818 0.11078622482131255 0.15674463937621827 0.1600129954515921
0 0.8300714749837557 0.2726250812215725 0.08920077972709556 0.08163742690058484
0 0.4847270955165692 0.2677128005198181 0.10703703703703707 0.10613385315139716
1 0.912511371020143 0.10806367771280047 0.14477582846003897 0.1589213775178687
0 0.9404353476283301 0.2726250812215725 0.09524366471734892 0.08920077972709556
0 0.5435867446393763 0.1794996751137102 0.0907082521117609 0.09373619233268368
0 0.6562118258609487 0.1606010396361274 0.08163742690058474 0.08315139701104617
0 0.7567478882391164 0.18365497076023393 0.07861598440545797 0.07786224821312533
0 0.6031059129304743 0.26902858999350227 0.09524366471734892 0.09443144899285259
0 0.8735347628330085 0.16929174788823909 0.08239116309291761 0.08088369070825215
