0 0.5701168224299065 0.10743574766355142 0.09175233644859809 0.08766355140186913
0 0.5826168224299065 0.24156249999999996 0.11160046728971981 0.10652453271028041
0 0.42791471962616817 0.1080023364485982 0.09297897196261672 0.09637850467289721
0 0.2732943925233645 0.25001752336448596 0.09637850467289716 0.09637850467289721
0 0.28449474299065414 0.10645443925233646 0.09299649532710282 0.08454439252336436
0 0.7311594626168224 0.25052278037383174 0.11127920560747664 0.10995911214953272
0 0.4273919392523363 0.24645735981308406 0.09356892523364482 0.08835864485981307
0 0.12837032710280374 0.11797021028037386 0.09739485981308399 0.08847546728971965
0 0.1307418224299065 0.251544976635514 0.10734813084112135 0.10101051401869152
0 0.7143078271028037 0.12255257009345792 0.09299649532710282 0.09440420560747657
