0 0.1691733979536888 0.8315024232633279 0.10754442649434588 0.10023694130317735
0 0.903866451265482 0.9516074313408723 0.0826925148088315 0.08833064081852439
0 0.7640495422724826 0.6960285406569736 0.0913624124932688 0.08926763597199779
0 0.6126548196015079 0.8348976844372643 0.09970920840064632 0.09762520193861067
0 0.4651777059773828 0.8354173397953689 0.10649973074851911 0.10911147011308579
0 0.610304254173398 0.7004684975767367 0.10127625201938593 0.09605815831987095
0 0.7640468497576736 0.8346338179859989 0.09449111470113096 0.08561658589122223
0 0.6129375336564351 0.9603715670436187 0.09459881529348427 0.07817985998922994
0 0.039429186860527744 0.8304577275175014 0.07885837372105549 0.09605815831987068
0 0.3137775982767905 0.8315024232633279 0.10336564351103918 0.10858373721055486
0 0.040471190091545484 0.9564620355411955 0.08094238018309097 0.08599892299407641
0 0.7580883144857297 0.9586510500807756 0.08707592891760893 0.08162089391491652
0 0.915446957458266 0.6986402800215401 0.09553581044695747 0.09449111470113068
0 0.4602154011847065 0.7015105008077543 0.10493268712977931 0.09918686052773303
0 0.9097011308562198 0.8260204631125471 0.09240172320947768 0.09031771674744211
0 0.0378621432417878 0.7043807215939687 0.0757242864835756 0.09553581044695765
0 0.31169089929994626 0.6978567582121702 0.11276252019386111 0.0866558966074313
0 0.46534194938072165 0.9550161550888531 0.10023694130317706 0.08889068389876142
