0 0.9634118727050184 0.276358629130967 0.07195226438188503 0.08858017135862913
0 0.9607558139534883 0.15146266829865362 0.07726438188494493 0.09389228886168913
0 0.9572123623011016 0.04870869033047737 0.08435128518971842 0.0761811505507956
0 0.8205936352509181 0.047643818849449196 0.1053243574051407 0.08549571603427171
1 0.34547429620563025 0.843375152998776 0.14349449204406353 0.3120257037943695
1 0.16716952264381885 0.07023867809057528 0.13883108935128513 0.14047735618115056
1 0.19488984088127298 0.8531181150550795 0.14350061199510403 0.2925397796817625
1 0.5004865361077112 0.8327447980416156 0.15235618115055077 0.3332864137086903
1 0.061569767441860476 0.8460342717258262 0.12313953488372095 0.3067074663402693
1 0.6634730722154223 0.8619767441860465 0.15944308445532454 0.27482252141982855
1 0.8140575275397797 0.8318543451652387 0.1558996328029373 0.33506731946144425
