1 0.7104464603344005 0.4549484169334757 0.08529704731412302 0.1390537175382426
1 0.5940857346140164 0.7208715759516187 0.08753112771255787 0.30276058342226964
1 0.8087104233368908 0.716392742796158 0.08879758093205263 0.3110850231234437
1 0.6149697616506582 0.4551885450017787 0.09237282106012111 0.14004624688722872
1 0.17492173603699754 0.4602472429740306 0.15275346851654217 0.13739950195659895
1 0.3845215225898257 0.7229331198861616 0.09062255425115617 0.2965812877979368
1 0.8050444681607969 0.4576769832799716 0.07415154749199555 0.1301885450017787
1 0.4818374244041266 0.7260227676983281 0.09371398078975456 0.30276058342226975
1 0.5219992885094273 0.4571006759160441 0.10221985058697959 0.14194948416933476
1 0.6986108146567058 0.7213874066168623 0.08856278904304513 0.30584845250800435
1 0.2623461401636428 0.46038954108858055 0.137812166488794 0.13330131625755956
1 0.9082337246531482 0.7205638562789043 0.08521878335112058 0.29797580932052653
1 0.3458982568480968 0.46070081821415865 0.12415510494485942 0.1341586623977232
1 0.4301867662753469 0.46392920668801135 0.10557452863749567 0.12664176449662048
1 0.9022056207755247 0.45111704019921745 0.07300604766986844 0.14203486303806473
