0 0.9549566377585057 0.7583955970647098 0.08875250166777854 0.08691794529686447
1 0.9406270847231487 0.4334356237491661 0.11741160773849227 0.2405870580386923
1 0.8437925283522346 0.43052368245496986 0.17209472981987994 0.23864576384256178
1 0.7260573715810541 0.43537691794529687 0.17849232821881264 0.24963308872581713
1 0.6009472981987992 0.4340827218145431 0.19343562374916606 0.2354102735156772
0 0.510517011340894 0.15724482988659108 0.09545697131420947 0.08769846564376253
0 0.6187791861240827 0.16655770513675788 0.09933288859239493 0.09701134089392933
0 0.5609606404269513 0.0497565043362241 0.10632421614409603 0.09002668445630423
0 0.6637925283522348 0.0633355570380253 0.09002668445630416 0.08924616410940626
0 0.7371314209472982 0.15724149432955306 0.1016677785190128 0.10011340893929283
0 0.7809773182121414 0.0687725150100067 0.09313542361574384 0.09701134089392918
0 0.8562608405603737 0.1564676450967311 0.10865243495663787 0.1109739826551035
0 0.8973882588392261 0.06644429619746499 0.09933955970647115 0.09701134089392918
0 0.9565110073382256 0.15763175450300207 0.08564376250833886 0.0962374916611074
0 0.5450500333555703 0.5220780520346896 0.10244162775183453 0.09856571047364907
0 0.6641794529686458 0.5306137424949967 0.10787858572381587 0.09390260173448954
0 0.7860240160106737 0.5220780520346898 0.10321547698465616 0.09545697131420919
0 0.9132988659106069 0.5251801200800535 0.10011340893929288 0.09080053368912616
0 0.5679452968645764 0.8472548365577053 0.10321547698465654 0.10476984656437618
0 0.6374016010673783 0.7622748498999333 0.09002668445630416 0.08847231487658432
0 0.6917278185456971 0.8546264176117412 0.09312875250166772 0.08691794529686457
0 0.7933955970647099 0.8515243495663776 0.0822681787858572 0.08691794529686447
0 0.7495463642428286 0.7552868579052703 0.08924616410940622 0.08691794529686447
0 0.8492728485657103 0.764599733155437 0.09933288859239503 0.09623082054703137
0 0.9109606404269514 0.8449366244162775 0.09236824549699788 0.09854569713142117
