0 0.7124338282763073 0.19112976113621694 0.08636539703034202 0.07961265332472554
1 0.6577792123950936 0.12671723692704975 0.1790574564234989 0.17836668818592635
1 0.5551420271142673 0.12421562298256945 0.19032278889606202 0.17336346029696575
0 0.48159780503550675 0.18399612653324726 0.10634602969657847 0.10544867656552626
0 0.8247127178825048 0.18887669464170437 0.08862491930277597 0.08111039380245325
0 0.9343641058747579 0.18887669464170437 0.09462879276952868 0.08862491930277598
0 0.5992123950936088 0.18530342156229823 0.09462879276952878 0.09382182052937389
1 0.7653453841187862 0.1306746287927696 0.15629438347320834 0.18174951581665588
1 0.9548063266623629 0.12015816655907036 0.08909619109102651 0.2027824402840543
1 0.8614783731439639 0.12729502905100068 0.1397675919948353 0.1749903163331181
