0 0.13510165864098447 0.9013055109684323 0.08365436062065275 0.07842696629213464
0 0.8485714285714285 0.6592295345104333 0.07917602996254686 0.07544141252006416
0 0.8599224184055645 0.9013804173354735 0.08813804173354749 0.08291064740502936
0 0.5673515248796148 0.773135366506153 0.09186730872124126 0.0851471375066879
0 0.2713269127875869 0.7886543606206529 0.09769930444087742 0.0950080256821831
0 0.7110299625468164 0.6474799357945425 0.08386837881219908 0.08390583199571981
0 0.5804226859283039 0.8821856607811666 0.08963081861958262 0.09337078651685388
1 0.7438469769930445 0.5759604066345639 0.12369181380417328 0.20113429641519515
1 0.8612306046013911 0.597980203317282 0.0971749598715892 0.1740342429106475
0 0.40082932049224185 0.4061717495987159 0.09855537720706257 0.08506688068485817
1 0.5838897806313537 0.4808105939004816 0.13451043338683802 0.1736597110754416
0 0.7104414125200641 0.7662011771000535 0.07728731942215088 0.07365436062065296
1 0.4420920278223649 0.3677394328517924 0.16133761369716423 0.15393793472445147
1 0.8692215088282504 0.8192188336008561 0.090449438202247 0.2098876404494383
1 0.5736623863028357 0.11680845371856603 0.13676297485286257 0.12996789727126806
0 0.4002086677367577 0.5360486891385768 0.08363830925628676 0.07898876404494377
1 0.8542081326912787 0.3553049759229534 0.09643124665596563 0.15909577314071674
0 0.24625735687533443 0.27182718031032643 0.09958801498127348 0.0819529159978598
0 0.5315008025682183 0.15430444087747455 0.080668806848582 0.07394863563402891
1 0.3037586944890316 0.24235420010700912 0.17428036383092563 0.12759764579989302
0 0.8434162653825578 0.4042268592830391 0.08515248796147683 0.08514713750668808
0 0.4196682718031033 0.6492803638309257 0.09501337613697156 0.09232209737827733
0 0.07897538790797218 0.0339887640449438 0.09180845371856607 0.0679775280898876
0 0.5456420545746388 0.5418111289459605 0.08402889245585872 0.08278758694489026
1 0.14185393258426968 0.03212680577849115 0.19100588550026754 0.0642536115569823
