0 0.3434199691199177 0.7579207411219763 0.08561502830674209 0.09280494081317574
0 0.3607745753988678 0.04145908389089035 0.09130725681935148 0.0829181677817807
0 0.06949819866186313 0.5256124549665465 0.09220277920741125 0.08561502830674213
0 0.20301595470921258 0.8800617601646937 0.09580030880082364 0.10118373648996407
0 0.21038085434894493 0.28767627380339683 0.08322182192485841 0.08082861554297474
0 0.35528306742151317 0.15950591868244982 0.08831188883170366 0.08632012352032939
0 0.07165465774575394 0.2927637673700463 0.09041173443129187 0.08442614513638702
1 0.06827586206896545 0.48834534225424603 0.09699433865156977 0.14657231085949554
0 0.20690684508492022 0.5274086464230571 0.08562017498713309 0.0927997941327843
0 0.34311888831703535 0.6414668039114773 0.08262480699948528 0.09100360267627385
0 0.4883118888317035 0.4064668039114771 0.08681420483787973 0.09160576428203822
0 0.21607822954194553 0.038962943901183766 0.087318579516212 0.07792588780236753
0 0.21169840452907884 0.41664179104477617 0.08801852804940813 0.09279979413278434
0 0.2160756562017499 0.16773803396809062 0.09030880082346901 0.08182707153885743
0 0.4784354091610912 0.7519325784868759 0.07903242408646415 0.07963458569222852
0 0.4959984559958827 0.0442382913021101 0.08529593412249095 0.08733401955738551
0 0.35329902213072567 0.40227225939269173 0.08741121976325276 0.08681935151827079
0 0.07138445702521876 0.16799022130725683 0.09529593412249114 0.09330416881111682
0 0.4919943386515697 0.1632475553268142 0.08531652084405557 0.08581574884199691
0 0.06913793103448278 0.042707153885743705 0.09679361811631482 0.08541430777148741
0 0.3497066392177046 0.27953422542460116 0.07903242408646448 0.08442099845599596
0 0.20571024189397835 0.7615131240349975 0.08681935151827073 0.08562017498713347
1 0.18337364899639724 0.7074678332475554 0.1241533710756562 0.1800205867215647
0 0.5005867215645908 0.2933015954709213 0.09699433865156976 0.088013381369017
