1 0.5422164614387558 0.36113739468567735 0.18012961762799753 0.26418016850291653
1 0.39881723914452366 0.3647569669475048 0.12494491250810101 0.25875567077122474
0 0.8698671419313024 0.7345204147764095 0.10223590408295533 0.10223590408295533
0 0.41459818535320797 0.738195074530136 0.11068697342838628 0.10318211276733628
1 0.5422164614387558 0.36113739468567735 0.18012961762799753 0.26418016850291653
0 0.5555541153596889 0.5855541153596889 0.09989630589760196 0.10492546986390161
0 0.4174983797796499 0.8747569669475048 0.09138042773817243 0.09499675955930002
1 0.16883668178872321 0.7060661049902787 0.12038237200259239 0.4174206092028515
0 0.7154536616979911 0.855405055087492 0.09801036941024013 0.09927414128321435
0 0.5628094620868439 0.862952041477641 0.11068697342838628 0.10880751782242361
1 0.4973363577446534 0.05220998055735576 0.17173039533376533 0.10441996111471152
1 0.8077997407647439 0.698152948801037 0.19270900842514543 0.13570965651328548
0 0.5602689565780947 0.7256642903434867 0.09801036941023984 0.09989630589760215
0 0.41199287103046006 0.5946629941672067 0.10555411535968885 0.10178224238496454
0 0.5511600777705769 0.051043421905379124 0.10995463383020088 0.10208684381075825
