1 0.5392751532636134 0.7102632527948071 0.09291020555355202 0.31630724846736374
1 0.43227551388388025 0.6935593220338983 0.08768842408943388 0.33927154706094464
1 0.20126217093400647 0.44359538406058424 0.07400649116480357 0.1439812477461233
1 0.49525604038946985 0.44222683014785436 0.1003353768481789 0.13739271547060936
1 0.7737017670393077 0.43367832672196177 0.1468337540569782 0.1455751893256401
1 0.5886098088712585 0.44076812116840963 0.11201226108907326 0.1359249909844934
1 0.8630418319509557 0.4357248467363866 0.16011900468806364 0.13669311215290295
1 0.9534457266498378 0.7097403534078616 0.09238730616660643 0.31734583483591794
1 0.8534908041831951 0.7097403534078615 0.09917057338622443 0.3152614496934726
1 0.29976559682654164 0.44353407861521815 0.08600072124053361 0.14305805986296433
1 0.7496231518211324 0.7201785070320952 0.08769203029210257 0.28603317706455084
1 0.6859664623151821 0.4367742517129463 0.13599350883519645 0.138092318788316
1 0.39935989902632524 0.4466408222142085 0.09145690587811033 0.1296321673278038
1 0.10648575549945911 0.7125063108546701 0.09001442481067441 0.3153479985575189
1 0.1027695636494771 0.45024522178146414 0.0751676884240893 0.1319725928597187
1 0.6431428056256762 0.7269653804543815 0.09812838081500175 0.27663541291020555
1 0.20737288135593224 0.7167345834835919 0.08638658492607292 0.3020591417237649
1 0.39935989902632524 0.4466408222142085 0.09145690587811033 0.1296321673278038
1 0.31483411467724476 0.7165254237288137 0.09708258204111071 0.3121276595744681
