0 0.7975841836734694 0.7600204081632653 0.08487244897959173 0.09200000000000015
0 0.6622551020408164 0.5315076530612245 0.08487755102040803 0.09199489795918366
0 0.3881811224489795 0.17569897959183675 0.10090306122448983 0.10337755102040823
0 0.3927040816326531 0.9043239795918367 0.08475510204081649 0.07977040816326514
0 0.5257423469387754 0.646061224489796 0.08843367346938778 0.09200000000000005
0 0.24473724489795912 0.17198979591836736 0.09793367346938767 0.1028775510204082
1 0.5248265306122448 0.4927831632653061 0.09615306122448973 0.1453010204081632
0 0.24276020408163274 0.04536734693877555 0.10683673469387762 0.08210204081632656
0 0.11713520408163255 0.6511862244897958 0.09401530612244899 0.08760714285714294
0 0.5281760204081632 0.2988979591836734 0.08962755102040819 0.0836938775510204
0 0.6713469387755102 0.043635204081632704 0.08656122448979596 0.0845765306122449
0 0.3834795918367348 0.048829081632653024 0.09941836734693889 0.09397448979591838
0 0.3883367346938776 0.2949795918367347 0.09496938775510194 0.09615306122448981
0 0.8073775510204082 0.4074566326530612 0.08665306122448999 0.08606632653061232
1 0.38722193877551025 0.8304617346938777 0.08973979591836731 0.20441326530612267
0 0.6670051020408164 0.4217015306122449 0.08725510204081631 0.09199489795918361
0 0.6583979591836735 0.8811020408163264 0.09496938775510222 0.10030612244897977
0 0.6610688775510203 0.7635816326530612 0.08606632653061232 0.08487755102040823
0 0.10575255102040815 0.049323979591836715 0.1028826530612244 0.08705612244897966
0 0.9448698979591835 0.1705051020408163 0.08457653061224478 0.08507142857142859
0 0.6656989795918369 0.29385459183673474 0.08249999999999985 0.08012755102040812
0 0.9488392857142859 0.052528061224489754 0.08455612244897974 0.08657653061224492
0 0.7972857142857142 0.644576530612245 0.08190816326530606 0.09021428571428576
0 0.941219387755102 0.41161479591836736 0.08606122448979592 0.09081122448979606
0 0.9524005102040816 0.2994311224489796 0.09417857142857163 0.08725000000000005
0 0.8093443877551022 0.16679591836734692 0.08754591836734714 0.08557142857142858
0 0.6589923469387755 0.6457627551020407 0.08309693877551015 0.08428061224489793
0 0.1077321428571429 0.17198979591836738 0.10189285714285727 0.09496938775510207
0 0.9314285714285715 0.7540841836734693 0.07834693877551009 0.07894387755102047
0 0.671344387755102 0.17495663265306127 0.08952551020408173 0.08111734693877551
0 0.8147882653061225 0.04610969387755102 0.09051530612244893 0.08952551020408155
0 0.38952551020408166 0.4133903061224489 0.09259183673469386 0.09793367346938771
0 0.5256811224489797 0.04784183673469387 0.09595408163265293 0.09101020408163271
1 0.11659693877551018 0.5991505102040816 0.0906836734693879 0.16239285714285714
0 0.5279081632653062 0.1752066326530612 0.09446938775510218 0.09249489795918366
0 0.5260382653061225 0.5297270408163266 0.09140306122448986 0.08487244897959183
1 0.11146683673469383 0.3786403061224489 0.0992295918367346 0.1418826530612245
0 0.11292346938775512 0.40940306122448983 0.09743877551020423 0.09002040816326529
0 0.8038163265306121 0.2857831632653062 0.07834693877551037 0.08368877551020418
