0 0.5993611638203667 0.126302972802024 0.08584440227703975 0.08462365591397847
1 0.6061701454775459 0.07544275774826058 0.09898165717900036 0.15088551549652116
1 0.6750885515496522 0.14456672991777353 0.08476280834914615 0.14982922201138524
0 0.0639120809614168 0.21265338393421887 0.08167615433270074 0.07947501581277665
0 0.8398576850094875 0.19477229601518023 0.0865338393421885 0.09094876660341554
0 0.7594022770398482 0.12017394054395951 0.08585072738772927 0.07726122707147368
0 0.676315623023403 0.19375395319418093 0.08768500948766604 0.08339658444022763
0 0.4129285262492093 0.606685641998735 0.08741302972802034 0.08476913345983558
0 0.5012302340290955 0.5139753320683113 0.08564832384566747 0.08300442757748257
0 0.7630360531309297 0.2817488931056293 0.08829854522454134 0.08653383934218846
1 0.23067994939911451 0.22258697027197974 0.11390891840607202 0.1986717267552183
0 0.6756198608475648 0.36430740037950665 0.08653383934218842 0.08388361796331455
0 0.674291587602783 0.8605502846299811 0.08211891208096143 0.07505376344086048
1 0.7366318785578748 0.07442757748260592 0.126268184693232 0.14885515496521184
1 0.5074098671726756 0.44739721695129653 0.10066413662239086 0.19690702087286527
1 0.4266129032258064 0.5246584440227705 0.10860847564832384 0.2278115117014548
1 0.34577798861480075 0.44033206831119537 0.12371283997469942 0.20750790638836158
1 0.6720398481973435 0.7692473118279569 0.09986717267552177 0.23487666034155572
1 0.5991967109424414 0.7162650221378875 0.10604680581910178 0.22781151170145486
0 0.5939437065148641 0.27292220113851984 0.08564832384566719 0.08652751423149903
0 0.9365433270082226 0.6097343453510436 0.08564832384566756 0.0892726122707147
1 0.7338962681846932 0.6853605313092977 0.11567362428842512 0.22251106894370645
1 0.9175585072738771 0.539671094244149 0.1262618595825425 0.20838709677419354
1 0.956034155597723 0.45755218216318777 0.08666666666666675 0.20485768500948767
1 0.9224161922833648 0.06542061986084753 0.12891840607210625 0.13084123972169506
0 0.4107242251739405 0.11569892473118278 0.08653383934218879 0.08838709677419357
1 0.41822580645161284 0.0680708412397217 0.11655281467425682 0.1361416824794434
0 0.7524225173940543 0.771584440227704 0.08314990512333977 0.08167615433270087
0 0.5947596457938014 0.7906925996204933 0.09013915243516772 0.08891208096141665
0 0.3326249209361163 0.5107716635041113 0.08584440227703975 0.09075268817204311
0 0.9513978494623657 0.10117647058823531 0.09593927893738129 0.09448450347881096
0 0.20783997469955717 0.29615749525616697 0.09013915243516761 0.08707779886148002
0 0.5119829222011385 0.19620809614168244 0.09013915243516744 0.08462365591397843
0 0.2952182163187855 0.21123023402909546 0.09197975964579364 0.08400379506641367
1 0.07895951929158762 0.1394370651486401 0.08248576850094867 0.19425679949399105
