1 0.04971221441124779 0.7129876977152899 0.09942442882249558 0.15384885764499118
1 0.48149824253075585 0.6981656414762741 0.16918277680140595 0.14260544815465725
1 0.5574011423550088 0.6971441124780317 0.1819639718804919 0.14056239015817218
1 0.6294727592267136 0.6930536028119508 0.19320738137082608 0.13442882249560628
1 0.7462412126537786 0.8955030755711775 0.07518892794376099 0.208115114235501
1 0.6711291739894552 0.9011269771528998 0.07615992970123013 0.19686731107205632
1 0.5906260984182777 0.9016366432337435 0.08689367311072055 0.1958479789103691
1 0.12856107205623904 0.7104327768014059 0.14516256590509682 0.15078646748681904
1 0.22056458699472764 0.7048088752196836 0.1564103690685412 0.1518057996485061
1 0.3089916520210896 0.7022539543057997 0.16254393673110717 0.14874340949033404
1 0.3930733743409491 0.7002086994727592 0.16918717047451687 0.14771968365553612
