1 0.26337253414264034 0.4146130500758725 0.0904704097116842 0.15049317147192723
1 0.8559237481031868 0.40639795144157814 0.16844081942336891 0.14379742033383908
1 0.46902314112291354 0.41323786039453714 0.1055500758725342 0.14453338391502268
1 0.5672287556904401 0.41170333839150225 0.1178338391502277 0.1429893778452201
1 0.9510261760242792 0.694654779969651 0.09718892261001506 0.33383915022761773
1 0.761940440060698 0.4042450682852808 0.15446509863429464 0.15314112291350537
1 0.6696452959028831 0.4075018968133536 0.14306145675265552 0.14526934749620637
1 0.15974962063732925 0.4146775417298938 0.0778528072837634 0.1514643399089529
1 0.36814301972685887 0.4178812594840668 0.09621016691957514 0.1363694992412747
1 0.8458763277693475 0.6946547799696509 0.10432473444613048 0.3316464339908951
1 0.36814301972685887 0.4178812594840668 0.09621016691957514 0.1363694992412747
1 0.05613808801213961 0.42167298937784525 0.07907435508345964 0.13883156297420332
