1 0.8085575048732944 0.060682261208577 0.15021442495126705 0.121364522417154
1 0.9545484080571801 0.11474333983105915 0.0896036387264458 0.19502274204028597
1 0.5979337231968811 0.05850552306692655 0.1665367121507471 0.1170110461338531
0 0.7170630279402209 0.1858739441195582 0.08692657569850534 0.08012995451591935
1 0.7127712800519818 0.05088693957115013 0.15674463937621827 0.10177387914230027
0 0.8300714749837557 0.18360623781676413 0.08920077972709556 0.08163742690058484
0 0.4847270955165692 0.17869395711500974 0.10703703703703707 0.1061338531513971
1 0.912511371020143 0.04925276153346326 0.14477582846003897 0.09850552306692652
0 0.9404353476283301 0.18360623781676416 0.09524366471734892 0.08920077972709552
0 0.5435867446393763 0.0904808317089019 0.0907082521117609 0.09373619233268371
0 0.6562118258609487 0.07158219623131909 0.08163742690058474 0.08315139701104617
0 0.7567478882391164 0.09463612735542559 0.07861598440545797 0.07786224821312536
0 0.6031059129304743 0.18000974658869395 0.09524366471734892 0.09443144899285265
0 0.8735347628330085 0.08027290448343079 0.08239116309291761 0.08088369070825215
