1 0.7934950000000001 0.28924500000000003 0.10243000000000012 0.13902
1 0.8045475 0.50272 0.09312500000000001 0.16809999999999997
0 0.9258525 0.07051749999999998 0.09791500000000004 0.08870500000000006
1 0.13239749999999997 0.078615 0.175665 0.09247000000000002
1 0.41313500000000003 0.4091525 0.15076999999999996 0.14385499999999993
0 0.07380250000000001 0.08903499999999996 0.08579500000000002 0.07998000000000001
0 0.374575 0.4450675 0.09210000000000006 0.07949499999999993
0 0.23012750000000004 0.31952250000000004 0.09306500000000006 0.07658499999999996
0 0.7966750000000001 0.5487025 0.09742999999999989 0.10082500000000001
0 0.9328799999999999 0.42315499999999995 0.0984000000000001 0.08919000000000005
0 0.7886775 0.31142749999999997 0.09791499999999995 0.08773500000000001
0 0.784555 0.0748825 0.09548999999999995 0.09452499999999997
0 0.9275499999999999 0.18757999999999997 0.10033999999999996 0.08918999999999992
0 0.9309425000000001 0.3090025 0.0974249999999999 0.08870500000000008
1 0.28273750000000003 0.2953475 0.16225500000000004 0.11519500000000008
