1 0.7711870967741935 0.1239161290322581 0.12909677419354826 0.1576129032258064
1 0.710767741935484 0.2019741935483871 0.09981935483871 0.15310967741935477
0 0.6313483870967742 0.18302258064516125 0.08756129032258053 0.08631612903225803
0 0.4411870967741935 0.6730129032258064 0.08916129032258081 0.08646451612903228
0 0.7098419354838711 0.25182258064516133 0.08943870967741945 0.0850645161290322
1 0.10053870967741939 0.19641935483870973 0.08413548387096766 0.1981419354838709
1 0.8848193548387094 0.5293612903225806 0.1215870967741935 0.20339354838709656
0 0.5217032258064516 0.07615161290322586 0.09096774193548378 0.08826451612903222
0 0.4446999999999999 0.5155838709677419 0.09457419354838718 0.0873612903225809
1 0.941709677419355 0.4445483870967742 0.11529032258064513 0.18838709677419377
0 0.7945903225806452 0.1767709677419355 0.08756774193548385 0.07880645161290316
1 0.641341935483871 0.13142258064516132 0.0945677419354839 0.15610967741935483
0 0.08519032258064514 0.2711 0.08330967741935476 0.08106451612903219
0 0.22884193548387094 0.2035516129032258 0.08405806451612896 0.07805806451612905
1 0.7020870967741936 0.838183870967742 0.11483225806451611 0.23729677419354844
0 0.5930709677419356 0.5190483870967743 0.08756129032258053 0.08449677419354854
1 0.6305967741935484 0.7836451612903226 0.10819999999999998 0.2320387096774193
0 0.8947258064516128 0.5881903225806451 0.09569677419354843 0.09506451612903224
1 0.7669451612903228 0.7495580645161289 0.1207161290322581 0.23016129032258065
0 0.5422225806451613 0.25432580645161285 0.09194193548387075 0.08631612903225801
1 0.36540322580645157 0.5071935483870967 0.11195483870967742 0.2145290322580645
0 0.9675225806451614 0.5096967741935485 0.06366451612903222 0.09193548387096771
1 0.4617225806451614 0.43308064516129036 0.12821935483870944 0.21765806451612912
0 0.8766548387096773 0.2528612903225806 0.08826451612903219 0.09276774193548387
0 0.7982967741935484 0.34157741935483865 0.09006451612903212 0.08826451612903224
0 0.7091322580645162 0.4257870967741936 0.08826451612903229 0.08556129032258084
0 0.6258225806451613 0.3325741935483871 0.08736129032258053 0.08825806451612901
0 0.4389387096774193 0.1722064516129032 0.08826451612903256 0.09015483870967744
0 0.7874709677419355 0.8412096774193549 0.08481290322580648 0.0833096774193549
0 0.6266548387096775 0.8607 0.09194193548387104 0.09069032258064497
0 0.35927741935483865 0.5751806451612903 0.08756129032258053 0.09256774193548398
0 0.2319967741935483 0.3562741935483871 0.09194193548387095 0.0888193548387096
0 0.3211225806451612 0.26964838709677413 0.09381935483870954 0.08568387096774192
1 0.9483161290322581 0.10065161290322581 0.10207741935483856 0.16512258064516136
0 0.965474193548387 0.6761225806451613 0.06776129032258077 0.09105806451612888
0 0.7077774193548386 0.9319548387096773 0.08376129032258069 0.07655483870967777
0 0.5312548387096774 0.5784483870967743 0.0873612903225808 0.08466451612903227
1 0.44357419354838706 0.10965806451612899 0.1148387096774193 0.16211612903225806
