0 0.31181294042280583 0.26070147341447786 0.0931582319026264 0.08508007687379882
0 0.6198526585522101 0.17468609865470847 0.08694426649583588 0.08570787956438179
0 0.8813741191543882 0.5769987187700192 0.09502242152466375 0.09439461883408067
0 0.5313549007046765 0.24548686739269693 0.09129404228058924 0.08570787956438176
0 0.5103555413196669 0.06919602818705957 0.09479180012812319 0.0867456758488149
0 0.5818449711723255 0.5083440102498399 0.08694426649583598 0.08390134529148004
0 0.4345195387572069 0.5049039077514413 0.09390775144138386 0.086745675848815
0 0.6957431133888532 0.918340807174888 0.08317104420243437 0.07601537475976965
0 0.07754324151185137 0.2621428571428572 0.08272261370916074 0.08049327354260086
0 0.958670723894939 0.6643113388853299 0.08137732222934028 0.09041639974375393
0 0.4310313901345291 0.6612235746316464 0.08853299167200526 0.08585522101217165
0 0.2233151825752722 0.3467168481742473 0.09129404228058934 0.08819346572709795
0 0.3496989109545162 0.5640807174887893 0.08694426649583588 0.09191543882126844
1 0.8720115310698271 0.5186707238949392 0.1252017937219732 0.19942985265855248
1 0.4338052530429211 0.09745355541319667 0.11625880845611791 0.17260089686098642
1 0.23169442664958356 0.13904228058936577 0.10552850736707235 0.16812940422805897
1 0.4508424087123639 0.42393657911595123 0.12370916079436266 0.21239590006406145
1 0.34948750800768746 0.4969730941704037 0.10284433055733516 0.21239590006406167
1 0.7548046124279308 0.11854580397181291 0.12731582319026258 0.16208840486867396
1 0.6302530429212044 0.1269282511210763 0.0957014734144779 0.15278026905829595
1 0.6954932735426008 0.195554131966688 0.10309417040358757 0.16333119795003204
1 0.7551153106982703 0.7405188981422166 0.12296604740550923 0.22481742472773875
1 0.6153811659192825 0.7703299167200512 0.10681614349775782 0.23351057014734147
1 0.691457399103139 0.8259128763613068 0.11489429852658542 0.24158872517616897
0 0.6977930813581038 0.24300128122998083 0.08880845611787323 0.08446508648302364
0 0.6151921844971173 0.8475880845611787 0.09129404228058942 0.090051249199231
0 0.7748750800768738 0.8282351057014734 0.08421524663677135 0.08272261370916081
0 0.4287988468930173 0.16394618834080715 0.08764253683536227 0.08951953875720693
1 0.9343465727098015 0.4386354900704676 0.13002562459961547 0.18780269058295956
1 0.9365791159513133 0.09343369634849456 0.12556053811659196 0.16634208840486872
0 0.6143657911595132 0.3231838565022421 0.0867456758488148 0.08763613068545802
0 0.2174727738629084 0.2002146060217809 0.08674567584881494 0.07869955156950684
0 0.6970884048686738 0.4157399103139014 0.08764253683536186 0.08495836002562483
0 0.7856245996156309 0.3321236386931454 0.08942985265855216 0.0876425368353619
0 0.8634304932735425 0.2440326713645099 0.08764253683536186 0.09211402946828952
0 0.9635874439461883 0.149237668161435 0.07154388212684169 0.09569506726457407
0 0.5204644458680333 0.5673254324151186 0.0867456758488151 0.08406790518898152
1 0.09278347213324793 0.187988468930173 0.0835426008968609 0.19674567584881483
0 0.7819442664958359 0.16847853939782192 0.08695067264573995 0.0782511210762331
0 0.9607046764894299 0.4990582959641257 0.07730941704035874 0.09128763613068545
