1 0.043939592908732734 0.6154530531845043 0.08787918581746547 0.133676953381484
1 0.37357189757058434 0.22829940906106372 0.12412344057780678 0.17504924491135918
1 0.6935062376887722 0.2262639527248851 0.12450426789231778 0.14895600787918584
1 0.8574917925147735 0.48358831254103746 0.11457649376231135 0.15399212081418254
1 0.22296454366382146 0.49742613263296126 0.11139198949441897 0.12794484569927778
1 0.2159487852921865 0.3548949441891005 0.123742613263296 0.1428430728824688
1 0.5361129349967171 0.36375574523965853 0.10927117531188454 0.1437557452396586
0 0.02802692055154297 0.4495830597504924 0.05605384110308594 0.07744583059750501
0 0.37204202232435984 0.4652856204858831 0.09483913328956008 0.08783978988837815
0 0.698778726198293 0.4505285620485883 0.10235062376887698 0.0992974392646094
0 0.36413985554826 0.04691726854891661 0.09388706500328298 0.08912015758371634
0 0.8672094550229809 0.3229645436638214 0.09242284963887047 0.09471437951411686
0 0.19784635587655944 0.18191726854891663 0.0997242284963886 0.09389363099146424
0 0.5248653972422849 0.043470124753775444 0.08328299409061077 0.07372948128693368
0 0.7020879842416283 0.5906828627708469 0.1005778069599474 0.09675640183847671
0 0.37427117531188453 0.6034143138542352 0.10439264609323726 0.09420879842416288
0 0.8680334865397242 0.44463230466185166 0.0989954038082732 0.0889100459619173
0 0.7020879842416283 0.5906828627708469 0.1005778069599474 0.09675640183847671
0 0.540725541694025 0.597048588312541 0.11011818778726198 0.09929743926460931
0 0.03736375574523964 0.8690085357846357 0.07472751149047928 0.08328299409061096
0 0.8586145764937624 0.18975377544320424 0.10090610636900874 0.09395272488509522
0 0.19379842416283657 0.3147931713722915 0.08860801050558113 0.08097176625082082
0 0.20411030860144455 0.4730597504924491 0.09318450426789222 0.08783978988837825
0 0.20526920551543007 0.6024589625738674 0.09611950098489813 0.09229809586342744
0 0.3675082074852266 0.3307091267235719 0.09693368351936969 0.08743269862114252
0 0.8787918581746554 0.5968056467498359 0.10073539067629698 0.09123440577806961
0 0.5356369008535784 0.33161195009848987 0.09229809586342762 0.08657255416940247
0 0.36478660538411023 0.17069271175311884 0.10312541037426129 0.09357189757058437
0 0.03640840446487199 0.7278562048588312 0.07281680892974399 0.0816874589625739
0 0.6950361129349968 0.18768877216021013 0.10923177938279686 0.09624425476034144
0 0.02651674326986211 0.3158568614576494 0.05303348653972422 0.09335521996060407
1 0.3798949441891004 0.49132961260669733 0.11298752462245568 0.13154957321076827
0 0.860909389363099 0.04267564018384767 0.09229809586342724 0.07744583059750493
0 0.5313033486539723 0.18584372948128694 0.11393959290873287 0.1094812869336836
0 0.03245567957977672 0.5913197636244255 0.06491135915955344 0.08783978988837825
0 0.6930170715692712 0.03869665134602757 0.08116217990807637 0.07372948128693368
