0 0.29695752009184845 0.24299655568312292 0.13455797933409883 0.1378874856486797
0 0.7506142365097589 0.24881171067738228 0.10800229621125135 0.09969001148105634
0 0.4464982778415614 0.24181974741676235 0.13226176808266366 0.13610792192881738
0 0.4486509758897818 0.11044776119402984 0.11119402985074645 0.11056257175660171
0 0.7564408725602755 0.12751148105625718 0.09967853042479899 0.09308266360505173
0 0.5969288174512056 0.24010332950631455 0.11314580941446606 0.10787600459242255
0 0.30028702640642946 0.1017508610792193 0.15120551090700352 0.13461538461538464
0 0.15295637198622275 0.11673363949483354 0.1125717566016073 0.10924225028702637
0 0.9057864523536164 0.2627698048220436 0.09508610792192865 0.10119977037887497
0 0.14354190585533874 0.2459816303099885 0.13702640642939154 0.14316877152698054
0 0.5935591274397245 0.1167680826636051 0.10411021814006863 0.10793340987370839
0 0.9049368541905856 0.1294747416762342 0.08236509758897831 0.07958094144661303
