0 0.5817429378531074 0.27922881355932205 0.10577966101694922 0.10450282485875712
0 0.5712655367231638 0.41408757062146895 0.10707344632768362 0.10041242937853097
0 0.5762005649717514 0.539776836158192 0.11245762711864415 0.10457062146892654
0 0.575723163841808 0.6621440677966103 0.10960451977401132 0.10008474576271163
0 0.5739661016949151 0.7901864406779662 0.11432768361581917 0.10450847457627115
0 0.575053672316384 0.9154152542372882 0.11396045197740104 0.10577966101694913
0 0.42149152542372886 0.6622711864406778 0.10230508474576268 0.09534463276836151
0 0.42718361581920905 0.5248728813559321 0.10046892655367257 0.09884180790960446
0 0.4259406779661017 0.40458757062146894 0.09659322033898327 0.09342372881355927
0 0.4235536723163841 0.27765254237288134 0.09885875706214695 0.09633333333333335
0 0.4269858757062146 0.7884463276836158 0.10009604519774017 0.09655367231638429
0 0.4346581920903954 0.15070056497175144 0.1070677966101693 0.10040677966101696
0 0.5757259887005649 0.1537231638418079 0.08994915254237282 0.08831638418079098
