0 0.8891096774193548 0.14702903225806452 0.08261935483870941 0.08262580645161301
0 0.7602645161290326 0.16766774193548387 0.08136774193548373 0.08137419354838717
0 0.6555 0.17392258064516122 0.08324516129032246 0.08387096774193548
0 0.810132258064516 0.25549032258064514 0.09756774193548355 0.09907096774193538
1 0.13194193548387095 0.4569322580645162 0.14109677419354855 0.2041483870967741
0 0.700925806451613 0.257741935483871 0.08781290322580632 0.0855612903225806
0 0.5917258064516129 0.2626193548387097 0.0915677419354837 0.09081290322580643
0 0.02898709677419359 0.5096967741935485 0.05797419354838718 0.09193548387096771
0 0.43037096774193556 0.1661354838709678 0.09069032258064529 0.08694193548387096
0 0.10357419354838708 0.0748225806451613 0.08193548387096775 0.07880645161290313
0 0.5423258064516129 0.18614838709677417 0.07318064516129041 0.07818064516129024
1 0.8295870967741936 0.1065645161290323 0.1839870967741931 0.17252258064516135
0 0.47501612903225804 0.27425161290322586 0.09081935483870966 0.08856774193548386
0 0.1429774193548387 0.28002903225806447 0.08706451612903245 0.08330967741935476
1 0.7130967741935486 0.11438064516129029 0.17721290322580663 0.18294193548387092
0 0.36430967741935494 0.2761290322580645 0.09307096774193532 0.09381935483870973
0 0.03621935483870974 0.1573935483870968 0.07243870967741949 0.09637419354838717
0 0.22647741935483867 0.36034516129032257 0.09756129032258083 0.09943870967741923
1 0.5986903225806451 0.11646451612903225 0.1881548387096773 0.19024516129032265
1 0.4751645161290323 0.11438064516129029 0.17564516129032257 0.1871096774193548
1 0.389683870967742 0.10682258064516124 0.1204000000000003 0.16574838709677425
1 0.2017903225806451 0.29602258064516124 0.11154193548387091 0.19910322580645154
1 0.1254032258064516 0.2415548387096774 0.11836774193548401 0.14854193548387098
0 0.08504838709677423 0.5892064516129032 0.08466451612903227 0.0811483870967741
0 0.16455483870967735 0.5232709677419354 0.09757419354838692 0.0925677419354839
0 0.9309677419354838 0.25849032258064514 0.09456774193548381 0.09606451612903218
