0 0.05855569540591565 0.21661736941472629 0.08126494650723719 0.07907488986784132
0 0.6658621774701069 0.8612523599748269 0.08170547514159852 0.07467589679043447
0 0.9267935808684706 0.6116991818753934 0.08521711768407825 0.08882315921963484
0 0.4036217747010699 0.12015103838892383 0.08609817495280081 0.08794210195091252
0 0.5859188168659535 0.27658275645059777 0.08521711768407797 0.08609188168659533
0 0.6671837633731907 0.36750786658275647 0.08609817495280048 0.08346129641283848
0 0.754159848961611 0.2853650094398993 0.08785399622404015 0.08609817495280048
0 0.8305947136563876 0.19882630585273753 0.08609817495280048 0.0904908747640025
0 0.9426054122089367 0.10570169918187543 0.09752045311516666 0.09400881057268731
0 0.40581497797356825 0.6086658275645059 0.08697293895531798 0.0843423536815608
1 0.6695846444304594 0.14831025802391448 0.09663939584644435 0.15227816236626812
1 0.5989332913782253 0.08241976085588422 0.09883574575204528 0.1508181246066708
0 0.49367212083071105 0.5164222781623663 0.08521711768407825 0.08258653241032103
0 0.5913089993706734 0.13070169918187535 0.08541220893643793 0.08419760855884202
0 0.6678760226557584 0.19781308999370678 0.0872435494021397 0.08297671491504086
1 0.8378477029578352 0.46509754562617994 0.11225928256765272 0.1897419760855884
1 0.9058747640025174 0.38700755191944614 0.13483322844556334 0.17631843926998106
1 0.6600062932662051 0.7706985525487728 0.10371302706104486 0.23244808055380742
1 0.5913404657016992 0.7163971050975457 0.10073001887979864 0.2239081183134046
1 0.723455003146633 0.6831466331025802 0.11470106985525474 0.22451856513530544
1 0.3305506607929516 0.4458212712397735 0.10371932032724995 0.2049968533668976
1 0.42420075519194467 0.3780962869729389 0.12019509125236016 0.2098741346758968
1 0.22390497168030202 0.22661107614852102 0.10920704845814976 0.19523599748269338
1 0.4105663939584645 0.06907174323473882 0.115368156073002 0.13814348646947763
0 0.7505443675267464 0.12460352422907488 0.08541850220264317 0.07687224669603515
1 0.726626809314034 0.07683134046570166 0.11652611705475127 0.14825047199496535
1 0.9133196979232221 0.06632787916928884 0.12506607929515418 0.13265575833857768
0 0.5043706733794838 0.20025487728130895 0.08968533668974182 0.08419760855884197
0 0.409241661422278 0.4551006922592825 0.09225298930144754 0.08521711768407825
0 0.5539710509754563 0.4584801762114538 0.08541220893643785 0.08242290748898701
0 0.848222152297042 0.5259251101321586 0.09334801762114533 0.09273127753303964
0 0.9327186910006293 0.4493580868470737 0.08907488986784136 0.08967904342353678
0 0.7435997482693517 0.7727344241661422 0.08273127753303966 0.08126494650723727
0 0.5867306482064192 0.7917463813719321 0.0896853366897421 0.08846444304594062
0 0.32591567023285073 0.5132347388294525 0.08541220893643789 0.09029578351164257
0 0.20175896790434228 0.29970106985525485 0.08968533668974199 0.08663939584644424
0 0.2886972938955317 0.2152013845185651 0.09151667715544358 0.0835808684707363
1 0.07352737570799248 0.14376966645689115 0.08207048458149771 0.19327879169288853
