1 0.5197927736450584 0.6564558979808715 0.21769394261424002 0.08103081827842716
1 0.5265329436769394 0.7666046758767269 0.22759298618490964 0.07794899043570658
1 0.5302603613177471 0.8700850159404888 0.2004782146652496 0.09086078639744954
1 0.5366896918172157 0.9710680127523912 0.20919234856535623 0.0568012752391074
0 0.7349096705632306 0.4203241232731137 0.09394261424017013 0.09038257173219984
0 0.6072662061636557 0.646769394261424 0.0918119022316687 0.0813496280552603
0 0.6049867162592986 0.29356269925611056 0.09096174282677999 0.09098299681190218
0 0.5949442082890543 0.4118756641870351 0.07541445270988319 0.07356004250797034
0 0.7437167906482467 0.8846041445270989 0.10725292242295463 0.10443676939426155
0 0.46277895855472906 0.17489373007438894 0.0960148777895857 0.0816684378320935
0 0.4739027630180659 0.28487247608926675 0.11021785334750249 0.09231668437832094
0 0.4764319872476089 0.40051275239107337 0.09920828905419776 0.09323591923485657
0 0.7358820403825717 0.6505632306057386 0.09415515409139219 0.09214665249734316
0 0.7386981934112646 0.7709272051009565 0.09879914984059496 0.09395855472901173
0 0.7324760892667376 0.30629117959617425 0.0943464399574922 0.08964930924548346
0 0.6074973432518597 0.5194872476089266 0.09522848034006402 0.08227948990435703
0 0.5991710945802337 0.17441285866099893 0.08428267800212542 0.07954835281615304
0 0.6084325185972368 0.7639213602550479 0.08961742826780002 0.08448459086078641
0 0.7271068012752392 0.19064824654622742 0.09477683315621722 0.08437832093517535
0 0.6058634431455898 0.8716232731137088 0.08859192348565355 0.08438363443145579
0 0.7312566418703507 0.5338894792773644 0.08615834218916078 0.08503719447396395
1 0.5229277364505845 0.5421094580233794 0.22396386822529224 0.09495217853347498
