0 0.3192045454545455 0.44736742424242426 0.09118686868686869 0.08445707070707073
0 0.48139204545454556 0.5740561868686869 0.10587752525252529 0.09547348484848478
0 0.3213478535353536 0.5801767676767677 0.10037247474747496 0.09058080808080804
0 0.15885416666666669 0.5792582070707071 0.09241792929292923 0.0887436868686868
0 0.636540404040404 0.567935606060606 0.09670454545454539 0.09303030303030303
1 0.32675505050505044 0.4724084595959596 0.10863636363636366 0.1264835858585859
0 0.636540404040404 0.567935606060606 0.09670454545454539 0.09303030303030303
1 0.17586805555555557 0.47827020202020204 0.10710227272727278 0.12301767676767678
0 0.157739898989899 0.45484217171717173 0.0895959595959595 0.08445707070707069
1 0.47695707070707066 0.34974747474747475 0.10506313131313134 0.13821969696969696
0 0.4764993686868686 0.3188415404040404 0.088743686868687 0.08323863636363639
