0 0.2634225424601132 0.7742305712815234 0.08406587750900676 0.07831188883170345
0 0.8133118888317036 0.7579207411219763 0.08561502830674203 0.09280494081317574
0 0.40032681420483773 0.16848687596500259 0.10178589809572826 0.1042820380854349
0 0.8306664951106536 0.04145908389089035 0.09130725681935138 0.0829181677817807
0 0.39558414822439536 0.04395265054040143 0.10028821410190432 0.08790530108080286
0 0.539390118373649 0.5256124549665465 0.09220277920741135 0.08561502830674213
1 0.12636644364384972 0.5956433350488934 0.09147709727225954 0.1638136901698404
0 0.6729078744209985 0.8800617601646937 0.09580030880082369 0.10118373648996407
0 0.680272774060731 0.28767627380339683 0.08322182192485836 0.08082861554297474
0 0.25363355635615037 0.039212557900154425 0.10777148739063308 0.07842511580030885
1 0.2609083890890375 0.708847143592383 0.09196603190941843 0.17315491507977362
0 0.4004837879567679 0.28881111682964494 0.09580030880082341 0.09699433865156976
0 0.8251749871332992 0.15950591868244982 0.08831188883170371 0.08632012352032939
0 0.5415465774575398 0.2927637673700463 0.09041173443129197 0.08442614513638702
1 0.5381677817807513 0.48834534225424603 0.09699433865156976 0.14657231085949554
0 0.40168296448790536 0.4082578486875964 0.09340195573854863 0.09879053010808021
0 0.6767987647967061 0.5274086464230571 0.08562017498713309 0.0927997941327843
0 0.8130108080288213 0.6414668039114773 0.08262480699948523 0.09100360267627385
1 0.12119145651055065 0.3732038085434894 0.10009778692743172 0.1431240349974266
0 0.12690941842511572 0.6481343283582089 0.09483787956767886 0.08837364899639744
0 0.9571410190427173 0.4064668039114771 0.0846886258363357 0.09160576428203822
0 0.6859701492537313 0.038962943901183766 0.08731857951621202 0.07792588780236753
0 0.11742408646423061 0.16474523932063823 0.10278435409161105 0.09580030880082352
0 0.6815903242408647 0.41664179104477617 0.0880185280494081 0.09279979413278434
0 0.6859675759135357 0.16773803396809062 0.09030880082346901 0.08182707153885743
0 0.25562789500772 0.1647452393206382 0.09879053010808019 0.10377766340710246
0 0.11542717447246524 0.04245753988677304 0.10378281008749346 0.08491507977354608
0 0.40237261966031906 0.6609109624292331 0.10036026762738032 0.09104477611940306
1 0.3993592382913022 0.8289783839423572 0.09052496139989703 0.2062017498713331
0 0.9483273288728771 0.7519325784868759 0.07903242408646424 0.07963458569222852
0 0.9613638703036541 0.0442382913021101 0.0762429233144622 0.08733401955738551
0 0.8231909418425116 0.40227225939269173 0.08741121976325276 0.08681935151827079
0 0.5412763767370046 0.16799022130725683 0.09529593412249111 0.09330416881111682
0 0.9593566649511067 0.1632475553268142 0.08025733401955741 0.08581574884199691
1 0.396165723108595 0.6029722079258878 0.09829130211013884 0.18416366443643845
0 0.40488934637159035 0.9034868759650024 0.0854966546577459 0.08046834791559439
0 0.5390298507462687 0.042707153885743705 0.09679361811631482 0.08541430777148741
0 0.8195985589294905 0.27953422542460116 0.07903242408646442 0.08442099845599596
0 0.12266083376222338 0.4042357179619146 0.0982913021101391 0.09080802882141024
0 0.6756021616057643 0.7615131240349975 0.08681935151827079 0.08562017498713347
1 0.6532655687081832 0.7074678332475554 0.1241533710756562 0.1800205867215647
0 0.9607334019557386 0.2933015954709213 0.07750386001029354 0.088013381369017
