1 0.27981829194427627 0.614588128407026 0.20998182919442768 0.13810417928528176
1 0.8248485766202303 0.4863446396123561 0.1416293155663235 0.11696547546941238
1 0.6909812235009085 0.6211629315566324 0.15384615384615385 0.12095699576014549
0 0.7916747425802544 0.49910963052695334 0.09470018170805561 0.09301029678982431
0 0.20316777710478498 0.6470835857056328 0.08963052695336163 0.09470018170805569
0 0.5008025439127801 0.6398970321017564 0.09470018170805569 0.09216232586311332
0 0.6403179890975167 0.6437007874015748 0.07440944881889759 0.07947910357359166
0 0.36466989703210173 0.7663082980012114 0.07947910357359166 0.08286493034524521
0 0.49868867353119317 0.7608116293155662 0.07863718958207154 0.0837068443367656
0 0.6470926711084192 0.7684161114476075 0.08284675953967287 0.0837129012719563
0 0.7891368867353119 0.7633464566929135 0.09132041187159301 0.09047244094488202
