0 0.4499634214969049 0.030979178390545842 0.08900956668542494 0.061958356781091684
1 0.24608610016882376 0.25588069780528977 0.19122678671918958 0.10005627462014628
0 0.4485903207653348 0.27373944850872256 0.0896398424310635 0.08568936409679231
1 0.23972988182329766 0.03075407990996059 0.17692740574001103 0.06150815981992118
0 0.3090658413055711 0.26675576814856494 0.10465953854811476 0.1032920652785593
0 0.5898846370287002 0.1368486212718064 0.08849184018007913 0.08398424310635902
0 0.30750984805852555 0.1359172763083849 0.10325830050647174 0.09642656162070913
0 0.5888970174451323 0.03424310635903209 0.09810917276308398 0.06848621271806418
0 0.7227096229600452 0.031724817107484524 0.0828081035453008 0.06344963421496905
1 0.24524479459763657 0.1341558806978053 0.18007878446820486 0.09273494653911084
0 0.45050928531232404 0.13813449634214964 0.08987619583567821 0.08850309510410803
0 0.7344063027574563 0.27179516038266743 0.11462014631401261 0.10915025323579071
0 0.5924620146314012 0.26329206527855936 0.08510410804727084 0.08248733821046712
0 0.72339617332583 0.1491924592009004 0.08959482273494651 0.0909566685424874
0 0.3009622960045019 0.029572312886887987 0.09263927968486212 0.05914462577377597
