1 0.827861094038107 0.2692624462200368 0.21886908420405646 0.14872771972956364
1 0.6852089735709895 0.2656607252612169 0.21457283343577144 0.13799631223110004
1 0.5311309157959435 0.257821143208359 0.23602950215119858 0.15587584511370628
0 0.7556453595574676 0.30083589428395824 0.09724031960663802 0.0900921942224953
0 0.7638690842040565 0.44098340503995087 0.09939151813153049 0.08722802704363863
0 0.7806699446834665 0.5611063306699448 0.09438229870928101 0.08437615242778101
0 0.7810295021511985 0.6926736324523664 0.09652735095267345 0.08580208973571006
0 0.6445298094652735 0.6763245236631837 0.09524277811923787 0.09095267363245245
0 0.6016318377381683 0.4373663183773816 0.09695759065765212 0.08837738168408116
0 0.9156699446834665 0.5840872771972956 0.09695759065765212 0.09695144437615237
0 0.46434542102028276 0.4227781192378612 0.08151198524892445 0.07465273509526743
0 0.922959434542102 0.7033527965580824 0.0909465273509526 0.09180700676090946
0 0.6290842040565457 0.8191856177012907 0.09524277811923797 0.09180700676090964
0 0.48665642286416716 0.554056545789797 0.07808236017209587 0.07465273509526747
0 0.910519360786724 0.45409956976029503 0.09867854947756602 0.0909526736324524
0 0.21637676705593117 0.7878672403196065 0.10553779963122314 0.0995328826060234
0 0.6222218807621389 0.5527688998156114 0.09180700676090964 0.08065765212046715
0 0.5042440073755379 0.6720344191763982 0.08236631837738173 0.07722188076213882
0 0.19492317148125385 0.2820651505838967 0.08666256914566685 0.08151198524892449
0 0.3485125998770744 0.803740012292563 0.08323294406883834 0.07979717271051011
0 0.31161647203441917 0.1409157959434542 0.09009219422249536 0.08237246465888137
0 0.20350645359557468 0.40004302397049796 0.08665642286416717 0.07722188076213878
0 0.20779348494161032 0.5347510755992625 0.0900921942224954 0.07894283958205281
0 0.6054917025199754 0.032277197295636134 0.08751690227412402 0.06455439459127227
0 0.3343546404425323 0.4189182544560542 0.09952673632452375 0.08580208973570987
0 0.45061462814996933 0.2975076828518747 0.09009219422249544 0.08837738168408112
0 0.5046711739397663 0.8063153042409342 0.09181315304240939 0.08837738168408116
0 0.7882513829133375 0.8247633681622619 0.08923786109403792 0.08752304855562387
0 0.3442224953902889 0.6823325138291334 0.09524277811923783 0.0909465273509524
0 0.6175046097111249 0.295359557467732 0.08923171481253854 0.08580208973570982
0 0.912661339889367 0.31037799631223106 0.09438229870928083 0.0866564228641672
0 0.21809157959434544 0.6565888137676705 0.08837738168408119 0.08580208973571006
0 0.3339274738783036 0.540759065765212 0.09181315304240935 0.0875169022741243
0 0.6047172710510141 0.158420405654579 0.09180700676090954 0.08837123540258154
