0 0.5430674448767834 0.298916990920882 0.09587548638132301 0.09430609597924773
0 0.39670557717250327 0.8376783398184175 0.1032036316472113 0.09867704280155642
0 0.6904215304798962 0.7097081712062256 0.1010894941634239 0.08977950713359262
0 0.7079247730220494 0.8388683527885863 0.09280155642023355 0.08751621271076528
0 0.20975680933852148 0.4454896238651102 0.10592088197146557 0.08781452658884563
0 0.053132295719844395 0.5735343709468224 0.10626459143968879 0.10486381322957203
0 0.39678664072632946 0.43761348897535673 0.08883916990920897 0.08731517509727625
0 0.5484760051880674 0.9635084306095978 0.08970168612191942 0.07168612191958476
0 0.3908690012970169 0.15667639429312583 0.09744487678339805 0.09273022049286637
0 0.3995103761348896 0.7032198443579767 0.08902075226977946 0.08676394293125807
1 0.6466634241245138 0.7131939040207523 0.17427367055771753 0.10407911802853442
1 0.04094682230869008 0.3547470817120623 0.08189364461738016 0.15767833981841767
1 0.18621595330739296 0.4785343709468222 0.10230220492866404 0.12856031128404669
1 0.4992477302204928 0.5931485084306096 0.18483787289234757 0.11769779507133593
1 0.4858916990920881 0.33777237354085604 0.1727691309987029 0.13428664072632937
1 0.6376361867704279 0.4526848249027237 0.1854669260700388 0.12102464332036317
0 0.39733787289234757 0.9632360570687418 0.10048638132295738 0.07223086900129704
0 0.6991958495460442 0.4283268482490272 0.10006485084306112 0.09325551232166013
0 0.04321011673151758 0.307970168612192 0.08642023346303516 0.08977950713359271
0 0.04893644617380028 0.43641050583657587 0.09787289234760056 0.09081063553826212
0 0.5528891050583657 0.8407522697795071 0.08751621271076547 0.08525291828793775
0 0.5606193255512323 0.5760700389105058 0.09745136186770424 0.09744487678339815
0 0.21300259403372246 0.5799448767833981 0.098702983138781 0.08990272373540845
