0 0.7020454545454546 0.47619090909090916 0.08895151515151534 0.08486666666666665
0 0.39727575757575767 0.4513 0.09721818181818179 0.09860000000000006
0 0.25727272727272726 0.8579 0.10351515151515164 0.10525454545454546
0 0.26079393939393936 0.706130303030303 0.10701818181818176 0.10001818181818195
0 0.2581545454545454 0.9690000000000001 0.10527878787878793 0.060787878787878814
0 0.5593060606060607 0.862530303030303 0.09861212121212133 0.09160606060606066
0 0.40466060606060594 0.9646060606060606 0.09998787878787885 0.06957575757575765
1 0.4678181818181817 0.8701515151515151 0.24036363636363625 0.09824242424242438
0 0.5513878787878788 0.9701212121212123 0.10035151515151504 0.05854545454545451
0 0.6936848484848485 0.3434848484848485 0.08646060606060595 0.07993939393939395
0 0.6919757575757575 0.21511515151515154 0.09694545454545458 0.08568484848484852
0 0.6941303030303031 0.6175424242424242 0.09649090909090917 0.0912303030303031
0 0.7043060606060606 0.8752030303030303 0.08918181818181849 0.07895151515151526
0 0.5539727272727273 0.19657878787878788 0.0796666666666668 0.07543636363636363
0 0.39371212121212124 0.20447878787878787 0.08601818181818195 0.07614545454545454
0 0.39935454545454546 0.32786363636363636 0.09870909090909083 0.08178787878787881
0 0.555030303030303 0.33512424242424244 0.09024242424242433 0.09024848484848484
0 0.699918181818182 0.7399636363636365 0.09210303030303055 0.08333333333333337
0 0.40337272727272727 0.5933848484848486 0.08742424242424243 0.08954545454545454
0 0.4121878787878789 0.7301666666666666 0.07684848484848494 0.074030303030303
0 0.26073939393939394 0.15787272727272728 0.08953939393939411 0.08953939393939392
0 0.24938787878787877 0.30349999999999994 0.0982424242424242 0.0947333333333333
0 0.5585545454545454 0.4504 0.08601818181818166 0.08390303030303026
0 0.10266666666666657 0.8637272727272726 0.08930909090909099 0.08343030303030306
0 0.24797575757575763 0.4445454545454545 0.10082424242424247 0.08390303030303031
0 0.25815757575757575 0.5728 0.08772121212121198 0.08596363636363635
0 0.5617272727272726 0.5857696969696969 0.08390303030303012 0.07684848484848494
0 0.10597878787878776 0.7183060606060605 0.09015151515151516 0.08771515151515147
0 0.09675454545454544 0.17630606060606058 0.09824848484848464 0.09649090909090906
0 0.09587878787878777 0.3210454545454546 0.09999999999999999 0.09123030303030302
0 0.1108545454545455 0.5757636363636364 0.10233939393939401 0.09503030303030305
0 0.5529151515151516 0.7341818181818182 0.08178181818181815 0.08460606060606062
0 0.10026363636363647 0.44736363636363635 0.10526666666666669 0.08772121212121207
