0 0.4188366960907944 0.24532786885245902 0.08875788146279942 0.08655737704918029
1 0.08076292559899112 0.42401008827238335 0.13496847414880198 0.20171500630517022
1 0.696172761664565 0.17491172761664564 0.16283732660781855 0.1701765447667086
1 0.581749684741488 0.16537515762925598 0.17750945775535953 0.18924968474148793
1 0.30778373266078185 0.1859142496847415 0.07995586380832312 0.17457755359394697
0 0.31064312736443894 0.2471626733921816 0.09095838587641857 0.09168978562421194
1 0.4797919293820933 0.17418032786885246 0.1540353089533415 0.17163934426229494
1 0.37783417402269853 0.18040983606557376 0.13790037831021434 0.1797099621689787
0 0.17733921815889028 0.3282377049180328 0.09046658259773012 0.09107818411097102
1 0.8010655737704919 0.17527742749054223 0.18924337957124848 0.16796973518284997
0 0.11692622950819669 0.49259457755359387 0.09022068095838569 0.08581967213114776
0 0.7463461538461538 0.22699243379571246 0.09535308953341713 0.09682219419924332
0 0.8644388398486759 0.22992433795712483 0.09242118537200486 0.09388398486759132
0 0.039546027742749075 0.5531336696090794 0.07909205548549815 0.07930643127364427
1 0.1379760403530895 0.2659394703656998 0.13936948297604032 0.19218158890290019
0 0.5328972257250945 0.23395964691046664 0.08948928121059249 0.08875157629255988
0 0.6396185372005044 0.22919293820933165 0.08581967213114747 0.08361916771752835
