0 0.4688826366559486 0.289911575562701 0.08728295819935686 0.07232047159699893
0 0.7378858520900322 0.8921811361200429 0.08532154340836014 0.08661307609860663
0 0.48209271168274376 0.8780466237942122 0.0992658092175777 0.08999464094319415
0 0.6010932475884243 0.4047534833869239 0.09318327974276536 0.08717041800643081
0 0.7295364415862808 0.5460584137191854 0.08532154340836023 0.08066988210075028
0 0.5982234726688102 0.2893113612004288 0.092266881028939 0.0865434083601286
0 0.6062191854233654 0.522379421221865 0.08771168274383702 0.08198285101822075
1 0.39079849946409434 0.5379421221864952 0.20832797427652724 0.08467309753483389
0 0.33670685959271174 0.1442872454448017 0.09008038585209008 0.08959271168274383
0 0.46827170418006436 0.5280841371918543 0.08563236870310818 0.08595391211146822
1 0.39677116827438375 0.6495980707395498 0.21406752411575553 0.0856913183279742
1 0.39987942122186493 0.7570418006430868 0.2233922829581993 0.08685959271168286
1 0.3983306538049304 0.872615219721329 0.22959807073954974 0.08531618435155423
0 0.7341264737406217 0.7713022508038585 0.09498392282958192 0.08333333333333327
0 0.47479099678456593 0.639924973204716 0.09652733118971053 0.08413719185423368
0 0.3334244372990354 0.26707663451232583 0.09257234726688082 0.08635048231511253
0 0.7308306538049303 0.4156216505894963 0.09317256162915309 0.08804930332261526
0 0.6061200428724545 0.765013397642015 0.09144694533762081 0.07951232583065389
0 0.4680600214362272 0.4008547695605574 0.09121114683815637 0.08359592711682744
0 0.6044131832797428 0.6419185423365488 0.08010182207931411 0.08207931404072881
0 0.45559217577706324 0.17871918542336548 0.08646838156484456 0.07873526259378351
0 0.6118167202572348 0.8702813504823151 0.09340836012861752 0.0860182207931404
0 0.47749732047159704 0.7611736334405145 0.09330117899249729 0.0813397642015005
0 0.7262888531618433 0.29957395498392286 0.09255627009646299 0.08316720257234722
0 0.5970337620578777 0.1740862808145766 0.09278135048231514 0.090091103965702
0 0.7265969989281885 0.18241157556270093 0.09713826366559503 0.08094319399785636
0 0.7349222936763129 0.650158092175777 0.08717577706323691 0.0788906752411576
