0 0.08984136668700426 0.8695332519829164 0.10696766320927378 0.09594264795607076
0 0.09069249542403904 0.17748932275777912 0.0989078706528369 0.09713849908480778
0 0.5520439292251372 0.3373733984136668 0.0908480780964003 0.09085417937766928
0 0.40154972544234285 0.970378279438682 0.09888956680902986 0.05802318486882229
0 0.39936851738865164 0.5973672971323979 0.08801098230628435 0.0901464307504576
0 0.408242830994509 0.7350671140939596 0.07736424649176335 0.07452715070164735
0 0.40366381940207446 0.8695729103111653 0.07972544234289206 0.07849908480780954
0 0.6979042098840759 0.7449298352654058 0.09272117144600388 0.0838926174496644
0 0.56339841366687 0.8753904820012203 0.08517388651616838 0.07807809640024416
0 0.6916290420988408 0.3457901159243441 0.08704087858450266 0.08047589993898718
0 0.39532336790726047 0.33006406345332523 0.0993715680292861 0.08233679072605252
0 0.6920774862721173 0.621687004270897 0.09713849908480784 0.0918425869432581
0 0.7023215375228798 0.8810768761439901 0.08978035387431386 0.07948139109212929
0 0.40028981086028065 0.4649206833435021 0.08375228798047593 0.07807809640024406
0 0.2443502135448444 0.30553691275167777 0.09890176937156794 0.09536912751677847
0 0.24790726052471013 0.7183587553386211 0.0953264185478952 0.08738255033557046
0 0.7000457596095181 0.47938682123245885 0.08954850518608924 0.08543624161073825
0 0.5445942647956072 0.20089078706528368 0.0929713239780355 0.08192800488102499
0 0.5499145820622332 0.7391092129347162 0.08233068944478349 0.08517388651616838
0 0.24535997559487496 0.8699267846247714 0.09007321537522892 0.08830994508846866
0 0.09422513727882864 0.45036607687614394 0.10597315436241611 0.08830994508846857
0 0.38623856009762053 0.20543014032946919 0.09340451494813917 0.08431970713849908
0 0.6899084807809639 0.2165588773642465 0.09759609517998787 0.08625991458206221
0 0.5432397803538744 0.47087858450274556 0.10108602806589383 0.09893837705918242
0 0.0935784014643075 0.7256863941427699 0.1035692495424039 0.10018303843807203
0 0.5528279438682122 0.6007687614399023 0.0963819402074435 0.0994996949359366
0 0.2493868212324589 0.16660158633312996 0.10292251372788286 0.1054789505796217
0 0.242928615009152 0.4475289810860281 0.10150091519219041 0.08446613788895665
0 0.09891397193410623 0.586000610128127 0.11497254423428925 0.10841366687004277
0 0.2531787675411837 0.5766442953020133 0.08830994508846846 0.08654057352043924
0 0.08981086028065884 0.32320012202562537 0.10067114093959732 0.0918425869432581
