0 0.7245261437908496 0.42905773420479304 0.09357298474945548 0.09077342047930285
0 0.3264896514161221 0.520942265795207 0.1030446623093682 0.0966339869281045
0 0.7220860566448802 0.3126388888888889 0.09972766884531611 0.08769607843137255
0 0.5928349673202614 0.2989651416122004 0.09212962962962964 0.08812636165577342
0 0.722312091503268 0.19707244008714597 0.1021078431372545 0.09501633986928104
0 0.46514433551198264 0.6573066448801742 0.09105119825708063 0.08899237472766881
0 0.32254357298474945 0.6450735294117647 0.09105664488017445 0.09351307189542493
0 0.7246759259259257 0.5536574074074074 0.08671568627450985 0.0819880174291939
0 0.463921568627451 0.7696623093681917 0.09187363834422649 0.09209150326797402
0 0.4637799564270153 0.8839433551198258 0.0966666666666665 0.09491285403050118
0 0.5975408496732026 0.6584749455337692 0.08979847494553371 0.09009803921568632
0 0.45434912854030496 0.5326089324618737 0.09486383442265804 0.09850762527233119
0 0.3254302832244009 0.2727532679738562 0.08828976034858381 0.08513616557734201
1 0.3960702614379084 0.8905337690631808 0.1944934640522876 0.0902069716775596
1 0.3967293028322441 0.7794281045751635 0.19756535947712417 0.08976034858387809
0 0.60364651416122 0.7814596949891067 0.09276143790849672 0.08553376906318082
0 0.4549673202614379 0.413270697167756 0.09675381263616545 0.08816448801742918
0 0.46020424836601304 0.2946486928104575 0.08870915032679735 0.07350217864923751
0 0.33013888888888887 0.14320533769063185 0.09852396514161214 0.10510348583877999
0 0.5888126361655773 0.17995642701525055 0.09931372549019617 0.08849673202614376
0 0.44942538126361653 0.18882625272331155 0.08872004357298492 0.07855664488017428
0 0.5946840958605663 0.4137908496732026 0.09448801742919384 0.0934422657952069
0 0.7336029411764705 0.9067592592592593 0.08671568627450985 0.0880283224400871
0 0.324161220043573 0.3995098039215686 0.09061002178649243 0.07540305010893249
0 0.7311819172113291 0.7832271241830066 0.09687363834422638 0.0863779956427015
0 0.7270315904139433 0.6663289760348585 0.08940087145969462 0.08015250544662313
0 0.5971051198257079 0.5365522875816993 0.0934477124183005 0.08931372549019609
0 0.6006672113289762 0.8921786492374729 0.09044117647058834 0.08481481481481473
