1 0.3696382842509603 0.3724839948783611 0.12342509603072978 0.25560819462227896
1 0.7736459667093469 0.7018245838668374 0.19036491677336712 0.13405889884763092
0 0.5244686299615878 0.590595390524968 0.09868117797695254 0.10364916773367483
0 0.38809218950064006 0.8762804097311139 0.09026888604353395 0.09384122919334179
0 0.5201280409731115 0.06118437900128037 0.10861715749039694 0.10364916773367483
1 0.46695902688860447 0.05765685019206143 0.16964148527528808 0.11531370038412286
0 0.8349583866837387 0.7377496798975671 0.10099231754161324 0.10099231754161334
1 0.5112932138284251 0.36890845070422545 0.17793854033290665 0.2609667093469911
0 0.3826536491677336 0.5995934699103714 0.10427016645326499 0.10054417413572353
0 0.5291261203585149 0.7290012804097311 0.09681818181818193 0.09868117797695264
0 0.675969910371319 0.06179257362355953 0.09302816901408474 0.0893725992317541
0 0.6824231754161332 0.8571638924455827 0.09681818181818211 0.09806658130601766
0 0.3852272727272727 0.7413796414852751 0.10934058898847634 0.1019270166453265
1 0.5112932138284251 0.36890845070422545 0.17793854033290665 0.2609667093469911
0 0.5316357234314981 0.8646190781049936 0.10934058898847625 0.10748399487836106
