1 0.3686220621683093 0.6188532979529947 0.09613722517058382 0.1362661106899165
1 0.9510633055344959 0.8641224412433661 0.0971152388172856 0.27099696739954515
1 0.7368100833965125 0.8778373768006065 0.09217968157695224 0.24356709628506437
1 0.8459931766489764 0.8646702047005306 0.10424564063684615 0.269901440485216
1 0.16038665655799847 0.6156520090978014 0.07779378316906757 0.15134950720242604
1 0.3686220621683093 0.6188532979529947 0.09613722517058382 0.1362661106899165
1 0.6698957543593631 0.6084818043972707 0.14295299469294917 0.1451592115238817
1 0.7621209249431388 0.6052274450341167 0.1543479909021989 0.1530250189537528
1 0.2639310083396513 0.6155875663381348 0.0904018195602728 0.1503790750568612
1 0.8560329795299468 0.6073786959818044 0.1683131159969675 0.1436884003032601
1 0.5675568612585292 0.6126800606520091 0.11774450341167556 0.14288097043214557
1 0.4694257012888552 0.6142134192570129 0.10547005307050797 0.14442380591357096
1 0.05685367702805156 0.622642153146323 0.07901440485216057 0.13872630780894618
