1 0.5365045703839123 0.5999670932358319 0.10506032906764155 0.14589396709323582
1 0.6320585009140768 0.598001828153565 0.09493967093235839 0.14393784277879343
1 0.933471663619744 0.8586288848263254 0.08758683729433289 0.28201096892138927
1 0.7301882998171846 0.5977550274223035 0.08766727605118826 0.14291773308957947
1 0.8274149908592322 0.6005594149908593 0.07621206581352824 0.13380621572212065
1 0.35551005484460696 0.6036672760511883 0.12760511882998166 0.13788665447897622
1 0.17978244972577695 0.603201096892139 0.1569981718464351 0.14121755027422292
1 0.9272760511882998 0.5938171846435101 0.07503473491773305 0.14598171846435098
1 0.44214076782449735 0.6069853747714808 0.1085082266910421 0.13016087751371125
1 0.269636197440585 0.6033473491773309 0.14164168190127965 0.13700548446069472
1 0.8311828153564901 0.8531170018281536 0.0912650822669105 0.293034734917733
