0 0.6132592218292068 0.5581682668014148 0.08406265790803437 0.0828852956038404
1 0.20228903486609393 0.4086634663971703 0.09141990904497221 0.14383527033855484
1 0.6094188984335522 0.5201970692268821 0.09873673572511353 0.15236988377968683
0 0.7471601819100556 0.799944416371905 0.08166750884284983 0.08289034866093989
0 0.7453309752400202 0.92366851945427 0.092642748863062 0.09141990904497221
0 0.893433552299141 0.796288529560384 0.08897928246589185 0.08776654876200085
0 0.8946462860030318 0.6841435068216271 0.0792167761495704 0.08289034866093979
0 0.7520363820111167 0.683534613441132 0.07923193532086904 0.0816725618999495
0 0.47472460838807473 0.08807731177362307 0.0902071753410813 0.08044972208185953
0 0.7593506821627084 0.5756594239514906 0.08410813542193019 0.08532592218292039
0 0.6150252652854977 0.33155381505811016 0.07935826174835763 0.07877210712481048
0 0.6167862556846893 0.20810763011622033 0.09111672561899956 0.08582617483577556
0 0.6179636179888832 0.08407276402223345 0.08758969176351687 0.07994946942900458
0 0.48447700859019704 0.22825922182920672 0.08532592218292076 0.07801414855987879
0 0.47472460838807473 0.3324759979787771 0.08776149570490155 0.07923193532086918
0 0.48264780192016177 0.4519353208691258 0.08898433552299143 0.08898433552299143
0 0.3412481051035876 0.08503284487114703 0.09630116220313288 0.08166750884284987
0 0.3388125315816069 0.21058362809499745 0.09873673572511371 0.08897928246589182
0 0.1919277412834764 0.07771854471955536 0.10727134916624559 0.08654370894391106
0 0.7642243557352197 0.46046740778170797 0.08898433552299133 0.0962961091460335
0 0.7581303688731682 0.3245553309752401 0.07679636179888825 0.08044972208185958
0 0.7616902475997979 0.08377716018191005 0.08229914098029321 0.08288529560384031
0 0.9142344618494189 0.08671551288529561 0.08406265790803409 0.08406265790803431
0 0.19131884790298126 0.20144012127337038 0.10360788276907529 0.08532592218292065
0 0.19558362809499746 0.44645022738756945 0.08776149570490162 0.08288529560384027
0 0.8980697321879738 0.19429257200606367 0.08112177867609915 0.09346639717028801
0 0.059062657908034305 0.20753663466397168 0.10239009600808484 0.08776654876200107
0 0.8918974229408793 0.31450480040424456 0.08171298635674573 0.08582617483577562
0 0.8939540171803942 0.43354219302678115 0.08582617483577543 0.08406265790803427
0 0.0602804446690248 0.3269934310257706 0.10239009600808495 0.08289034866093999
0 0.0627185447195554 0.44766801414855995 0.09751389590702375 0.08776654876200107
0 0.7611773623041941 0.20814552804446687 0.08532592218292076 0.07923193532086908
0 0.6126831733198586 0.6813314805457301 0.08525517938352725 0.09403233956543716
0 0.05418645780697329 0.07832743810005054 0.10239009600808495 0.08532592218292073
