0 0.07252857705951916 0.6189948758376035 0.11866377611351997 0.11752463539613718
0 0.07366968860859285 0.753064643279464 0.1346393378005518 0.1255143870713441
0 0.575147812376823 0.3457213243988963 0.09013795821836816 0.08215608986992513
0 0.8963460780449349 0.35656089869925106 0.0958454867954278 0.09698462751281033
1 0.7965037445802129 0.7736046511627908 0.27042175798186857 0.1232282223098146
0 0.5705833661805282 0.48435553803705167 0.0947024044146629 0.09013795821836816
0 0.40684666929444224 0.19396728419392983 0.10497437918801719 0.09128498226251477
0 0.2510977532518723 0.17399881750098542 0.10611351990540009 0.09014189988175013
0 0.7291840756799368 0.4906306661411115 0.09013795821836798 0.0844383129680725
0 0.08850216791486006 0.17628104059913285 0.1049743791880174 0.09014189988175014
0 0.2504710287741427 0.03936145053212456 0.09595979503350421 0.07872290106424912
0 0.08673236105636577 0.029093417422152146 0.07199842333464716 0.05818683484430429
0 0.8894974379188019 0.6463795821836815 0.07986992510839573 0.08101300748916052
0 0.5705853370122193 0.7701813165155695 0.11980685849428474 0.11410327158060714
0 0.409698462751281 0.05476152936539219 0.08101300748916061 0.07758770201024832
1 0.7868052818289318 0.6406838785967679 0.25102483247930646 0.0946905794245172
0 0.4057055577453685 0.7639042175798186 0.12094994087504926 0.11980685849428466
0 0.9009085534095389 0.788435159637367 0.09356326369728034 0.09584548679542788
0 0.8815116279069768 0.08214623571147024 0.09812770989357489 0.0889988175009854
0 0.23968663776113522 0.7650571541190383 0.1152424122979897 0.11069767441860456
0 0.7377414268821443 0.07415845486795428 0.11410327158060724 0.09584548679542766
0 0.9117481277098937 0.21336420969649195 0.09242018131651564 0.0889988175009854
0 0.5682991722506898 0.06560110366574695 0.1015490737091053 0.09242412297989754
0 0.8843634213638156 0.5066062278281435 0.10155301537248705 0.0958454867954276
0 0.5791407173827355 0.2019550650374458 0.0958454867954278 0.0958454867954277
0 0.7440165549862041 0.33830508474576265 0.1038312968072524 0.09926685061095779
0 0.23111943240047295 0.6241348048876626 0.11182499014584142 0.11409538825384309
