0 0.40541820418204183 0.46028597785977854 0.1038868388683887 0.09529520295202977
0 0.7441205412054119 0.05177736777367777 0.11161131611316119 0.10355473554735554
0 0.09084563345633458 0.17215559655596552 0.10388068880688811 0.09272447724477244
0 0.9062177121771215 0.7581765067650675 0.10851168511685123 0.11327798277982784
0 0.4127183271832718 0.04576875768757684 0.11333333333333319 0.09153751537515369
0 0.9111469864698648 0.48155289052890526 0.11805043050430479 0.1079151291512915
1 0.30469864698646987 0.2752921279212791 0.17536285362853649 0.1452337023370233
0 0.7419741697416974 0.8981488314883148 0.10731857318573187 0.09701107011070115
0 0.5659686346863468 0.05590713407134071 0.10388068880688793 0.09701722017220174
0 0.7406826568265683 0.46887146371463717 0.1116113161131611 0.1038806888068883
0 0.9079858548585487 0.3467958179581796 0.10910824108241095 0.10731857318573174
1 0.4682349323493235 0.6637484624846249 0.15453874538745374 0.195750307503075
1 0.618849938499385 0.5474138991389914 0.14681426814268161 0.20347478474784744
0 0.40361623616236164 0.3361377613776138 0.0978720787207871 0.09100861008610107
0 0.2501845018450184 0.44837638376383776 0.09616236162361635 0.0875768757687578
1 0.7532718327183272 0.4157441574415744 0.11538745387453873 0.17308733087330855
0 0.5758425584255843 0.18039975399754002 0.09959409594095943 0.09357933579335802
0 0.5724108241082412 0.3254920049200492 0.10645756457564569 0.10216482164821646
0 0.7351076260762607 0.19670664206642066 0.10560270602706022 0.10044895448954483
1 0.16193111931119308 0.27634071340713406 0.19467404674046743 0.14094710947109476
0 0.9130535055350554 0.1873185731857318 0.11327798277982774 0.10612546125461252
1 0.7545940959409595 0.813410209102091 0.10645756457564569 0.23009225092250946
0 0.9178966789667896 0.0477490774907749 0.11328413284132828 0.0954981549815498
0 0.4393327183271832 0.7191389913899139 0.10130996309963104 0.08757687576875776
0 0.08956027060270602 0.464920049200492 0.09615621156211555 0.08585485854858567
0 0.09299200492004922 0.3090928659286593 0.09615621156211569 0.08843173431734319
1 0.9194372693726937 0.6884901599015989 0.11504920049200494 0.2172140221402214
0 0.590009225092251 0.7333087330873309 0.09186346863468617 0.09014760147601471
0 0.5861469864698647 0.6105350553505534 0.1064637146371464 0.09873308733087324
0 0.25526137761377615 0.3103843788437885 0.09787822878228782 0.09272447724477259
0 0.24324108241082412 0.0414329643296433 0.09959409594095946 0.0828659286592866
0 0.08655289052890523 0.037570725707257085 0.09701722017220173 0.07514145141451417
