1 0.29886223862238626 0.6972601476014759 0.12650676506765088 0.22075645756457551
0 0.12499692496924962 0.7704151291512914 0.10314268142681426 0.10374538745387453
0 0.4779981549815497 0.19028597785977858 0.12579950799508008 0.12162976629766295
0 0.12978474784747845 0.19146371463714643 0.12580565805658056 0.10970479704797043
0 0.30538745387453886 0.052198646986469865 0.12878228782287826 0.10439729397293973
0 0.29972939729397285 0.20221402214022136 0.1198400984009841 0.10731857318573185
0 0.1309440344403444 0.6207656826568266 0.11507380073800719 0.11089175891758912
1 0.48022140221402204 0.15596248462484627 0.13055350553505551 0.1750615006150062
0 0.123259532595326 0.33335485854858554 0.12222632226322248 0.12162976629766295
0 0.30388068880688796 0.344120541205412 0.1198400984009841 0.11328413284132832
1 0.1384440344403445 0.5515375153751539 0.11590405904059044 0.2060270602706027
0 0.29938191881918824 0.7597263222632227 0.11208487084870848 0.1144710947109471
0 0.1330719557195572 0.04682964329643295 0.12162976629766323 0.0936592865928659
