0 0.9549566377585057 0.90315877251501 0.08875250166777854 0.08691794529686465
1 0.9406270847231487 0.5781987991994664 0.11741160773849227 0.2405870580386923
1 0.8437925283522346 0.5752868579052701 0.17209472981987994 0.2386457638425617
1 0.7260573715810541 0.5801400933955971 0.17849232821881264 0.24963308872581705
1 0.6009472981987992 0.5788458972648433 0.19343562374916606 0.2354102735156771
1 0.6136891260840561 0.1467011340893929 0.1798532354903268 0.1603935957304869
1 0.7194296197464977 0.15155103402268183 0.16886591060707137 0.17009339559706474
1 0.8251701134089393 0.15575383589059374 0.15398265510340217 0.17979319546364245
1 0.9313142094729819 0.1521981320880587 0.13603735823882607 0.1649166110740494
0 0.510517011340894 0.30200800533689126 0.09545697131420947 0.0876984656437625
0 0.6187791861240827 0.3113208805870581 0.09933288859239493 0.09701134089392931
0 0.5609606404269513 0.19451967978652432 0.10632421614409603 0.09002668445630425
0 0.6637925283522348 0.2080987324883255 0.09002668445630416 0.08924616410940626
0 0.7371314209472982 0.30200466977985324 0.1016677785190128 0.10011340893929278
0 0.7809773182121414 0.2135356904603069 0.09313542361574384 0.09701134089392917
0 0.8562608405603737 0.3012308205470313 0.10865243495663787 0.1109739826551035
0 0.8973882588392261 0.2112074716477652 0.09933955970647115 0.09701134089392922
0 0.9565110073382256 0.30239492995330225 0.08564376250833886 0.09623749166110736
0 0.5450500333555703 0.6668412274849899 0.10244162775183453 0.09856571047364907
0 0.6641794529686458 0.675376917945297 0.10787858572381587 0.09390260173448962
0 0.7860240160106737 0.66684122748499 0.10321547698465616 0.09545697131420919
0 0.9132988659106069 0.6699432955303536 0.10011340893929288 0.09080053368912626
0 0.6374016010673783 0.9070380253502336 0.09002668445630416 0.08847231487658422
0 0.7495463642428286 0.9000500333555703 0.08924616410940622 0.08691794529686447
0 0.8492728485657103 0.9093629086057373 0.09933288859239503 0.09623082054703147
0 0.9109606404269514 0.9698799199466309 0.09236824549699788 0.05890593729152783
