0 0.6266695753344967 0.9464688772542176 0.09203606748109379 0.08746945898778373
0 0.31598894706224545 0.40415357766143106 0.0993542757417103 0.10105875509016868
0 0.3235602094240838 0.2668993600930774 0.12123327515997677 0.09936009307737059
0 0.3210529377545085 0.14986910994764396 0.09260034904013954 0.08420593368237346
0 0.6250349040139616 0.8116783013379871 0.09138452588714377 0.0861605584642233
0 0.46972076788830724 0.943455497382199 0.10930773705642827 0.09691681210005816
0 0.7832751599767306 0.9493310063990692 0.10442117510180332 0.10017452006980788
0 0.7757417102966842 0.8243164630599186 0.10273414776032605 0.09936009307737077
0 0.7883944153577661 0.6775159976730658 0.10814426992437441 0.10139616055846423
0 0.7830715532286212 0.5497673065735893 0.10983129726585233 0.09522978475858061
0 0.6307475276323444 0.6837434554973821 0.09431646305991866 0.08746364165212324
0 0.780779522978476 0.4181762652705061 0.10720186154741145 0.09673647469458982
0 0.7802094240837697 0.2943833624200116 0.09526468877254202 0.09116346713205353
0 0.7764688772542175 0.16919720767888305 0.10139616055846433 0.09127399650959858
0 0.9321116928446771 0.9529086678301338 0.1036649214659689 0.09301919720767883
0 0.9270796974985457 0.8282140779522978 0.10255962769051781 0.0952879581151832
0 0.6341768470040722 0.5494444444444444 0.10312972658522378 0.0949680046538685
0 0.6222542175683538 0.4205235602094241 0.08976730657358922 0.08584060500290863
0 0.9277021524141942 0.6936707388016289 0.09833624200116357 0.09258871436881914
0 0.6374403723094823 0.2811692844677138 0.08942408376963341 0.08322280395578825
0 0.9323851076207097 0.5585543920884235 0.11002908667830157 0.1030191972076788
0 0.9281180919139035 0.42940663176265265 0.10104130308318784 0.08420011634671318
0 0.4711169284467715 0.807911576497964 0.10651541593949969 0.10040721349621871
0 0.4761983711460152 0.15863583478766724 0.10446189645142512 0.10250727166957534
0 0.4750261780104712 0.40787085514834204 0.09357766143106457 0.08438627108784177
0 0.464543339150669 0.6804304828388598 0.0938336242001162 0.09324025596276907
0 0.9239092495636996 0.3081588132635253 0.09598603839441522 0.08756835369400812
0 0.9247498545666084 0.16922920302501454 0.0943048283885977 0.0926178010471204
0 0.6224752763234438 0.15828388598022106 0.09261780104712034 0.09093659104130307
0 0.4691972076788831 0.28198662012798137 0.0949738219895287 0.09138452588714367
0 0.4714805119255382 0.536064572425829 0.09954043048283885 0.09301337987201863
