1 0.05351851851851852 0.7072839506172839 0.09796621182586093 0.23916829109811594
0 0.09294346978557504 0.28104938271604935 0.09825860948667985 0.10014944769330722
0 0.2535055230669266 0.02911955815464591 0.09259909031838871 0.05823911630929182
0 0.026345029239766126 0.20015919428200127 0.05269005847953225 0.08390513320337871
0 0.8024691358024691 0.17846653671215074 0.09524366471734882 0.0967511371020142
0 0.7603118908382065 0.06620857699805067 0.08320987654320948 0.08321637426900595
0 0.2317608836907083 0.1962313190383366 0.0937361923326834 0.0944899285250163
0 0.2982943469785575 0.08545159194282008 0.09133853151397019 0.0875633528265107
0 0.3432586094866796 0.19434048083170893 0.09146848602988952 0.08920077972709549
1 0.6469558154645874 0.3815172189733593 0.19087069525666023 0.2097660818713453
0 0.7789863547758286 0.5260721247563352 0.09143599740090988 0.09142949967511367
0 0.7196621182586095 0.45151072124756336 0.08599090318388514 0.08381416504223517
0 0.6305458089668619 0.08699480181936321 0.08194931773879127 0.08195581546458747
0 0.03985705003248857 0.4451397011046134 0.07971410006497714 0.09322936972059787
0 0.6048213125406106 0.436812865497076 0.0827290448343078 0.07836907082521131
1 0.5392397660818715 0.3726965562053282 0.19968810916179353 0.18834307992202734
0 0.640198180636777 0.534779077322937 0.10776478232618548 0.10231968810916196
0 0.52503248862898 0.09329434697855747 0.0838401559454189 0.08447043534762833
0 0.5357017543859649 0.5287914230019493 0.09687459389213758 0.09469785575048721
1 0.467722547108512 0.06644249512670564 0.18413905133203373 0.13288499025341127
0 0.46080246913580253 0.18262508122157248 0.0922222222222221 0.09146198830409356
0 0.4328362573099415 0.5320597790773229 0.0892592592592595 0.08599090318388569
0 0.5707829759584145 0.17771280051981808 0.08844054580896679 0.0861728395061728
1 0.47939571150097476 0.4586809616634177 0.17575048732943463 0.20787524366471746
0 0.32344379467186496 0.5369558154645875 0.0903443794671865 0.08925925925925922
0 0.2135055230669266 0.5451202079272255 0.09687459389213786 0.08599090318388579
1 0.20790773229369722 0.48046133853151385 0.09143599740090957 0.20115659519168286
0 0.4110493827160494 0.10560753736192331 0.0737037037037039 0.07873944119558145
0 0.6807699805068226 0.17544509421702403 0.09826510721247532 0.09977907732293692
0 0.07852826510721249 0.7949317738791422 0.09905782975958402 0.08708252111760893
1 0.3745126705653022 0.45679012345679015 0.16503573749187778 0.2053541260558804
1 0.7027517868745937 0.053697205977907725 0.1932098765432102 0.10739441195581545
1 0.27372644574398963 0.46309291747888237 0.1436192332683562 0.21165692007797277
1 0.07051332033788173 0.21653996101364523 0.1051981806367769 0.19779727095516578
