1 0.7617596810933941 0.6061465451784359 0.1545823842065302 0.15325740318906603
1 0.9509889901290814 0.8646753986332574 0.09726271829916468 0.26988990129081264
1 0.5669001518602885 0.6136104783599089 0.1179233105542901 0.14309794988610483
1 0.055421412300683384 0.6235876993166287 0.07913439635535292 0.1389369779802582
1 0.3676632498101746 0.6197930903568716 0.09628321943811695 0.13647304479878508
1 0.3676632498101746 0.6197930903568716 0.09628321943811695 0.13647304479878508
1 0.6693944570994684 0.6094058466211086 0.14317008352315858 0.14537965072133643
1 0.2628132118451025 0.6165223993925588 0.0905391040242975 0.15060744115413824
1 0.15911161731207288 0.616586940015186 0.07791192103265006 0.15157934700075926
1 0.8558143507972665 0.6083010630220198 0.16856871678056215 0.14390660592255122
1 0.4686199696279423 0.6151461655277145 0.10563022019741843 0.14464312832194387
