0 0.9248900887003472 0.34739490937138445 0.10543000385653674 0.10005013497878898
0 0.17026610104126494 0.07780177400694177 0.1076745082915541 0.09376783648283842
0 0.3169147705360586 0.07892209795603548 0.10884689548785198 0.09861550327805631
0 0.03510991129965289 0.08296182028538372 0.07021982259930579 0.09062861550327804
0 0.76157732356344 0.3415657539529503 0.09734670266101038 0.10183571153104513
0 0.7698823756266873 0.20360200539915155 0.11126494408021599 0.10229078287697643
0 0.3150520632472039 0.21288661781720014 0.10698804473582724 0.09489008870034706
0 0.31551677593521016 0.3408040879290397 0.10233320478210563 0.09768222136521408
0 0.46343810258387974 0.21102583879676048 0.10977632086386432 0.09861164674122636
0 0.9287042036251446 0.2078634785962206 0.09601234091785589 0.09645969919012724
0 0.46345738526802943 0.3491881989973004 0.10408407250289235 0.09645584265329733
0 0.030622830698033152 0.20925568839182412 0.061245661396066305 0.0812032394909371
0 0.6171191669880447 0.3496374855379869 0.11171615888931756 0.09915156189741611
0 0.6148746625530275 0.21616467412263787 0.10812186656382582 0.09780563054377174
0 0.6175684535287312 0.0813478596220594 0.10543386039336688 0.09556112610875432
0 0.03645584265329733 0.3420574623987659 0.07291168530659466 0.09645584265329728
0 0.16959313536444276 0.3427284998071731 0.10632857693790976 0.09511376783648284
0 0.1689201696876205 0.20768607790204396 0.10229078287697653 0.09959892016968759
