0 0.4684679590737748 0.8299353796445881 0.08926763597199779 0.08978998384491127
0 0.31959073774905766 0.9516074313408723 0.08269251480883173 0.08833064081852439
0 0.17977382875605824 0.6960285406569736 0.09136241249326867 0.08926763597199779
0 0.039116855142703334 0.8348976844372643 0.07823371028540667 0.09762520193861067
1 0.7266666666666666 0.6897792137856757 0.18550350026925141 0.10756058158319863
0 0.6304846526655897 0.9476871297792138 0.09742595584275744 0.09093699515347335
0 0.0383333333333333 0.7004684975767367 0.0766666666666666 0.09605815831987095
0 0.4726575121163167 0.70541464728056 0.08924609585352723 0.09137856758212182
0 0.17977113624124932 0.8346338179859989 0.09449111470113102 0.08561658589122223
0 0.0379806138933764 0.9603715670436187 0.0759612277867528 0.07817985998922994
0 0.17381260096930534 0.9586510500807756 0.08707592891760896 0.08162089391491652
0 0.47745826602046304 0.9597145934302639 0.101486268174475 0.07949380721593968
0 0.3311712439418417 0.6986402800215401 0.09553581044695737 0.09449111470113068
0 0.3254254173397954 0.8260204631125471 0.09240172320947772 0.09031771674744211
0 0.791120086160474 0.7041087775982767 0.09472267097469066 0.08660204631125473
