0 0.519116847826087 0.6365788043478261 0.10040760869565213 0.09575543478260871
0 0.5162255434782609 0.3981467391304348 0.0913423913043477 0.09075000000000007
0 0.5155271739130435 0.761366847826087 0.09768478260869576 0.09715760869565222
0 0.9382853260869564 0.887358695652174 0.10277717391304364 0.09093478260869588
1 0.8759782608695653 0.6509239130434782 0.17967391304347835 0.08978260869565224
1 0.8740217391304349 0.7742663043478261 0.17260869565217385 0.08092391304347812
1 0.8749755434782609 0.8857934782608696 0.18820108695652185 0.0878695652173913
0 0.37978260869565217 0.1449021739130435 0.09359782608695644 0.09353260869565218
0 0.9350489130434783 0.2721603260869565 0.08809782608695639 0.08495108695652169
0 0.5205679347826087 0.5170570652173914 0.10863586956521727 0.09621195652173918
0 0.9339429347826088 0.7666358695652175 0.0876793478260869 0.08393478260869545
0 0.37639130434782603 0.38550543478260874 0.1025978260869564 0.10066304347826084
0 0.7986902173913043 0.39941304347826084 0.09439130434782599 0.07866304347826088
0 0.9360027173913043 0.14992391304347827 0.09874456521739143 0.097
0 0.3698804347826086 0.754358695652174 0.11126086956521751 0.10505434782608702
0 0.3756440217391304 0.27177717391304346 0.09836413043478248 0.09943478260869565
0 0.5135652173913043 0.8844347826086958 0.10001086956521742 0.09530434782608684
0 0.9337826086956522 0.3986413043478261 0.09041304347826103 0.07523913043478263
0 0.3686277173913043 0.6367010869565217 0.0983097826086956 0.10143478260869561
0 0.938983695652174 0.6395135869565218 0.0833804347826087 0.07709239130434781
0 0.7981766304347826 0.15810054347826086 0.08810326086956509 0.08652717391304346
0 0.9361222826086957 0.5154130434782608 0.09224456521739124 0.0902717391304348
0 0.37449456521739133 0.5091630434782609 0.10835869565217394 0.10180434782608694
0 0.797391304347826 0.2878940217391304 0.08967391304347831 0.08180978260869569
0 0.5157798913043476 0.147875 0.08652717391304336 0.08495652173913043
0 0.5260271739130434 0.26442934782608696 0.1006630434782607 0.09266304347826083
