1 0.8555689981096407 0.6149168241965973 0.07880529300567096 0.15051417769376177
1 0.7550340264650283 0.6158223062381852 0.09065028355387514 0.15232514177693746
1 0.8594650283553875 0.8715879017013232 0.09437051039697558 0.2560680529300566
1 0.9597863894139886 0.8655198487712665 0.07967107750472585 0.26820415879017
1 0.7424555765595462 0.8691776937618149 0.09412098298676737 0.26088846880907357
1 0.6313705103969753 0.863648393194707 0.09302457466918715 0.27194706994328915
1 0.5223364839319471 0.8724612476370511 0.07907750472589797 0.254321361058601
1 0.44399432892249524 0.8812098298676748 0.08035160680529307 0.2368241965973534
1 0.35867107750472593 0.86934404536862 0.08944045368620039 0.2605557655954631
1 0.21604536862003781 0.8697863894139886 0.09627221172022683 0.25967107750472573
1 0.6535652173913044 0.6183497164461247 0.09817013232514184 0.1488355387523629
1 0.5547599243856333 0.620381852551985 0.10863516068052925 0.15085822306238192
1 0.4602211720226843 0.6181474480151229 0.11827221172022687 0.1535727788279773
1 0.36760680529300566 0.6204139886578449 0.13194706994328917 0.15016635160680514
1 0.2788109640831758 0.6215897920604916 0.14646124763705098 0.14624196597353512
1 0.18589981096408317 0.6237258979206048 0.1623402646502836 0.14602268431001883
1 0.10877882797731571 0.8680831758034027 0.1006880907372401 0.2630775047258978
1 0.9588279773156899 0.6140226843100189 0.07758790170132326 0.15094896030245744
