0 0.2102781173594132 0.6543856968215159 0.09481051344743276 0.0936858190709046
0 0.37560819070904644 0.7672677261613692 0.09243887530562349 0.09309290953545245
0 0.503010391198044 0.7702322738386309 0.08769559902200494 0.0907212713936429
0 0.49738080684596586 0.6531968215158923 0.08473716381418088 0.08657701711491443
0 0.6585605134474327 0.777640586797066 0.08473716381418098 0.08657701711491433
0 0.6478942542787286 0.6493490220048901 0.08592298288508565 0.08598410757946218
0 0.8061155256723718 0.7684535452322738 0.08355134474327629 0.08597799511002463
0 0.7951497555012225 0.5050550122249389 0.0829645476772616 0.08301955990220038
1 0.28153728606356965 0.6219987775061124 0.20983496332518334 0.1315525672371638
1 0.6990036674816625 0.6205165036674817 0.15234718826405869 0.1262163814180929
1 0.8335177261613693 0.48867053789731046 0.14761002444987759 0.11732885085574579
