1 0.04082539682539679 0.7678857142857142 0.08165079365079358 0.37996190476190483
0 0.81155873015873 0.7811841269841269 0.10015873015873024 0.10015873015873016
0 0.5082507936507937 0.7725079365079366 0.09601904761904768 0.09786666666666664
0 0.36838095238095225 0.9185714285714285 0.08952380952380952 0.0930666666666666
1 0.44659682539682544 0.10413015873015873 0.16824126984126983 0.11951111111111098
0 0.3629873015873015 0.6441682539682541 0.1034095238095238 0.09971428571428588
1 0.3500793650793651 0.41893333333333327 0.12240634920634914 0.2534984126984126
1 0.4905650793650794 0.41538730158730164 0.1764698412698414 0.25881269841269855
0 0.6602825396825398 0.8996126984126986 0.09601904761904786 0.09725714285714279
0 0.5036317460317461 0.6352444444444445 0.09786666666666655 0.10279365079365087
1 0.7507523809523808 0.7455555555555556 0.1887936507936505 0.13295238095238063
0 0.4993269841269842 0.11020317460317455 0.10772063492063491 0.10279365079365084
1 0.4905650793650794 0.41538730158730164 0.1764698412698414 0.25881269841269855
1 0.14433015873015867 0.7433206349206349 0.11273650793650788 0.40232380952380953
