0 0.6237975027144409 0.49960097719869717 0.0972584147665581 0.09030944625407154
1 0.4727198697068404 0.5812024972855591 0.10368078175895741 0.19426167209554832
0 0.1842182410423453 0.3715689467969599 0.10368078175895783 0.09578718783930514
0 0.32985342019543973 0.5128745928338762 0.10370249728555916 0.09714983713355071
0 0.9193702497285559 0.2400298588490771 0.08336590662323573 0.08904994571118363
0 0.62607220412595 0.2539847991313789 0.09536916395222593 0.08905537459283384
0 0.046188925081433255 0.3736780673181325 0.09237785016286651 0.09683496199782841
0 0.3401384364820846 0.9044245385450599 0.09731270358306189 0.08730727470141163
0 0.9124212812160695 0.6218078175895766 0.08715526601520084 0.09599348534201957
0 0.6257871878393051 0.12236970684039088 0.10052117263843656 0.0984201954397394
0 0.04487242128121605 0.2497312703583062 0.0897448425624321 0.09631378935939204
0 0.4785396308360478 0.3758116178067318 0.09852334419109672 0.10420738327904448
0 0.923159609120521 0.36949782844733986 0.09220412595005438 0.09157980456026067
0 0.3326981541802388 0.7618512486427796 0.08867535287730735 0.08260586319218233
1 0.3300461454940282 0.6928827361563519 0.09700868621064063 0.18264929424538548
1 0.6225081433224755 0.46029044516829537 0.10231270358306183 0.1546091205211726
1 0.18812703583061888 0.573471769815418 0.09649294245385463 0.17279587404994565
0 0.7784120521172638 0.12210369163952228 0.09526058631921835 0.08631378935939198
0 0.4811590662323562 0.7595086862106405 0.0873669923995658 0.08315418023887078
0 0.47710912052117255 0.12289359391965256 0.10736699239956575 0.11000000000000004
1 0.18266829533116172 0.33883550488599345 0.10558631921824091 0.15097176981541796
0 0.17869435396308364 0.11894679695982628 0.10842019543973958 0.10105320304017376
0 0.04107220412595004 0.5367643865363735 0.08214440825190009 0.08336590662323555
0 0.04382193268186755 0.11789359391965253 0.0876438653637351 0.09684039087947875
1 0.18674267100977193 0.8036617806731814 0.10228013029315954 0.22656351791530946
0 0.18869978284473388 0.6288409337676438 0.10003800217155268 0.09321932681867538
0 0.4792671009771987 0.6423181324647121 0.10586319218241036 0.0960369163952227
0 0.7687404994571118 0.5014956568946797 0.09031487513572183 0.09788816503800223
0 0.18811889250814337 0.8815852334419109 0.09429424538545063 0.09167209554831716
1 0.7449375678610208 0.6900651465798046 0.13368621064060804 0.19462540716612378
0 0.7674782844733985 0.7484364820846906 0.09157980456026053 0.0903148751357222
1 0.04789359391965257 0.4742372421281215 0.09578718783930514 0.18113463626492934
1 0.05170738327904452 0.7026167209554831 0.10194896851248653 0.21281216069489686
0 0.7646362649294245 0.873485342019544 0.10105320304017396 0.10673181324647144
0 0.47727470141150935 0.24981541802388713 0.10105320304017368 0.10231270358306192
0 0.9127388707926167 0.7446471226927254 0.09030944625407163 0.09789359391965279
0 0.3244761129207383 0.11894679695982631 0.10420738327904439 0.10946796959826281
0 0.05023615635179157 0.8836427795874048 0.09624864277958739 0.08639522258414763
1 0.32713626492942455 0.45449511400651454 0.12004885993485352 0.1855374592833876
0 0.7737947882736156 0.3846552660152009 0.09284473398479916 0.09788816503800213
0 0.0444326818675353 0.7795738327904451 0.0888653637350706 0.09283930510314888
0 0.9252524429967428 0.1134201954397394 0.09315418023887084 0.09105320304017374
0 0.7724049945711183 0.24861834961997833 0.08778501628664477 0.08526058631921823
0 0.4819218241042345 0.8981948968512485 0.09018458197611301 0.08488056460369159
