1 0.6315132408575032 0.7112421185372005 0.11712484237074418 0.4098738965952081
1 0.45792559899117274 0.7288020176544767 0.10646910466582575 0.41219419924337936
1 0.24500945775535934 0.7285844892812106 0.11414249684741481 0.4060970996216899
1 0.7209489281210594 0.7291298865069356 0.09946406052963434 0.4057755359394704
1 0.9695239596469103 0.7291330390920555 0.05969104665825984 0.36880832282471615
1 0.18824401008827232 0.7121059268600253 0.08265447667087004 0.4080706179066833
1 0.5325851197982345 0.7066866330390921 0.08361916771752828 0.4401071878940729
1 0.3970334174022698 0.7352931904161412 0.0677742749054226 0.37584489281210576
1 0.8974148802017655 0.7148896595208071 0.11160151324085744 0.40897225725094577
1 0.32177490542244636 0.7132881462799495 0.0862610340479191 0.3952143757881464
1 0.7859962168978564 0.7197887767969736 0.08914249684741493 0.4045586380832284
