0 0.2772503689129366 0.575848499754058 0.10167240531234616 0.09965568125922278
0 0.5239301524840138 0.803787506148549 0.09252336448598124 0.0840137727496312
0 0.7602828332513528 0.4905115592720119 0.09822429906542048 0.08972946384653235
0 0.39505656665027056 0.46630595179537626 0.08829316281357599 0.09257255287752086
0 0.14724545007378265 0.13167732415150027 0.10285292670929658 0.09139203148057061
0 0.7651082144613869 0.809640924741761 0.09823413674372856 0.10368912936546983
0 0.7628603049680275 0.6005730447614364 0.09611903590752624 0.08758976881455975
0 0.3932120019675357 0.35723069355632076 0.08893261190359084 0.09232661091982294
0 0.632452041318249 0.2655705853418593 0.08605509099852426 0.08608460403344809
0 0.03659616330545996 0.23133300541072305 0.07319232661091991 0.10309886866699458
0 0.631598622725037 0.1680816527299557 0.07746187899655678 0.07829808165272995
0 0.035956714215445114 0.905976389572061 0.07191342843089023 0.11947860304968011
0 0.6429906542056073 0.8033202164289227 0.09001475651746187 0.09085095917363495
0 0.7464436792916872 0.1795745204131825 0.08580423020167229 0.07951303492375801
0 0.15110673880964093 0.23753074274471223 0.10191834727004441 0.09985243482538121
0 0.2759960649286768 0.694613871126414 0.10093457943925224 0.09193310378750612
0 0.15162321692080669 0.5693310378750616 0.10570585341859304 0.1042302016724053
0 0.6464092474176093 0.5901869158878504 0.09911460895228692 0.09429414658140678
0 0.522798819478603 0.6953516969995082 0.09704869650762432 0.0945892769306444
0 0.036684702410231154 0.4517634038366946 0.07336940482046231 0.11162321692080673
0 0.2733644859813084 0.4680029513034924 0.10157402852926709 0.09852434825381212
0 0.3928898180029514 0.13596163305459913 0.08691096901131336 0.08833251352680768
0 0.7730668962124938 0.9265100836202657 0.10846532218396414 0.1025135268076733
0 0.40361534677816047 0.799508116084604 0.10255779636005903 0.09257255287752096
0 0.2740285292670929 0.2520142646335465 0.09680275454992635 0.09114117068371863
0 0.39151500245941956 0.24631087063453028 0.09252336448598124 0.0911460895228726
0 0.03977865223807176 0.5653172651254303 0.07955730447614352 0.10527299557304484
0 0.15371372356123955 0.8002213477619282 0.11529758976881438 0.10255779636005913
0 0.035317265125430375 0.6770536153467782 0.07063453025086075 0.10275454992621746
0 0.3957697983275948 0.697688145597639 0.0897196261682243 0.09109690113133292
0 0.3993359567142154 0.575233644859813 0.0911460895228727 0.08829316281357595
0 0.40078701426463365 0.9134038366945404 0.10821446138711267 0.11534677816035417
0 0.2747393015248402 0.1331308411214953 0.09538121003443181 0.09823413674372847
0 0.5250368912936547 0.47661091982292186 0.0979832759468764 0.09685194294146589
0 0.03544023610427936 0.7888834235120511 0.07088047220855873 0.10241023118544032
0 0.5251352680767338 0.9151500245941958 0.10683718642400386 0.10191834727004447
0 0.2781603541564191 0.9139940973930154 0.11283817019183447 0.10521396950319721
0 0.6487211018199703 0.7043039842597146 0.10137727496310842 0.0971470732907034
0 0.6407279881947859 0.4768568617806198 0.09227742252828298 0.09655681259222819
0 0.516468273487457 0.15811854402361042 0.08688637481554373 0.07747663551401869
0 0.1513772749631087 0.4563207083128381 0.11564190850959193 0.10614854894244961
0 0.2761682242990653 0.35452533202164294 0.10108214461387113 0.0911460895228726
0 0.7514018691588784 0.2830447614363011 0.09011313330054103 0.07627151992129863
0 0.036645351696999506 0.12172897196261681 0.07329070339399901 0.10110673880964094
0 0.6381603541564191 0.37623216920806685 0.08262666010821453 0.078052139695032
0 0.04021151008362026 0.3399163797343827 0.08042302016724052 0.10393507132316775
0 0.7581701918347271 0.3779168716182981 0.08926709296606021 0.0859862272503689
0 0.6492375799311362 0.917683226758485 0.10113133300541072 0.09822921790457466
0 0.1494589276930645 0.9126906050172159 0.10964092474176099 0.1053615346778161
0 0.5217658632562716 0.2547097884899164 0.09862272503689125 0.08915395966551895
0 0.5200688637481554 0.3669945892769306 0.1002459419576978 0.09572060993605509
0 0.7607378258730938 0.7067634038366944 0.09377274963108684 0.08829316281357595
0 0.1544269552385637 0.6827594687653714 0.11672405312346273 0.11249385145105766
0 0.2774225282833251 0.8004918839153959 0.09621249385145128 0.09670437776684708
0 0.14805705853418594 0.34503197245450073 0.1162813575996063 0.10462370880472209
0 0.5236596163305461 0.5926217412690605 0.09227742252828336 0.09139203148057054
