0 0.4194404029099048 0.12324006715165081 0.13895914941242293 0.1265025181869054
0 0.12093452714045883 0.12922495803021827 0.11987688864017897 0.11500279798545048
0 0.5678819250139899 0.2616172355903749 0.13620033575825402 0.1290318970341354
0 0.5549804141018467 0.13482092893116954 0.11645215444879706 0.10976496922216009
0 0.8498041410184666 0.14310016787912705 0.1036373810856182 0.09790710688304421
0 0.41806379406827077 0.26136821488528256 0.13891438164521527 0.14240067151650812
0 0.8490458869613878 0.0337716843872412 0.09675993284834913 0.0675433687744824
0 0.7175713486289871 0.26194739787353105 0.1366536094012314 0.13284834918858413
0 0.5518970341354225 0.031197537772803582 0.11050923335198656 0.062395075545607165
0 0.8470872971460548 0.27159205372132067 0.09832680470061561 0.10371012870733068
0 0.7179378847229995 0.034238947957470595 0.10920537213206503 0.06847789591494119
0 0.2686121992165641 0.12301343033016232 0.13621712367095673 0.1252098489087857
0 0.27068830442081704 0.2580218242865137 0.1380190263010631 0.13241745942921104
0 0.7175153889199777 0.13107722439843308 0.1250139899272524 0.12102406267487407
