1 0.46862177470106997 0.40291692888609193 0.17491504090623042 0.25653241032095664
0 0.48615166771554447 0.7568911264946507 0.09517306482064196 0.09700440528634362
0 0.3421680302076777 0.6296821900566394 0.1024984266834487 0.09883574575204547
1 0.3293738200125866 0.40643171806167394 0.12132787916928882 0.25126494650723713
0 0.6368439269981121 0.8828760226557585 0.09517306482064224 0.09640025173064802
1 0.4250409062303336 0.09440213971050974 0.16675896790434228 0.11845814977973557
1 0.46862177470106997 0.40291692888609193 0.17491504090623042 0.25653241032095664
0 0.4773064820641913 0.10042164883574571 0.10677155443675258 0.1018879798615482
1 0.09946192573945883 0.7671460037759597 0.11689741976085587 0.4053429830081814
0 0.48157331655129015 0.6208370044052863 0.09700440528634352 0.10188797986154824
