0 0.6378012788981801 0.03393999016232169 0.10167240531234621 0.06787998032464337
0 0.8844810624692571 0.24599114608952286 0.09252336448598124 0.08401377274963107
0 0.2477127397934087 0.2306443679291687 0.10526315789473682 0.09758976881455968
0 0.3775946876537136 0.34818002951303495 0.10973930152484006 0.11947860304968021
0 0.6365469749139203 0.13681751106738807 0.10093457943925219 0.09193310378750608
0 0.5121741269060502 0.031824889326119064 0.10570585341859297 0.06364977865223813
0 0.8833497294638465 0.13755533694048203 0.09704869650762432 0.09458927693064434
0 0.764166256763404 0.24171175602557793 0.10255779636005903 0.09257255287752093
0 0.5142646335464831 0.24242498770290205 0.11529758976881425 0.102557796360059
0 0.3797343826856862 0.1192572552877521 0.10290211510083608 0.10275454992621746
0 0.11913428430890312 0.11640432857845547 0.10250860796851949 0.11249385145105756
0 0.7563207083128383 0.1398917855386129 0.08971962616822435 0.09109690113133304
0 0.11628135759960653 0.2367437284800787 0.11106738809640934 0.11106738809640922
0 0.11271519921298567 0.35275454992621735 0.10678799803246428 0.1124938514510576
0 0.7598868666994588 0.030791933103787517 0.09114608952287274 0.061583866207575035
0 0.7613379242498772 0.355607476635514 0.10821446138711263 0.11534677816035417
0 0.378283325135268 0.23108706345302513 0.10629611411706832 0.10241023118544029
0 0.8856861780619771 0.3573536645351697 0.10683718642400376 0.10191834727004413
0 0.6387112641416625 0.3561977373339892 0.11283817019183451 0.10521396950319717
0 0.24867191342843087 0.3510575504181014 0.10619773733398923 0.10378750614854895
0 0.24889326119035907 0.11965076242006886 0.1000491883915394 0.10482046237088043
0 0.5100098376783081 0.3548942449581899 0.10964092474176103 0.10536153467781592
0 0.5149778652238072 0.12496310870634535 0.11672405312346266 0.11249385145105756
0 0.6379734382685686 0.2426955238563699 0.09621249385145132 0.09670437776684711
0 0.8842105263157896 0.040260698475159874 0.09227742252828326 0.08052139695031975
