0 0.6837358393408857 0.7749897013388259 0.07438208032955713 0.07088568486096829
1 0.7126647785787847 0.7145854788877447 0.12035530381050451 0.17871781668383113
0 0.23700051493305874 0.29919927909371785 0.09584449021627195 0.07887229660144178
0 0.951534500514933 0.1633161688980432 0.09590113285272918 0.09185375901132846
0 0.26112770339855823 0.796598867147271 0.09402677651905249 0.0914366632337797
0 0.38576210092687946 0.42849382080329557 0.09485066941297629 0.08186920700308957
1 0.44404737384140064 0.5993177136972193 0.14155509783728115 0.19236354273944375
0 0.9571035015447993 0.5606179196704428 0.08476313079299676 0.07907312049433575
0 0.5115216271884655 0.18609423274974252 0.07763645726055601 0.07116889804325438
1 0.29234037075180225 0.27083419155509786 0.16772914521112256 0.12280123583934091
1 0.1365216271884655 0.05155252317198764 0.1838259526261586 0.09575180226570536
1 0.9619850669412977 0.7179299691040164 0.07500000000000004 0.2018537590113285
0 0.07600669412976313 0.06182801235839338 0.08835736354273944 0.0823686920700309
0 0.8079866117404737 0.04796343975283212 0.09834191555097842 0.09592687950566424
1 0.9560247167868179 0.5013105046343975 0.08692070030895979 0.17180741503604532
0 0.9512847579814626 0.04421730175077241 0.09640061791967032 0.08843460350154482
0 0.5586045314109165 0.886614315139032 0.08626158599382067 0.08986096807415027
1 0.561941297631308 0.500326982492276 0.12945417095777556 0.16713182286302794
1 0.5520983522142121 0.1500077239958805 0.13162203913491252 0.12508238928939241
1 0.8365473738414005 0.8260144181256437 0.08704943357363529 0.20199794026776527
0 0.9540319258496396 0.28836508753862 0.09090628218331624 0.09135427394438729
0 0.40389289392378985 0.6624639546858909 0.09144181256436656 0.08885169927909387
0 0.5251313079299691 0.5590345005149331 0.08087023686920695 0.07967559217301746
1 0.42547373841400615 0.39150617919670444 0.15527291452111225 0.14815139031925845
1 0.5829299691040165 0.8313619979402678 0.13465499485066945 0.19236354273944412
0 0.9570571575695158 0.7909243048403707 0.0848558187435634 0.08805870236869215
0 0.6659654994850669 0.04499485066941297 0.09524716786817715 0.08925849639546853
0 0.8275978372811534 0.9050875386199791 0.08482492276004129 0.07979402677651903
