0 0.7107856308411217 0.7131658878504673 0.0887675233644862 0.0803154205607476
0 0.5701168224299065 0.9564515186915888 0.09175233644859809 0.08592873831775692
0 0.569106308411215 0.7075934579439253 0.07882009345794394 0.08154205607476636
0 0.7052073598130842 0.5951781542056075 0.09299649532710282 0.08792640186915893
0 0.12946553738317756 0.16992114485981308 0.09469042056074747 0.09299649532710277
0 0.276571261682243 0.29250876168224293 0.09468457943925226 0.09130257009345788
0 0.7031308411214953 0.20732476635514016 0.09343457943925237 0.08258177570093457
0 0.7150146028037384 0.8435075934579438 0.08595210280373862 0.07609228971962616
0 0.13284754672897206 0.43116238317757005 0.10145443925233648 0.08454439252336449
0 0.42586156542056075 0.4450963785046729 0.08018107476635515 0.07474883177570096
0 0.4249795560747664 0.5718954439252336 0.08425817757009343 0.08630257009345799
0 0.42791471962616817 0.9545560747663553 0.09297897196261672 0.08971962616822425
0 0.4334754672897197 0.7037237149532709 0.07406542056074772 0.07134929906542051
0 0.42909170560747656 0.8324941588785046 0.07632593457943927 0.07515186915887845
0 0.5752365654205608 0.8377044392523364 0.09509929906542051 0.08767523364485999
0 0.28449474299065414 0.9563376168224298 0.09299649532710282 0.08454439252336449
0 0.2780811915887851 0.8291617990654206 0.08623247663551385 0.08453855140186932
0 0.2816384345794392 0.5557827102803738 0.09131425233644858 0.09030373831775707
0 0.27521028037383183 0.428446261682243 0.09717289719626172 0.08086448598130844
0 0.28080023364485984 0.6873276869158879 0.08961448598130843 0.08285630841121494
0 0.7020473130841121 0.3327394859813084 0.08879088785046753 0.08043224299065418
0 0.7067348130841123 0.4620035046728972 0.09793224299065398 0.08790887850467283
0 0.2813931074766356 0.15724883177570093 0.09853387850467288 0.09648364485981309
0 0.5643633177570093 0.1955665887850467 0.08830607476635534 0.08491822429906543
0 0.5684141355140188 0.3212938084112149 0.09243574766355142 0.0903679906542056
0 0.5650350467289719 0.4429147196261682 0.10191588785046728 0.09851635514018688
0 0.13558411214953278 0.5617143691588785 0.11357476635514022 0.10519275700934574
0 0.571136098130841 0.5737207943925234 0.09379088785046719 0.09239485981308414
0 0.12848714953271018 0.6943341121495328 0.10662383177570091 0.10221962616822439
0 0.1263084112149533 0.8293808411214952 0.10378504672897186 0.09602803738317751
0 0.12837032710280374 0.9615157710280373 0.09739485981308399 0.07580023364485985
0 0.40718165887850466 0.19062792056074765 0.09987733644859827 0.08627920560747662
0 0.12862149532710268 0.30941880841121494 0.0963785046728972 0.08792640186915883
0 0.7143078271028037 0.9623247663551403 0.09299649532710282 0.07418224299065426
0 0.4211068925233645 0.3159900700934579 0.09513434579439248 0.07882593457943929
