0 0.699121212121212 0.8386060606060607 0.12503030303030277 0.10727272727272731
0 0.38153636363636356 0.27542727272727274 0.11050303030303016 0.0982484848484849
0 0.05848484848484848 0.544969696969697 0.11381818181818193 0.11381818181818186
0 0.22405454545454548 0.27501818181818183 0.10219393939393931 0.0922181818181818
0 0.3797878787878787 0.4078787878787879 0.11399999999999992 0.11054545454545468
0 0.36403030303030287 0.9567272727272728 0.1350909090909091 0.08533333333333329
0 0.20433333333333328 0.954969696969697 0.13157575757575768 0.08884848484848475
0 0.3701515151515152 0.5473636363636364 0.1158181818181821 0.11581818181818178
0 0.05499999999999999 0.9493939393939395 0.10999999999999999 0.09999999999999992
0 0.05293939393939396 0.8235151515151515 0.10587878787878792 0.12315151515151528
0 0.8455969696969697 0.8587787878787879 0.10173939393939382 0.10349696969696974
0 0.05084848484848483 0.6920909090909091 0.10169696969696966 0.11399999999999992
0 0.2175151515151514 0.5491212121212121 0.12278787878787874 0.11581818181818178
0 0.6903242424242423 0.1649030303030303 0.09649090909090907 0.09473939393939394
0 0.7059151515151515 0.2929272727272727 0.09316363636363621 0.08670303030303032
0 0.6900939393939394 0.4381090909090909 0.09352121212121212 0.08943030303030305
0 0.7025151515151515 0.572421212121212 0.10744242424242416 0.098939393939394
0 0.6989424242424243 0.7123363636363637 0.09826060606060612 0.091121212121212
0 0.5330151515151516 0.5584818181818182 0.10370303030303035 0.09690303030303031
0 0.5331848484848485 0.42842424242424243 0.09044242424242424 0.08092121212121207
0 0.5306363636363636 0.29377878787878786 0.0989454545454545 0.0952060606060606
0 0.5440636363636363 0.15913333333333335 0.09656363636363632 0.09452121212121212
0 0.8525151515151514 0.17012727272727274 0.08460606060606043 0.07226666666666666
0 0.852909090909091 0.3101969696969697 0.08870303030303024 0.08092727272727278
0 0.8517424242424243 0.44442424242424244 0.09415151515151546 0.08326060606060602
0 0.8605636363636364 0.7076181818181818 0.08989090909090922 0.08460606060606053
0 0.3789181818181817 0.1535 0.09123030303030316 0.08245454545454545
0 0.21751212121212124 0.1535 0.091230303030303 0.07895151515151519
0 0.21702424242424245 0.4107272727272727 0.09166060606060611 0.08049696969696978
0 0.0530909090909091 0.4088363636363636 0.09652121212121212 0.09855757575757577
0 0.056987878787878775 0.13332727272727274 0.09999999999999999 0.08772121212121213
0 0.056109090909090935 0.27104545454545453 0.0947393939393939 0.08596969696969696
