1 0.41827564505978604 0.40291692888609193 0.1749150409062303 0.25653241032095664
0 0.43580553807426053 0.7568911264946507 0.0951730648206419 0.09700440528634362
0 0.29182190056639395 0.6296821900566394 0.10249842668344866 0.09883574575204547
1 0.27902769037130265 0.40643171806167394 0.12132787916928882 0.25126494650723713
0 0.5864977973568283 0.8828760226557585 0.09517306482064214 0.09640025173064802
1 0.37469477658904976 0.09440213971050974 0.16675896790434233 0.11845814977973557
1 0.41827564505978604 0.40291692888609193 0.1749150409062303 0.25653241032095664
0 0.42696035242290753 0.10042164883574571 0.10677155443675258 0.1018879798615482
1 0.05378225298930147 0.7671460037759597 0.10756450597860294 0.4053429830081814
0 0.43122718691000633 0.6208370044052863 0.09700440528634342 0.10188797986154824
