0 0.15216162193032562 0.42155910908052535 0.09919474585950887 0.08266133637921184
0 0.14802969731581941 0.3025271273557967 0.09423186750428326 0.08596801827527124
0 0.1488549400342661 0.1661364934323244 0.09258138206738986 0.09092518560822385
0 0.29135351227869793 0.41890348372358654 0.09500856653340954 0.07906339234723016
0 0.7117732724157625 0.5819217589948601 0.0909251856082239 0.08596801827527138
0 0.7213620788121073 0.8247201599086236 0.08403769274700201 0.07439748715019998
0 0.717227298686465 0.6972815533980582 0.08679040548258161 0.07852655625356934
0 0.7113535122786978 0.3236721873215306 0.08147344374643052 0.07532838378069674
0 0.7097430039977155 0.20270702455739578 0.09135351227869795 0.08074243289548831
0 0.2960850942318676 0.1520902341519132 0.09896630496858931 0.09102227298686465
0 0.7160222729868644 0.9494460308395203 0.0909251856082239 0.09230154197601355
0 0.288032552826956 0.29197601370645343 0.09258138206739015 0.08927470017133066
0 0.30109651627641343 0.9363677898343803 0.09093089663049676 0.08266133637921189
0 0.5826984580239865 0.8223814962878355 0.09697886921758989 0.0843632210165618
0 0.5783552255853797 0.9340062821245002 0.09370645345516855 0.08570531125071387
0 0.42470302684180467 0.19633352370074242 0.09568817818389481 0.08571102227298685
0 0.2952884066247858 0.5407824100513992 0.10725299828669312 0.10559680182752701
0 0.15011707595659624 0.942627070245574 0.09453455168475142 0.09512278697886938
0 0.14279840091376356 0.8075899486007996 0.1074129069103369 0.09125071387778415
0 0.4300114220445459 0.3089520274129069 0.10630496858937742 0.09301541976013702
0 0.4356539120502571 0.4335151342090234 0.1016676185037122 0.09502569960022844
0 0.29748715019988586 0.669351798972016 0.0942547115933752 0.08629925756710446
0 0.15155339805825235 0.6805368360936608 0.09693889206167891 0.08998286693318111
0 0.7149229011993146 0.4457252998286694 0.0924386065105657 0.0859680182752712
0 0.15515134209023418 0.5492033123929184 0.11041690462592813 0.10284980011422042
0 0.576719017704169 0.5642832667047402 0.0996402055968018 0.09701884637350086
0 0.4397715591090805 0.5658023986293547 0.10229583095374066 0.10298115362649918
0 0.44342946887492857 0.6953597944031982 0.09897772701313538 0.09368932038834943
0 0.5687492861222159 0.4416847515705311 0.08904625928041114 0.09635636778983443
0 0.4497715591090805 0.812627070245574 0.09722444317532856 0.09607081667618507
0 0.5773957738435179 0.3190919474585951 0.09495145631067982 0.09166190748143921
0 0.5793746430611079 0.6885094231867503 0.09036550542547117 0.09169617361507694
0 0.44640776699029133 0.9347115933752143 0.09667618503712178 0.08667047401484869
0 0.2914962878355225 0.810017133066819 0.09227869788692165 0.0892747001713306
0 0.5722672758423759 0.1910394060536836 0.08993717875499713 0.08268418046830381
