0 0.4804284814114682 0.07597353497164457 0.10690611216131062 0.10201638311279149
0 0.48470069313169506 0.5970447385003151 0.09712665406427207 0.10201638311279149
1 0.47173282923755516 0.37885003150598623 0.17513547574039076 0.25685570258349094
1 0.4280970384373031 0.06994643982356648 0.1669691241335854 0.11860743541272828
1 0.33230938878386895 0.3823692501575298 0.12148078134845615 0.2515816005040956
1 0.47173282923755516 0.37885003150598623 0.17513547574039076 0.25685570258349094
1 0.10231884057971008 0.746364209199748 0.1203906742281033 0.40494013862633926
0 0.4892848141146819 0.7332703213610586 0.09529300567107758 0.09712665406427225
0 0.34511972274732194 0.6059010712035287 0.10262759924385634 0.09896030245746701
0 0.6401669817265281 0.8594139886578451 0.09529300567107786 0.09652173913043464
