1 0.6330867630700778 0.7192714126807565 0.10089358546533178 0.28443084909158334
1 0.577017055988135 0.425009269558769 0.1151687059695959 0.1397552836484984
1 0.41627734519836856 0.6849239896180941 0.09015943641082688 0.3488320355951055
1 0.6771171672228402 0.4209028550241009 0.1398257322951427 0.14198368557656663
1 0.8493622543566925 0.7015609936967 0.10196514645902853 0.32414534668149786
1 0.767324805339266 0.41771968854282543 0.1509714497589916 0.14967741935483875
1 0.859182424916574 0.41982387838338897 0.16463107156099382 0.14054505005561727
1 0.38243418613274005 0.43104746014089723 0.0940341119762699 0.1332851316277345
1 0.7425676677790138 0.7122932888394512 0.09016314423433448 0.29409343715239133
1 0.38243418613274005 0.43104746014089723 0.0940341119762699 0.1332851316277345
1 0.4810326288468668 0.4265090841675936 0.10316277345198378 0.14126436781609186
1 0.28003337041156845 0.42785317018909896 0.08842417500926947 0.14708935854653324
1 0.0774860956618465 0.43475342973674447 0.07728587319243589 0.13569150908416755
1 0.9521338524286244 0.7015609936967 0.09499073044123077 0.3262884686688916
1 0.526292176492399 0.7020986281053022 0.09552836484983308 0.32522061549870235
1 0.17875417130144602 0.42791620318872825 0.07609195402298861 0.14803856136447902
1 0.2955265109380793 0.7085372636262515 0.09981831664812751 0.3209232480533926
