1 0.8598812580231064 0.07939666238767655 0.1419319640564825 0.11290115532734281
0 0.8357028241335045 0.7472207958921695 0.08897946084724 0.09084724005134781
0 0.6823234916559692 0.08185815147625157 0.08835686777920425 0.08399871630295257
0 0.8434210526315788 0.8849839537869062 0.08898587933247756 0.08897946084724018
0 0.4012066752246469 0.8865629011553273 0.09109114249037216 0.09184210526315785
0 0.5397657252888318 0.768157894736842 0.09281771501925537 0.09799743260590525
1 0.699303594351733 0.39403080872914 0.1483761232349166 0.24644415917843385
0 0.8349582798459563 0.6194736842105263 0.10005776636713713 0.09109114249037226
0 0.6901604621309371 0.7578818998716302 0.08815147625160458 0.08426187419768966
1 0.9614313222079588 0.38373876765083437 0.07585365853658538 0.2533183568677791
1 0.30835044929396654 0.7301444159178433 0.19482670089858786 0.14451219512195115
0 0.9645731707317073 0.7479011553273428 0.06956996148908869 0.08960205391527622
0 0.5410815147625161 0.8801732991014121 0.08728498074454427 0.08685494223363269
0 0.8188414634146342 0.08872272143774071 0.08348523748395377 0.0819255455712451
1 0.845722079589217 0.3868485237483954 0.14186777920410792 0.2533119383825416
0 0.6946566110397946 0.8869383825417202 0.09557766367137348 0.10304236200256736
0 0.9668517329910141 0.08118421052631579 0.06501283697047493 0.10528241335044927
1 0.7315436456996148 0.713806161745828 0.1431129653401797 0.15369704749679075
0 0.23507060333761234 0.7749358151476252 0.07541720154043645 0.07915275994865212
