1 0.6902116684453932 0.5710334400569193 0.13415510494485944 0.13622554251156171
1 0.7530078263963003 0.8506065457132692 0.08650658128779803 0.2821664887940234
1 0.03147456421202416 0.5815937388829597 0.06294912842404832 0.1390537175382425
1 0.11856456776947709 0.843038064745642 0.08879758093205269 0.3110850231234437
1 0.8648932764140875 0.5699982212735681 0.1579544646033442 0.13484525080042692
1 0.5941711134827464 0.5749733191035218 0.11049804340092491 0.13408751334044824
1 0.7767609391675561 0.5679793667733902 0.14484880825329083 0.14360725720384207
1 0.5020793311988616 0.5764123087869086 0.09897901102810393 0.13553539665599432
1 0.43995019565990756 0.8243472073995018 0.08650302383493423 0.33468516542155813
1 0.11489861259338316 0.5843223052294558 0.07415154749199558 0.13018854500177876
1 0.32409640697260755 0.8463464959089292 0.09577018854500179 0.30659551760939163
1 0.6479669156883672 0.857301672002846 0.0968018498754891 0.2728957666310921
1 0.4074795446460334 0.580766631092138 0.0902205620775525 0.12787975809320523
1 0.3092315901814301 0.5777018854500177 0.08483813589469928 0.1411241551049448
1 0.8554713625044468 0.8403094983991461 0.0978299537531127 0.31099964425471355
1 0.9540750622554252 0.8403094983991463 0.09113838491639975 0.3130558520099611
1 0.21808786908573463 0.8472091782283886 0.08521878335112068 0.2979758093205264
1 0.5455033795802207 0.8408253290643899 0.09165421558164351 0.31203130558520104
1 0.4074795446460334 0.580766631092138 0.0902205620775525 0.12787975809320523
1 0.21205976520811096 0.5777623621487016 0.0730060476698685 0.1420348630380647
