0 0.9525510876730388 0.17176664469347397 0.09357943309162832 0.09049439683586022
1 0.8202834541858932 0.05431114040870138 0.15239288068556367 0.10862228081740276
0 0.5514700065919578 0.07729070533948583 0.09202373104812137 0.09509558338826647
0 0.6657284113381674 0.058117996044825364 0.08282135794330914 0.08435728411338168
0 0.7677224785761372 0.08150626235992088 0.07975609756097553 0.07899143045484502
0 0.8862030323005933 0.06693473961766642 0.08358602504943977 0.08205669083717866
0 0.6118523401450231 0.16811799604482527 0.09662491760052738 0.09580092287409374
0 0.4917567567567568 0.16678312458800262 0.10858932102834551 0.10767303889255116
0 0.7274620962425842 0.17406723796967705 0.0881872116018456 0.08129202373104809
0 0.8421094264996704 0.171766644693474 0.09049439683586018 0.08282135794330922
