1 0.3216217948717949 0.3443952991452992 0.14443162393162381 0.16346581196581206
1 0.7565598290598292 0.597267094017094 0.07435042735042738 0.29071367521367514
1 0.684869658119658 0.6121132478632478 0.0816452991452991 0.28576495726495726
1 0.5951837606837607 0.6195363247863247 0.09030769230769216 0.2931837606837607
1 0.5085876068376067 0.6251025641025642 0.07793589743589757 0.2894786324786324
1 0.03625854700854702 0.6968547008547009 0.07251709401709404 0.3315384615384616
1 0.21168803418803428 0.6572670940170939 0.09277777777777774 0.31421794871794867
1 0.4108119658119658 0.33902564102564103 0.14622222222222234 0.16107692307692312
1 0.32178846153846147 0.6455149572649573 0.09278205128205129 0.3105085470085471
1 0.42261111111111116 0.6405662393162392 0.09154700854700847 0.30802991452991463
1 0.23541666666666666 0.3437970085470085 0.1354829059829059 0.17181623931623924
1 0.13817307692307695 0.34827136752136756 0.13309829059829076 0.18434615384615394
1 0.4979145299145299 0.34111111111111114 0.14622222222222214 0.14974358974358978
1 0.577258547008547 0.32679487179487177 0.16054273504273517 0.16764102564102562
1 0.6539209401709402 0.3238119658119658 0.16591025641025645 0.15809401709401713
1 0.7275982905982906 0.3232136752136752 0.1760512820512822 0.14974358974358984
1 0.8252179487179487 0.5867542735042736 0.08052991452991436 0.2919529914529914
