0 0.162509765625 0.19859700520833332 0.08785807291666684 0.08406901041666659
1 0.6376888020833333 0.45792643229166663 0.1711718749999998 0.21055338541666652
0 0.18428385416666665 0.4440559895833333 0.09846354166666652 0.0934114583333334
1 0.7372851562499999 0.4613346354166668 0.19768229166666657 0.21736979166666676
1 0.8296842447916667 0.4511100260416668 0.15072265624999948 0.19843098958333338
0 0.565498046875 0.10386067708333331 0.07384765625000013 0.07889322916666655
0 0.4975748697916666 0.19276692708333337 0.09164713541666664 0.08937499999999998
0 0.13047851562499996 0.35976888020833336 0.0824023437499998 0.08195963541666694
0 0.04566406250000007 0.07484375000000003 0.09132812500000013 0.09725260416666674
0 0.38585937500000006 0.19466145833333331 0.09391927083333318 0.09467447916666669
0 0.407646484375 0.0281998697916667 0.09277994791666683 0.0563997395833334
0 0.6153483072916667 0.18102864583333336 0.09240234374999985 0.09164062499999998
0 0.24677083333333333 0.2796451822916666 0.09845052083333353 0.10034505208333325
0 0.954658203125 0.17686197916666666 0.08938151041666655 0.09694010416666657
1 0.224296875 0.215009765625 0.10540364583333309 0.19818359375000008
0 0.03836588541666671 0.4303580729166668 0.07673177083333342 0.0927734375
0 0.15931315104166677 0.72712890625 0.07998046874999992 0.0727083333333333
0 0.10405273437500001 0.5105924479166667 0.08543619791666666 0.08188802083333313
0 0.2302018229166666 0.797568359375 0.08179687499999994 0.07725911458333344
0 0.0343033854166667 0.5983007812500001 0.0686067708333334 0.09188802083333329
0 0.6797037760416668 0.09152343749999996 0.08400390624999987 0.08463541666666666
0 0.37425781250000006 0.5494498697916665 0.08816406250000003 0.08452473958333338
1 0.8577701822916666 0.052825520833333334 0.19358723958333365 0.10565104166666667
1 0.211025390625 0.708955078125 0.09724609375000023 0.23994140625000004
1 0.13557617187499993 0.6676009114583333 0.10267578125 0.16995442708333353
1 0.6222819010416667 0.06559570312499999 0.18449869791666665 0.13119140624999998
0 0.4728710937500001 0.5290006510416665 0.08725260416666664 0.08906901041666655
0 0.8357454427083333 0.1738346354166667 0.09845703124999972 0.09997395833333331
1 0.14723307291666674 0.161044921875 0.1066666666666668 0.16220703125000008
1 0.08379557291666669 0.30077799479166667 0.15076822916666663 0.1774674479166666
1 0.42864908854166667 0.46019856770833334 0.15147786458333312 0.2120638020833333
0 0.7255436197916666 0.17610677083333331 0.08861328124999988 0.08634114583333327
0 0.4525227864583333 0.0836653645833334 0.09151692708333348 0.08773437499999998
0 0.9154427083333333 0.06438476562499998 0.083372395833333 0.08337890625000009
0 0.5860221354166667 0.5290006510416665 0.09906249999999994 0.09452473958333335
1 0.3619596354166667 0.4794466145833332 0.09161458333333322 0.20154947916666666
0 0.7854231770833335 0.08521158854166666 0.08210937499999983 0.08211588541666676
0 0.6941764322916665 0.53263671875 0.10087890624999957 0.09634114583333336
0 0.7991471354166664 0.5344531249999999 0.09451822916666676 0.09997395833333318
1 0.5286263020833334 0.45489583333333333 0.17268229166666688 0.20903645833333362
0 0.8900325520833334 0.52263671875 0.08179687499999974 0.08179687500000021
