0 0.5170892552586696 0.8160687890847073 0.11772598067083566 0.10449687322342237
0 0.3689425810119386 0.8154036384309267 0.12036384309266616 0.1097839681637293
0 0.2151733939738488 0.6861085844229675 0.11044911881751004 0.09722001137009671
0 0.21980386583285957 0.8200369528140988 0.11309266628766333 0.09787947697555441
1 0.06749005116543487 0.9263672541216601 0.10846503695281406 0.14612848209209778
0 0.06107731665719163 0.6953695281409892 0.10912450255827179 0.09722001137009662
0 0.06669982944855032 0.9590051165434905 0.10581580443433775 0.08085275724843673
0 0.22046617396247872 0.9520608300170551 0.10913018760659479 0.09474133030130771
0 0.9735332575326892 0.6857788516202387 0.05179647527004 0.08862421830585566
0 0.9689056281978398 0.9566088686753838 0.06105173393973847 0.08531552018192126
0 0.829582148948266 0.9613189312109155 0.09325184764070509 0.07622512791358722
0 0.6695338260375214 0.9513189312109153 0.09060830017055148 0.09060830017055128
0 0.6744940306992608 0.8368988061398521 0.09259238203524729 0.09325184764070489
0 0.832228538942581 0.8299573621375781 0.09986355884024994 0.09656054576463884
0 0.8328880045480386 0.6844570778851621 0.10383172256964177 0.09920409323479244
0 0.673501989766913 0.6847868106878908 0.10779988629903349 0.09854462762933493
0 0.5160943718021603 0.6824729960204662 0.11838544627629326 0.09126776577600917
0 0.3682802728823195 0.6864411597498578 0.11243320068220572 0.09788516202387723
