1 0.43335377663008395 0.136604260813428 0.13969657843770167 0.18475145255003228
0 0.5933989670755325 0.18790187217559717 0.09162685603615213 0.09087153001936732
0 0.8119464170432537 0.1807682375726275 0.09763072950290476 0.09913492575855386
1 0.1894964493221433 0.22311168495803738 0.1487023886378307 0.20367979341510647
1 0.13136539703034208 0.38262750161394454 0.1405874757908328 0.20728211749515812
0 0.7026694641704325 0.1830213040671401 0.08786959328599081 0.08561652679147835
0 0.02965138799225311 0.4351387992253068 0.05930277598450622 0.09199483537766306
0 0.08639444803098777 0.5146998063266622 0.08471917366042608 0.0812007746933504
0 0.932859909619109 0.18377017430600384 0.09462879276952868 0.0961265332472562
0 0.47661394448030986 0.19954163976759204 0.09087798579728859 0.08862491930277598
0 0.22791478373143959 0.2856907682375726 0.09762427372498406 0.09950290510006447
0 0.16595222724338277 0.4487217559715945 0.09763718528082617 0.0926275016139445
0 0.03688831504196262 0.0826081342801808 0.07377663008392524 0.09643641058747586
0 0.36583602324080056 0.2014202711426727 0.09313105229180098 0.09387992253066497
0 0.9021433182698516 0.0787153001936733 0.08761781794706225 0.08449322143318262
0 0.769151065203357 0.09811491284699808 0.09325371207230526 0.08324080051646228
0 0.6580600387346676 0.10030342156229825 0.0926210458360234 0.08761781794706265
0 0.5447805035506778 0.10938024531956096 0.07885732730794069 0.07447385409941892
1 0.3645965138799225 0.13848612007746933 0.07892834086507414 0.1824983860555196
1 0.47653647514525493 0.06942866365397027 0.18249838605551968 0.13885732730794054
1 0.5993318269851516 0.06792769528728214 0.18775338928340884 0.13585539057456428
1 0.7104809554551323 0.06680116204002584 0.17874112330535855 0.13360232408005168
1 0.8283925112976116 0.05478373143963849 0.1847514525500324 0.10956746287927698
