0 0.7737558411214952 0.23609813084112155 0.12496495327102798 0.11682242990654207
0 0.16495327102803745 0.233089953271028 0.12850467289719628 0.12681074766355135
0 0.32027161214953276 0.2242026869158878 0.14310163551401883 0.13407126168224295
0 0.17172897196261688 0.09024532710280375 0.13528037383177577 0.13866822429906547
0 0.31732476635514023 0.10202102803738324 0.10357476635514029 0.10366822429906544
0 0.6241851635514019 0.22776577102803736 0.1233586448598129 0.12682827102803743
0 0.621571261682243 0.0980081775700935 0.11783878504672884 0.1122780373831776
0 0.7736098130841121 0.10438084112149527 0.128644859813084 0.11168224299065423
0 0.9315245327102802 0.11797021028037386 0.09739485981308399 0.08847546728971965
0 0.933896028037383 0.251544976635514 0.10734813084112142 0.10101051401869152
0 0.4758177570093457 0.084696261682243 0.1391355140186914 0.13189252336448612
0 0.4756103971962616 0.2254935747663551 0.14691004672897212 0.1396670560747663
