1 0.06743691148775897 0.575322033898305 0.08254990583804146 0.2187344632768362
1 0.51060263653484 0.3123785310734463 0.07799623352165719 0.1402146892655367
1 0.17540301318267418 0.5551224105461393 0.07974764595103583 0.27604519774011294
1 0.42121468926553673 0.30668173258003767 0.07974764595103573 0.13846327683615822
1 0.2689510357815443 0.5500847457627118 0.08719774011299446 0.2624670433145009
1 0.3909811676082862 0.5671751412429378 0.09113747645951024 0.27035028248587567
1 0.5068775894538607 0.5774708097928438 0.08982297551789079 0.2786779661016949
1 0.597578154425612 0.5715555555555556 0.09157815442561192 0.28086629001883234
1 0.6957288135593219 0.5798794726930321 0.09420715630885113 0.28612429378531073
1 0.07703201506591337 0.29813747645951033 0.10472316384180791 0.13189077212806025
