1 0.4370371789957838 0.31869298581832123 0.09208892295898799 0.2951322345726332
1 0.45260636259103093 0.30096205442698354 0.06420850900728241 0.2793100804906094
1 0.04491376006132618 0.5323821387504791 0.08982752012265235 0.31943656573399776
1 0.059359908010732085 0.441151782292066 0.11871981602146417 0.360640091989268
1 0.11711575316213108 0.3943311613645075 0.08989267918742813 0.33014181678804133
1 0.15617669605212722 0.4545285550019164 0.1294863932541203 0.3381640475277884
1 0.25061709467228827 0.39914718282867 0.11717899578382525 0.33656190111153705
1 0.27790724415484863 0.36169413568417014 0.09684936757378304 0.3055270218474511
1 0.3723457263319279 0.3402893829053277 0.0888233039478727 0.3012456880030663
1 0.3466634725948639 0.36731123035645846 0.1091567650440782 0.3306745879647374
1 0.8339957838252204 0.40800881563817554 0.3312418551169029 0.17197776926025288
1 0.5163683403602913 0.30537753928708317 0.09098121885779997 0.284039862016098
