1 0.7859407811843763 0.8839983200335993 0.07377992440151192 0.23116337673246537
1 0.09147627047459055 0.6843763124737506 0.1379714405711885 0.1498614027719446
1 0.18540319193616137 0.6819151616967661 0.13445191096178083 0.1477530449391012
1 0.27335153296934067 0.6843784124317513 0.14571188576228483 0.13438471230575383
1 0.3588345233095338 0.6819151616967659 0.15204115917681635 0.13508609827803444
1 0.4453758924821503 0.6843763124737506 0.15344813103737914 0.12312473750524978
1 0.5266379672406551 0.6738240235195295 0.15837463250734976 0.13578748425031498
1 0.5976984460310794 0.6741768164636708 0.17103737925241483 0.13086518269634612
1 0.6684082318353632 0.6755816883662327 0.18159596808063855 0.1266442671146576
1 0.7153380932381352 0.891327173456531 0.07426291474170517 0.21650566988660233
1 0.6484019319613608 0.8935258294834104 0.0898992020159597 0.21210835783284337
1 0.5619214615707685 0.8957244855102898 0.08599328013439729 0.20771104577908442
1 0.4727509449811004 0.8962137757244855 0.08843343133137335 0.20673246535069312
1 0.3786980260394792 0.8998782024359513 0.08990340193196135 0.19940361192776146
1 0.29324023519529613 0.9035195296094078 0.0945611087778245 0.1921209575808484
