0 0.5001458019105077 0.42019356460532936 0.08480643539467078 0.0894871794871796
0 0.23420814479638016 0.05757918552036204 0.08529914529914522 0.08334338863750629
0 0.09101809954751135 0.5365837104072398 0.09007038712921069 0.0836349924585219
0 0.09072649572649569 0.6512217194570136 0.08714429361488181 0.09065862242332834
0 0.5076546003016592 0.06634238310708895 0.08332327802916044 0.08531422825540473
0 0.09312468577174456 0.30912016088486677 0.08832076420311721 0.082473604826546
0 0.36474610356963294 0.2961965811965812 0.0772046254399198 0.08246857717445963
0 0.36825540472599294 0.4160960281548517 0.08538964303670189 0.0848114630467572
0 0.22992961287078942 0.43013323278029164 0.08598290598290596 0.09065359477124178
0 0.09066616390145804 0.06172448466566112 0.09455505279034675 0.08968325791855208
0 0.09286073403720464 0.18723227752639515 0.09309200603318264 0.09114630467571642
0 0.3701935646053293 0.17894419306184012 0.08626948215183516 0.08432378079436902
0 0.23420563097033686 0.1869859225741579 0.08822021116138781 0.0799346405228758
0 0.5121367521367521 0.3096455505279035 0.09475113122171953 0.08597787833081952
1 0.08987933634992457 0.4985444947209653 0.0946003016591251 0.14699346405228747
0 0.4904977375565611 0.7576696832579186 0.0772046254399195 0.07779286073403728
0 0.35860482654600306 0.763519356460533 0.08363499245852185 0.09065862242332844
0 0.2286425339366516 0.3041503267973857 0.08129713423831063 0.0789592760180995
1 0.3494218200100553 0.5975867269984917 0.07603821015585714 0.17020613373554552
0 0.37555806938159886 0.060017596782302673 0.0891955756661638 0.08822021116138755
0 0.503743086978381 0.18259929612870787 0.0833433886375062 0.08383107088989443
0 0.3583107088989441 0.6497586726998492 0.08071392659627949 0.08889894419306188
0 0.22524886877828051 0.5383383609854198 0.08364002011060816 0.09065359477124178
0 0.2240799396681749 0.767028657616893 0.08481146304675717 0.08364002011060846
0 0.2220336852689794 0.6509276018099547 0.08188536953242832 0.0830517848164907
0 0.22144796380090498 0.8828355957767722 0.09358471593765726 0.09884364002011073
