0 0.5170892552586696 0.03393121091529275 0.11772598067083566 0.0678624218305855
0 0.3689425810119386 0.03492040932347923 0.12036384309266616 0.06984081864695846
0 0.37092666287663434 0.28379476975554296 0.10317225696418411 0.09325184764070499
0 0.21980386583285957 0.034260943718021596 0.11309266628766333 0.06852188743604319
1 0.06749005116543487 0.12692154633314381 0.10846503695281406 0.14814667424673106
1 0.3723820352472996 0.24795054007959064 0.10978965321205217 0.1560830017055146
1 0.8237635019897669 0.3762535531552018 0.10383172256964186 0.16534394542353606
1 0.07509664582148942 0.3689795338260375 0.10118817509948834 0.1812109152927799
0 0.06669982944855032 0.1624360432063673 0.10581580443433775 0.08862421830585564
0 0.07331154064809553 0.41276009096077315 0.09259238203524735 0.09325184764070481
0 0.22245025582717454 0.2864411597498579 0.10913018760659465 0.0945764638999431
0 0.22046617396247872 0.1535076748152359 0.10913018760659479 0.09854462762933491
0 0.9689056281978398 0.1561540648095509 0.06105173393973847 0.0853155201819215
0 0.9738772029562253 0.30627913587265493 0.05110858442296767 0.08532689027856731
0 0.9685730528709494 0.4223507674815237 0.06171688459351917 0.09391131324616264
0 0.9639454235361001 0.5499943149516772 0.07097214326321782 0.08598067083570206
0 0.9629533826037523 0.6759863558840251 0.07295622512791355 0.0787038089823764
0 0.95865264354747 0.8046219442865264 0.08155770324047769 0.09258669698692448
0 0.8275980670835702 0.5493348493462195 0.0945707788516202 0.09258669698692448
0 0.8318988061398523 0.4203695281409891 0.09523592950540072 0.09126776577600908
0 0.829582148948266 0.16673393973848785 0.09325184764070509 0.08796475270039798
0 0.671185332575327 0.28974985787379187 0.09259238203524749 0.09192723138146679
0 0.6695338260375214 0.15086412734508245 0.09060830017055148 0.09060830017055141
0 0.6744940306992608 0.04153496304718587 0.09259238203524729 0.08306992609437173
0 0.832228538942581 0.03889141557703239 0.09986355884024994 0.07778283115406479
