0 0.34946684005201556 0.32748699609882964 0.09410923276983094 0.09034460338101433
1 0.3601755526657997 0.22607282184655395 0.12291287386215848 0.17334200260078025
1 0.8393758127438232 0.478871911573472 0.11345903771131335 0.1524902470741222
0 0.19351430429128735 0.5965832249674903 0.09518205461638483 0.09139791937581278
1 0.3664369310793238 0.4865377113133941 0.11188556566970094 0.1302665799739921
0 0.1923667100130039 0.46844603381014305 0.09227568270481133 0.08698309492847849
0 0.032122886866059804 0.8605331599479843 0.06424577373211961 0.0824707412223669
1 0.5211313394018205 0.3602080624187256 0.10820546163849172 0.14235370611183362
0 0.6854876462938883 0.5849219765929778 0.09959687906371906 0.09581274382314697
0 0.18215539661898575 0.31172301690507154 0.08774382314694411 0.08018205461638495
0 0.8498146944083226 0.4402958387516255 0.09802990897269173 0.08804291287386218
0 0.8489986996098831 0.3198146944083225 0.091521456436931 0.09379063719115736
0 0.6854876462938883 0.5849219765929778 0.09959687906371906 0.09581274382314697
0 0.5256989596879064 0.5912256176853056 0.10904421326397917 0.09832899869960988
0 0.031176853055916803 0.7207574772431729 0.06235370611183361 0.08089076723016912
0 0.5163686605981794 0.18403120936280884 0.11282834850455153 0.1084135240572172
0 0.6785045513654097 0.18585825747724316 0.10816644993498031 0.09530559167750323
0 0.35147594278283484 0.16902795838751625 0.10211963589076725 0.09265929778933678
0 0.3586605981794539 0.4607477243172952 0.09391417425227573 0.08698309492847854
1 0.6769895968790638 0.2240572171651495 0.12328998699609883 0.14750325097529257
0 0.6822106631989597 0.44613459037711306 0.10135240572171629 0.09832899869960988
1 0.0386345903771131 0.6094505851755527 0.0772691807542262 0.13237321196358912
0 0.360868010403121 0.5975292587776334 0.10337451235370627 0.09328998699609892
0 0.5206599479843952 0.32837776332899865 0.09139791937581287 0.08572821846553964
1 0.20408972691807542 0.3514336801040312 0.12253576072821833 0.14144993498049405
1 0.21103706111833556 0.4925747724317295 0.11030559167750334 0.1266970091027308
