1 0.13428200129954507 0.6706985055230669 0.10076673164392458 0.1705328135152696
1 0.20296621182586097 0.7072839506172839 0.09796621182586092 0.23916829109811594
0 0.24239116309291747 0.28104938271604935 0.09825860948667986 0.10014944769330722
0 0.402953216374269 0.02911955815464591 0.09259909031838871 0.05823911630929182
0 0.04362573099415211 0.07664717348927877 0.08725146198830422 0.09706302794022098
0 0.15829434697855752 0.20015919428200127 0.08768680961663436 0.08390513320337871
0 0.9519168291098115 0.17846653671215074 0.09524366471734892 0.0967511371020142
0 0.9097595841455489 0.06620857699805067 0.08320987654320938 0.08321637426900595
0 0.3812085769980508 0.1962313190383366 0.09373619233268345 0.0944899285250163
0 0.4477420402859 0.08545159194282008 0.09133853151397019 0.0875633528265107
0 0.492706302794022 0.19434048083170893 0.09146848602988948 0.08920077972709549
0 0.09995126705653024 0.5115464587394412 0.08526965562053282 0.0817283950617282
1 0.7964035087719297 0.3815172189733593 0.19087069525666014 0.2097660818713453
0 0.928434048083171 0.5260721247563352 0.09143599740090978 0.09142949967511367
0 0.8691098115659519 0.45151072124756336 0.08599090318388514 0.08381416504223517
0 0.7799935022742043 0.08699480181936321 0.08194931773879127 0.08195581546458747
0 0.18002599090318386 0.4451397011046134 0.09827160493827145 0.09322936972059787
0 0.754269005847953 0.436812865497076 0.0827290448343078 0.07836907082521131
0 0.03634178037686814 0.43146848602988963 0.07268356075373628 0.09259259259259256
1 0.6886874593892138 0.3726965562053282 0.1996881091617936 0.18834307992202734
0 0.7896458739441194 0.534779077322937 0.10776478232618548 0.10231968810916196
0 0.6744801819363223 0.09329434697855747 0.08384015594541899 0.08447043534762833
0 0.6851494476933073 0.5287914230019493 0.09687459389213758 0.09469785575048721
1 0.6171702404158546 0.06644249512670564 0.1841390513320338 0.13288499025341127
0 0.6102501624431449 0.18262508122157248 0.09222222222222205 0.09146198830409356
0 0.5822839506172839 0.5320597790773229 0.0892592592592595 0.08599090318388569
0 0.720230669265757 0.17771280051981808 0.08844054580896679 0.0861728395061728
1 0.6288434048083172 0.4586809616634177 0.17575048732943463 0.20787524366471746
0 0.47289148797920744 0.5369558154645875 0.09034437946718654 0.08925925925925922
0 0.36295321637426897 0.5451202079272255 0.09687459389213786 0.08599090318388579
1 0.35735542560103967 0.48046133853151385 0.0914359974009096 0.20115659519168286
0 0.5604970760233918 0.10560753736192331 0.07370370370370385 0.07873944119558145
0 0.830217673814165 0.17544509421702403 0.09826510721247532 0.09977907732293692
0 0.12402534113060429 0.3578979857050033 0.09361273554255992 0.09035087719298232
0 0.15450292397660817 0.7279922027290447 0.08708252111760884 0.08163742690058466
0 0.22797595841455487 0.7949317738791422 0.09905782975958402 0.08708252111760893
1 0.5239603638726446 0.45679012345679015 0.1650357374918777 0.2053541260558804
0 0.03228719948018197 0.5990838206627681 0.06457439896036395 0.0917089018843404
1 0.8521994801819361 0.053697205977907725 0.1932098765432102 0.10739441195581545
1 0.4231741390513321 0.46309291747888237 0.14361923326835624 0.21165692007797277
1 0.2199610136452242 0.21653996101364523 0.10519818063677688 0.19779727095516578
1 0.14304743339831064 0.1626803118908382 0.1064587394411957 0.16189083820662772
