0 0.6838772264631041 0.9049173027989822 0.08258905852417302 0.07548346055979681
0 0.689147582697201 0.23527035623409667 0.07194656488549608 0.06638040712468189
0 0.7633301526717557 0.8112245547073791 0.08788167938931309 0.08171119592875312
0 0.9568447837150128 0.14119592875318068 0.08503816793893125 0.09502544529262096
0 0.9476304071246817 0.6526653944020356 0.08613867684478387 0.08978371501272257
1 0.9349554707379135 0.08711195928753183 0.1288167938931297 0.1660687022900763
1 0.8181552162849873 0.17902671755725186 0.1332061068702292 0.17227735368956737
1 0.6836132315521628 0.18524173027989824 0.10922391857506357 0.1527480916030534
1 0.597029262086514 0.2620578880407125 0.07992366412213732 0.1713931297709924
0 0.42101781170483454 0.6495992366412213 0.0879134860050892 0.08525445292620872
0 0.4188008905852417 0.1558015267175572 0.08702926208651428 0.08889312977099238
1 0.7689567430025445 0.2744910941475827 0.10230279898218847 0.1662468193384225
1 0.927264631043257 0.5835623409669211 0.12796437659033089 0.21328244274809174
1 0.4261100508905851 0.10752226463104324 0.11914122137404581 0.1746501272264631
1 0.7412181933842239 0.7267875318066158 0.11396310432569984 0.2249745547073793
1 0.678686386768448 0.8126335877862595 0.10730916030534328 0.23533078880407135
1 0.5121755725190841 0.48812340966921114 0.10582697201017813 0.1961068702290075
1 0.35269720101781166 0.4859064885496184 0.12432569974554697 0.20943384223918576
1 0.4318829516539439 0.5643479643765903 0.09768447837150125 0.22867048346055965
0 0.3393765903307888 0.5569497455470739 0.08288804071246834 0.07473918575063608
0 0.6030693384223919 0.3139249363867684 0.08613867684478368 0.0870229007633588
1 0.08683842239185757 0.17975190839694663 0.07777353689567428 0.19610687022900763
0 0.6852131043256997 0.4058333333333333 0.087029262086514 0.08436386768447858
0 0.7731297709923663 0.32280216284987273 0.08880407124681929 0.08702926208651396
0 0.8503912213740455 0.2353276081424936 0.087029262086514 0.09146946564885494
0 0.07000318066157758 0.25331106870229014 0.08214376590330781 0.07993002544529253
0 0.5098250636132315 0.5563581424936387 0.08613867684478387 0.08347964376590333
