1 0.17121032813340506 0.3659494351802044 0.1796126949973104 0.14381925766541157
1 0.44447014523937606 0.36433835395373854 0.1622054868208714 0.15476600322754153
1 0.5767482517482517 0.11205755782678856 0.13749865519096285 0.13066702528240992
1 0.5932329209252286 0.35704679935449163 0.13967724583109198 0.16580957504034421
1 0.7236713286713288 0.3580285099515869 0.1246530392684239 0.16378160301237224
0 0.4029854760623991 0.4029774072081765 0.09908552985476064 0.08552447552447552
0 0.8571005917159763 0.5144728348574502 0.10481979558902628 0.10847229693383541
0 0.112477138246369 0.524101667563206 0.08410435718128025 0.08561054330285105
1 0.30539268423883814 0.2382786444324906 0.1752178590640129 0.12828402366863906
0 0.8645481441635287 0.9008499193114575 0.08861215707369556 0.0833566433566433
0 0.24758203335126416 0.2679101667563206 0.10012372243141479 0.08239376008606782
0 0.07940021516944594 0.03148197955890262 0.09230231307154384 0.06296395911780524
0 0.42192576654115116 0.6473937600860677 0.0955244755244754 0.09281871974179678
0 0.5343598708983324 0.14975524475524474 0.08110274341043565 0.07434642280796129
0 0.27278644432490584 0.7875174825174825 0.09822485207100588 0.09551909628832704
0 0.5835449166218397 0.8815519096288327 0.09011296395911772 0.09387305002689597
0 0.5485771920387306 0.5393464228079614 0.08448090371167286 0.08323292092522855
0 0.13582840236686392 0.9007746100053791 0.08410435718128025 0.078848843464228
0 0.8531360946745563 0.6573964497041419 0.07960193652501339 0.07584722969338349
0 0.5704034427111351 0.7719150080688543 0.09236148466917692 0.0856051640667025
0 0.71426304464766 0.764943518020441 0.07770306616460457 0.07405056481979581
0 0.8479532006455084 0.40102205486820874 0.08561054330285105 0.08560516406670256
1 0.8588031199569662 0.3518370091447014 0.0969499731038193 0.1599515868746636
0 0.5541877353415815 0.3895158687466379 0.09187197417966655 0.09654653039268418
0 0.7221839698762775 0.8908768154922 0.08650887573964489 0.08290478752017207
0 0.7148547606239913 0.6455836471221087 0.08431952662721888 0.08435718128025829
0 0.42922538999462073 0.8922296933835397 0.08380849919311463 0.07569123184507787
0 0.3838676707907477 0.027743410435718152 0.09261968800430341 0.055486820871436304
0 0.40256589564281875 0.5288327057557826 0.0863582571274879 0.08035502958579879
0 0.11860408821947285 0.6562237762237763 0.0964228079612695 0.09101667563206019
0 0.10684507799892416 0.4073318988703605 0.08861215707369556 0.08260355029585809
0 0.4311699838622916 0.7608956428187198 0.09187197417966655 0.07941366325981719
0 0.7007665411511566 0.5329612694997311 0.08410435718128034 0.08034965034965035
0 0.5667993544916622 0.6346422807961271 0.0938676707907478 0.0863582571274879
0 0.25827057557826794 0.6514254975793436 0.07634749865519098 0.07509413663259838
0 0.7042495965572889 0.3928214093598708 0.09732114039806346 0.0973265196342119
0 0.27448090371167294 0.9068074233458849 0.10951048951048949 0.09949973103819239
0 0.13100053792361485 0.7683324367939753 0.08974717590102206 0.0844862829478214
0 0.8652393760086069 0.7621974179666487 0.09086605701990311 0.08110274341043575
