1 0.7919606571552096 0.5897016861219196 0.12239948119325543 0.3331603977518375
0 0.3154669260700389 0.1501902291396455 0.10159533073929974 0.08499783830523133
1 0.31214007782101166 0.6034651967142239 0.10284479031560755 0.3346087332468655
0 0.4185732814526589 0.14491137051448336 0.09556420233463037 0.08147859922178989
1 0.6605058365758755 0.5929615218331171 0.11443147427583238 0.33533073929961077
1 0.20096411586683954 0.6088953739731949 0.0977777777777777 0.3425724167747514
1 0.4312775616083009 0.5987570255079983 0.10356679636835275 0.3396757457846953
1 0.09268698659749243 0.6288110678772157 0.10718979680069166 0.3056376999567661
1 0.5435386943363598 0.5944098573281453 0.11081279723303065 0.34257674016428885
0 0.3081755296152183 0.0619217466493731 0.09304798962386523 0.07745352356247297
0 0.4097730220492866 0.05840250756593169 0.0970730652831821 0.07946822308690013
0 0.5106160830090791 0.05865326415910074 0.09555987894509309 0.07896670990056204
