1 0.7249904580152672 0.6519083969465649 0.16288167938931303 0.13320610687022894
0 0.8227862595419847 0.5316571246819339 0.09027989821882948 0.08288167938931296
0 0.674408396946565 0.6744815521628499 0.09398218829516528 0.09472646310432571
0 0.835365776081425 0.8013994910941477 0.09916666666666679 0.09398218829516555
0 0.6784796437659032 0.813237913486005 0.09324427480916017 0.09250636132315518
0 0.5175190839694657 0.6811450381679389 0.08954198473282447 0.08880407124681929
0 0.5301017811704835 0.7950699745547073 0.09842239185750626 0.0992366412213741
0 0.37589058524173025 0.8074809160305344 0.07726463104325697 0.07992366412213751
1 0.8673727735368958 0.5126367684478371 0.1547455470737914 0.1250699745547074
1 0.29310432569974554 0.6536068702290077 0.21690839694656489 0.1346946564885496
0 0.2142684478371501 0.6858206106870229 0.0843638676844784 0.07992366412213751
