0 0.7340984126984126 0.7399142857142856 0.10015873015873016 0.10015873015873016
0 0.4307904761904762 0.7312380952380952 0.09601904761904763 0.09786666666666664
0 0.2909206349206348 0.8773015873015874 0.08952380952380946 0.09306666666666652
1 0.369136507936508 0.06286031746031746 0.16824126984126975 0.11951111111111098
0 0.2855269841269841 0.6028984126984127 0.10340952380952374 0.09971428571428588
1 0.2726190476190476 0.377663492063492 0.12240634920634914 0.25349841269841256
1 0.413104761904762 0.3741174603174604 0.17646984126984133 0.2588126984126985
0 0.5828222222222222 0.8583428571428573 0.09601904761904786 0.0972571428571427
0 0.42617142857142853 0.5939746031746033 0.09786666666666655 0.10279365079365087
1 0.6732920634920634 0.7042857142857143 0.1887936507936505 0.13295238095238063
0 0.42186666666666667 0.06893333333333329 0.10772063492063487 0.10279365079365085
1 0.413104761904762 0.3741174603174604 0.17646984126984133 0.2588126984126985
1 0.06686984126984123 0.7020507936507937 0.11273650793650791 0.40232380952380953
