0 0.1742572658772874 0.9584041980624328 0.08702906350914953 0.08211517761033367
0 0.18021528525296024 0.6956539289558666 0.09131324004305696 0.0892195909580193
1 0.7268137782561893 0.6894079655543596 0.1854036598493003 0.10750269106566197
0 0.31995694294940796 0.9510952637244349 0.08264800861141036 0.08828310010764277
0 0.03822927879440257 0.960123789020452 0.07645855758880514 0.07867599569429504
0 0.47773950484391814 0.9594671689989236 0.10143164693218522 0.07998923573735196
0 0.18021259418729818 0.8341846071044133 0.0944402583423037 0.08557050592034433
0 0.039364908503767546 0.8344483315392895 0.07872981700753509 0.09757265877287412
0 0.6306835306781486 0.9471770721205598 0.09737351991388628 0.09088805166846077
0 0.33153121636167926 0.6982642626480086 0.09548439181916027 0.0944402583423033
0 0.038581808396124836 0.7000914962325081 0.07716361679224967 0.09600645855758899
0 0.791232508073197 0.7037298170075349 0.09467168998923603 0.0865554359526373
0 0.46875403659849296 0.8294886975242196 0.0892195909580193 0.08974165769644783
0 0.4729413347685685 0.705034983853606 0.08919806243272337 0.09132938643702918
0 0.32578848223896667 0.8255758880516685 0.09235199138858997 0.09026910656620028
