1 0.45069912609238455 0.360143570536829 0.14848938826466923 0.12206824802330421
1 0.3649500624219725 0.36014148980441124 0.14988347898460255 0.13461506450270494
1 0.279900124843945 0.36014148980441124 0.1457012068248023 0.13461506450270494
1 0.19415314190595087 0.35909696213066994 0.13733666250520185 0.14367873491468994
1 0.10073657927590518 0.36118809821057013 0.13315022888056596 0.14786100707449026
1 0.6713379109446524 0.3503828547648772 0.1784644194756552 0.12625052018310448
1 0.6002330420307948 0.35107781939242616 0.16870578443612164 0.12903870162297137
1 0.5284290470245526 0.3493341656263005 0.16173533083645447 0.13810237203495634
1 0.7170495214315439 0.5965480649188515 0.07141073657927581 0.27957969205160227
1 0.03799417394923011 0.3646733250104036 0.07598834789846022 0.15065334997919266
1 0.5671722846441947 0.6130898876404495 0.08149396587598826 0.29168123179359123
1 0.6506845609654599 0.605022888056596 0.08149396587598845 0.2860341240116522
1 0.4764003329171869 0.6157136912193092 0.08391177694548493 0.29289221806075716
1 0.38522471910112355 0.6268081564710779 0.08553058676654193 0.3021722846441949
1 0.29707657095297546 0.6352788181439867 0.08835205992509376 0.3045900957136913
1 0.787852684144819 0.5860590928006658 0.07584685809404935 0.2852267998335415
1 0.18209529754473575 0.642742405326675 0.08431543903454018 0.31064502704952146
1 0.09697045359966708 0.6463732833957553 0.09642114024136489 0.31790678318768195
