0 0.7620129032258064 0.14702903225806452 0.08261935483870923 0.08262580645161301
0 0.6331677419354841 0.16766774193548387 0.08136774193548373 0.08137419354838717
0 0.5284032258064516 0.17392258064516122 0.08324516129032236 0.08387096774193548
0 0.6830354838709677 0.25549032258064514 0.09756774193548355 0.09907096774193538
0 0.5738290322580645 0.257741935483871 0.08781290322580641 0.0855612903225806
0 0.4646290322580645 0.2626193548387097 0.09156774193548374 0.09081290322580643
0 0.3032741935483871 0.1661354838709678 0.09069032258064529 0.08694193548387096
0 0.41522903225806457 0.18614838709677417 0.07318064516129046 0.07818064516129024
1 0.7024903225806453 0.1065645161290323 0.1839870967741931 0.17252258064516135
0 0.34791935483870956 0.27425161290322586 0.09081935483870962 0.08856774193548386
0 0.02970645161290327 0.28002903225806447 0.05941290322580654 0.08330967741935476
1 0.5860000000000002 0.11438064516129029 0.17721290322580663 0.18294193548387092
0 0.2372129032258065 0.2761290322580645 0.09307096774193535 0.09381935483870973
0 0.0993806451612903 0.36034516129032257 0.09756129032258083 0.09943870967741923
1 0.4715935483870968 0.11646451612903225 0.1881548387096773 0.19024516129032265
1 0.34806774193548395 0.11438064516129029 0.17564516129032257 0.1871096774193548
1 0.2625870967741935 0.10682258064516124 0.12040000000000023 0.16574838709677425
1 0.07469354838709669 0.29602258064516124 0.11154193548387088 0.19910322580645154
0 0.04312258064516124 0.5232709677419354 0.08624516129032248 0.0925677419354839
0 0.8038709677419354 0.25849032258064514 0.09456774193548372 0.09606451612903218
