1 0.8281803896920177 0.39956631049654306 0.13892520427404156 0.24805782526712752
0 0.9549371464487744 0.7531301068510371 0.08886863607793859 0.08774355751099958
0 0.8018573224387178 0.10762413576367065 0.08175361407919536 0.08022627278441224
0 0.8176398491514771 0.6273664362036455 0.09798240100565676 0.08920175989943437
0 0.5298585795097424 0.8826587052168448 0.08547454431175354 0.08505342551854174
1 0.8420458830923948 0.09849151477058457 0.13898805782526702 0.1105593966059083
0 0.6758453802639849 0.7629038340666248 0.08632306725329979 0.08251414204902605
1 0.716370207416719 0.7197423004399749 0.14014456316781895 0.1505091137649278
1 0.9518604651162791 0.39652105593966047 0.09502199874292909 0.24806411062224998
1 0.9605436832181018 0.7194374607165305 0.0776555625392834 0.14868007542426157
