0 0.7486716657739689 0.9549839314408143 0.08660953401178349 0.08411890733797528
0 0.9051874665238352 0.6948982324584896 0.09502410283877886 0.09398500267809295
0 0.45749330476700595 0.9525790037493307 0.09970005356186387 0.0937707552222817
0 0.3067407605784681 0.8270487412961971 0.1028119978575253 0.10800214247455817
0 0.03757632565613282 0.954017139796465 0.07515265131226564 0.09089448312801283
0 0.8994724156400644 0.8215961435457955 0.09190680235672208 0.08983395822174618
0 0.0365399035886449 0.8260096411355115 0.0730798071772898 0.09554365291912155
0 0.7546009641135513 0.6923004820567756 0.09087305838243172 0.0887895018746651
0 0.7545982860203535 0.8301633636850563 0.09398500267809325 0.08515800749866091
0 0.6016791644349224 0.6967166577396893 0.10073379753615404 0.09554365291912173
0 0.16291108730583828 0.8270487412961972 0.10696839850026796 0.09970005356186415
0 0.604017139796465 0.8304258168184253 0.09917514729512601 0.09710230316015003
0 0.4573299410819495 0.8309426888055704 0.10592929833958223 0.1085270487412962
0 0.03498125334761647 0.7006079271558651 0.06996250669523293 0.09502410283877886
0 0.8936689876807713 0.9465104445634708 0.08224959828602064 0.08785752544188528
0 0.3046652383502947 0.6941189073379754 0.11215854311730054 0.08619175147295126
0 0.6042983395822175 0.9579057311194429 0.09409212640599905 0.08311730048205695
0 0.45239421531869317 0.6977530798071773 0.10437064809855393 0.09865559721478316
