0 0.7465562535693889 0.25744431753283836 0.12550542547115925 0.11754997144488877
0 0.4356596230725301 0.25166190748143924 0.12245573957738441 0.12303826384922906
0 0.43371787549971436 0.1211650485436893 0.11501998857795546 0.10788121073672179
0 0.2861279268989149 0.12539120502569964 0.10456881781838945 0.10062821245002859
0 0.7453997715591091 0.1299914334665905 0.1165105653912049 0.10586521987435744
0 0.5933266704740149 0.24596230725299834 0.11529982866933197 0.11537407195888062
0 0.8895088520845232 0.26454882924043405 0.10366647629925754 0.09942318675042827
0 0.8908366647629925 0.13394631639063392 0.09453455168475151 0.09512278697886921
0 0.2881267846944603 0.2524842946887492 0.11713306681896055 0.1142204454597373
0 0.5863078241005141 0.12615648201027985 0.11162193032552814 0.10382638492290118
