1 0.7701098901098902 0.1268519715578539 0.12182288299935369 0.1579185520361992
0 0.9693988364576599 0.5126244343891404 0.05990950226244345 0.09211376858435677
0 0.534224305106658 0.5815093729799612 0.0875307045895283 0.08482870071105371
1 0.6429831932773108 0.13737879767291528 0.09482223658694248 0.15641241111829346
0 0.6289754363283775 0.33515837104072393 0.08753070458952802 0.08842921784098251
0 0.23438590820943758 0.35890433096315455 0.092120232708468 0.08899159663865538
1 0.7122042663219134 0.20468325791855205 0.10678733031674217 0.15566257272139622
0 0.9103425985778927 0.07111182934712346 0.10738202973497124 0.09565610859728509
0 0.32368455074337416 0.2721105365223012 0.0940012928248221 0.08585003232062051
0 0.9673464770523594 0.6793729799612154 0.06401422107304473 0.09123464770523582
0 0.8017840982546864 0.3441790562378797 0.09023917259211363 0.08843568196509373
0 0.5146541693600516 0.4494570135746607 0.0872268907563026 0.09023917259211368
0 0.3571719457013575 0.07426955397543632 0.08573367808661927 0.08392372333548799
0 0.8984001292824821 0.5912702003878474 0.0958823529411764 0.09524886877828054
0 0.7131577246283128 0.2542501616031028 0.08961215255332906 0.08522947640594693
0 0.7124466709760827 0.428552036199095 0.08843568196509373 0.0857272139625083
1 0.9482740788623141 0.10353910795087269 0.10215901745313503 0.16543632837750488
0 0.7110892049127342 0.9357013574660633 0.08392372333548802 0.07670329670329697
0 0.5452133160956689 0.2567582417582417 0.09212023270846789 0.08648351648351643
0 0.7065804783451842 0.7942921784098255 0.08212023270846801 0.0812152553329026
1 0.9449353587588881 0.45169360051713003 0.10883645765998706 0.18841628959276022
0 0.8683193277310923 0.7787556561085974 0.09098901098901112 0.08723335488041373
0 0.6345119586296055 0.18531674208144794 0.08773109243697472 0.08648351648351647
0 0.4417291531997414 0.17447963800904975 0.088435681965094 0.09032967032967036
0 0.7980704589528118 0.1790530058177117 0.08773755656108594 0.07895927601809948
0 0.723994828700711 0.1057627666451196 0.08753716871363933 0.08031674208144797
1 0.23751454427925012 0.14924692954104718 0.09836457659987077 0.16511312217194557
1 0.7053425985778927 0.8428280542986426 0.11305106658047857 0.24299288946347772
1 0.6338752424046542 0.7849999999999999 0.11045248868778261 0.23650290885584985
1 0.7696670976082741 0.7538138332255979 0.12734970911441484 0.23389786683904334
0 0.5961603102779574 0.5219941822883 0.08773109243697463 0.08466063348416307
1 0.7002617970265028 0.7031512605042017 0.10738849385908207 0.23823529411764718
0 0.2312249515190691 0.20588558500323206 0.08422107304460238 0.07820943762120235
0 0.08729476405946993 0.2735649644473174 0.08347123464770516 0.08122171945701352
1 0.10291208791208793 0.20062055591467357 0.08303167420814483 0.200530058177117
0 0.5246541693600516 0.0782385261797027 0.09114414996767933 0.08843568196509369
0 0.6298093083387201 0.8643083387201035 0.09212023270846807 0.09086619263089829
0 0.44398190045248864 0.6762572721396249 0.08933419521654835 0.08663219133807372
1 0.8892178409825467 0.5283613445378151 0.12734324499030383 0.1962184873949581
0 0.7909372979961214 0.8447802197802198 0.08497737556561091 0.08347123464770521
0 0.27664835164835166 0.5190174531351002 0.09249515190691658 0.0909890109890112
1 0.4483128636069812 0.11641241111829342 0.11694893341952167 0.16027149321266973
0 0.36191338073691004 0.5782352941176471 0.08773109243697468 0.09274725274725283
0 0.8802941176470587 0.25529088558500324 0.08843568196509381 0.09294764059469938
0 0.4475016160310277 0.5185229476405947 0.09475759534583074 0.0875307045895284
0 0.3668002585649644 0.45666451195862967 0.09587588881706524 0.08773109243697501
1 0.4493535875888817 0.43739819004524894 0.09485455720749825 0.2170071105365225
