0 0.3491147959183674 0.7600204081632653 0.08487244897959177 0.09200000000000015
0 0.21378571428571427 0.5315076530612245 0.08487755102040796 0.09199489795918366
0 0.07727295918367343 0.646061224489796 0.08843367346938771 0.09200000000000005
1 0.07635714285714279 0.4927831632653061 0.09615306122448981 0.1453010204081632
0 0.07970663265306117 0.2988979591836734 0.0896275510204082 0.0836938775510204
0 0.2228775510204082 0.043635204081632704 0.08656122448979585 0.0845765306122449
0 0.35890816326530617 0.4074566326530612 0.08665306122448985 0.08606632653061232
0 0.21853571428571436 0.4217015306122449 0.08725510204081631 0.09199489795918361
0 0.20992857142857146 0.8811020408163264 0.09496938775510215 0.10030612244897977
0 0.21259948979591828 0.7635816326530612 0.08606632653061226 0.08487755102040823
0 0.4964005102040816 0.1705051020408163 0.08457653061224488 0.08507142857142859
0 0.2172295918367347 0.29385459183673474 0.08249999999999995 0.08012755102040812
0 0.5003698979591839 0.052528061224489754 0.08455612244897955 0.08657653061224492
0 0.3488163265306121 0.644576530612245 0.08190816326530606 0.09021428571428576
0 0.49274999999999997 0.41161479591836736 0.0860612244897961 0.09081122448979606
0 0.5049183673469387 0.2994311224489796 0.09615306122448991 0.08725000000000005
0 0.360875 0.16679591836734692 0.08754591836734704 0.08557142857142858
0 0.21052295918367347 0.6457627551020407 0.08309693877551019 0.08428061224489793
0 0.4829591836734695 0.7540841836734693 0.07834693877551019 0.07894387755102047
0 0.22287500000000002 0.17495663265306127 0.0895255102040818 0.08111734693877551
0 0.36631887755102044 0.04610969387755102 0.09051530612244893 0.08952551020408155
0 0.07721173469387757 0.04784183673469387 0.09595408163265293 0.09101020408163271
0 0.0794387755102041 0.1752066326530612 0.09446938775510219 0.09249489795918366
0 0.07756887755102045 0.5297270408163266 0.09140306122448984 0.08487244897959183
0 0.35534693877551016 0.2857831632653062 0.07834693877551042 0.08368877551020418
