0 0.5822917991099811 0.902027972027972 0.09614113159567735 0.09738080101716456
0 0.2846185632549268 0.6462587412587413 0.10354100445009533 0.0998410680228864
0 0.7337603305785123 0.7834488239033693 0.10028607755880484 0.10028607755880484
1 0.27169421487603307 0.420737444373808 0.12256198347107432 0.2538207247298155
0 0.2900190718372535 0.9210108073744436 0.0896376350921805 0.0931849968213605
0 0.4300667514303878 0.7747616020343293 0.09614113159567707 0.0979910998092817
1 0.6728766687857596 0.7477749523204068 0.18903369357914784 0.13312142403051466
0 0.4254418308963763 0.6373235855054036 0.0979910998092815 0.1029243483788939
0 0.4211315956770502 0.11161474888747609 0.10785759694850593 0.10292434837889387
1 0.41235855054036874 0.4171869040050859 0.176694214876033 0.25914176732358557
1 0.41235855054036874 0.4171869040050859 0.176694214876033 0.25914176732358557
1 0.3683343928798475 0.10553401144310234 0.1684551811824538 0.11966306420851862
