0 0.5850398633257402 0.026642938496583127 0.08447608200455592 0.053285876993166253
0 0.5930751708428246 0.26056662870159447 0.10880410022779059 0.1038553530751709
0 0.5822665148063781 0.12539578587699313 0.08780182232346259 0.08212414578587701
0 0.7221554669703872 0.027966970387243745 0.08379840546697069 0.05593394077448749
0 0.1485592255125284 0.25814920273348513 0.11260820045558075 0.10821184510250566
0 0.3070615034168565 0.12951025056947604 0.09067198177676526 0.08242596810933943
0 0.14497152619589976 0.1264692482915717 0.10543280182232338 0.09883826879271068
0 0.7214664009111618 0.1445387243735763 0.09066628701594534 0.09203872437357626
0 0.44936788154897506 0.12677107061503418 0.09076309794988612 0.0857972665148064
0 0.45164578587699306 0.2636332574031891 0.10348519362186769 0.10169703872437354
0 0.7311531890660593 0.2619447608200456 0.11800113895216398 0.10999430523917987
0 0.3042995444191343 0.26494589977220956 0.10723234624145801 0.10611047835990899
