0 0.5734625240230621 0.19414477898782834 0.09092248558616252 0.09017296604740548
0 0.7903299167200512 0.18706598334401026 0.09688020499679657 0.0983728379244074
0 0.6818930172966047 0.18930172966047404 0.08719410634208828 0.08495836002562457
0 0.07035554131966693 0.5184304932735425 0.08406790518898144 0.08057655349135155
1 0.11560538116591933 0.3871076233183857 0.14308776425368333 0.20390134529147982
0 0.2107879564381806 0.291181934657271 0.0968737988468932 0.09873798846893009
1 0.1710538116591929 0.22970852017937213 0.13950672645739912 0.20032671364509919
0 0.9103139013452914 0.19004484304932734 0.09390134529147974 0.09538757206918635
0 0.3476489429852659 0.20755925688661114 0.09241511851377303 0.09315823190262656
0 0.149301729660474 0.45295964125560534 0.09688661114670068 0.0919154388212684
1 0.3447437540038437 0.14532991672005124 0.08123638693145452 0.17737347853939775
1 0.4159160794362588 0.1397373478539398 0.14010890454836641 0.18258808456117886
1 0.5195067264573993 0.13340807174887895 0.1565022421524662 0.1743882126841767
1 0.6230973734785393 0.12446188340807174 0.18035233824471517 0.19228058936579107
1 0.7393529788597053 0.1341511851377322 0.1654452274183217 0.17290198590647013
0 0.4575752722613708 0.205695067264574 0.09017937219730938 0.08794362588084559
1 0.8459256886611148 0.13452274183215887 0.1922741832158874 0.17065983344010255
