1 0.4009332469215814 0.4447407647440052 0.18012961762799742 0.26418016850291653
1 0.2575340246273493 0.44836033700583267 0.12494491250810104 0.25875567077122474
0 0.7285839274141281 0.8181237848347374 0.10223590408295533 0.10223590408295523
0 0.2733149708360337 0.821798444588464 0.11068697342838628 0.10318211276733638
1 0.4009332469215814 0.4447407647440052 0.18012961762799742 0.26418016850291653
0 0.4142709008425146 0.6691574854180168 0.09989630589760196 0.10492546986390161
0 0.2762151652624756 0.9551069345430979 0.09138042773817238 0.08848995463383004
1 0.04387232663642251 0.7896694750486067 0.08774465327284502 0.41742060920285146
0 0.5741704471808167 0.9390084251458198 0.09801036941024004 0.09927414128321443
0 0.42152624756966944 0.9457517822423851 0.11068697342838632 0.10720025923525593
1 0.356053143227479 0.12702851587815941 0.17173039533376533 0.12198963058976009
1 0.6665165262475696 0.7817563188593649 0.19270900842514552 0.1357096565132856
0 0.4189857420609203 0.8092676604018146 0.09801036941023984 0.09989630589760205
0 0.27070965651328577 0.6782663642255347 0.1055541153596889 0.10178224238496454
0 0.4098768632534025 0.1332274789371354 0.10995463383020083 0.10492546986390154
