0 0.4004008191925103 0.6049882972498537 0.08400819192510248 0.093089526038619
0 0.6726857811585722 0.7252486834406086 0.08741954359274398 0.08628437682855478
0 0.5371123464014043 0.7334757167934465 0.08968402574605035 0.09252194265652426
0 0.3992949093036864 0.7476857811585722 0.09189584552369813 0.10040374488004669
0 0.8417788180222352 0.6176331187829139 0.08461088355763567 0.07704505558806321
1 0.21988882387361025 0.6403393797542423 0.11527208894090107 0.4163955529549444
1 0.10279110590988885 0.6391661790520772 0.11186658864833253 0.41875365710942064
1 0.7815593914569924 0.5921123464014043 0.2058455236980691 0.12703335283791692
1 0.6874751316559391 0.28032767700409594 0.18215915740198968 0.22381509654768872
1 0.41991222937390293 0.2778759508484494 0.11444119368051486 0.217284961966062
0 0.4066676418958456 0.4719953188999415 0.09416617905207716 0.09132826214160321
0 0.5413662960795786 0.46544470450555875 0.08571679344646012 0.08968402574605035
0 0.5325716793446459 0.5959128145114101 0.08627852545348151 0.09195435927442952
