1 0.7269607315761162 0.6890371167294244 0.18530392684238836 0.10744486282947818
0 0.4690398063474986 0.8290424959655729 0.08917159763313602 0.08969338353953744
0 0.3261511565357719 0.8251317912856375 0.0923023130715439 0.09022054868208712
0 0.18065357719203876 0.8337358795051103 0.09438945669714915 0.08552447552447552
0 0.03961269499731044 0.8339994620763851 0.07922538999462088 0.09752017213555675
0 0.32032275416890804 0.9505836471221087 0.08260355029585824 0.08823561054330285
0 0.47802044109736413 0.9592200107584724 0.10137708445400762 0.0804841312533619
0 0.03847767616998385 0.9598762775685852 0.0769553523399677 0.07917159763313614
0 0.1747014523937601 0.9581576116191501 0.08698224852070999 0.08260892953200626
0 0.33189080150618616 0.6978886498117267 0.09543302850995151 0.09438945669714877
0 0.18065626681011304 0.6952797202797204 0.09126412049488965 0.08917159763313602
0 0.038830016137708416 0.6997149004841312 0.07766003227541683 0.09595481441635294
0 0.7913448090371168 0.7033512641204949 0.0946207638515334 0.08650887573964498
0 0.6308821947283486 0.9466675632060249 0.09732114039806383 0.09083916083916078
0 0.473224852071006 0.7046557288864981 0.08915008068854231 0.09128025820333523
