0 0.5688997395833335 0.6972623697916666 0.09694010416666671 0.09315755208333343
0 0.6462174479166665 0.1007063802083333 0.08835937499999985 0.0871028645833333
0 0.88169921875 0.6983951822916667 0.09164062500000024 0.08785807291666667
1 0.4586848958333333 0.05600911458333331 0.1177864583333334 0.11201822916666662
0 0.8109472656250001 0.09439778645833334 0.08836588541666672 0.07952473958333325
0 0.5255013020833332 0.36673828125000013 0.0878515625 0.09088541666666657
1 0.04375325520833336 0.1130143229166667 0.08750651041666672 0.19540364583333342
1 0.7827864583333334 0.06067382812500002 0.12269531250000008 0.12134765625000005
0 0.7927083333333332 0.6272005208333332 0.09467447916666681 0.08937500000000015
0 0.7233430989583333 0.8564648437500001 0.08452473958333329 0.07725260416666704
0 0.24322591145833328 0.27553710937500003 0.09277994791666666 0.08962890624999989
0 0.7181022135416667 0.7108951822916666 0.08785807291666659 0.08861328124999988
0 0.7247102864583334 0.34568359375 0.08906901041666665 0.08634114583333352
0 0.3331640624999999 0.1881217447916666 0.09467447916666653 0.08646484374999999
0 0.2785253906249999 0.43603515625 0.09990234375000004 0.09510416666666656
0 0.7363411458333333 0.03051432291666667 0.08816406249999999 0.06102864583333334
1 0.7244661458333334 0.12021158854166664 0.10755208333333349 0.15677734374999994
0 0.45786783854166657 0.436298828125 0.09543619791666674 0.08815755208333353
0 0.7254264322916667 0.17013346354166672 0.09025390624999997 0.08583984374999995
1 0.9027473958333333 0.44620768229166663 0.12825520833333337 0.19762369791666684
0 0.556279296875 0.17265950520833329 0.0927799479166665 0.0871028645833333
0 0.44462890625 0.2951171875 0.09028645833333326 0.08415364583333314
1 0.645576171875 0.7046842447916667 0.1112434895833332 0.2381966145833331
0 0.45205403645833336 0.08979166666666664 0.08906901041666693 0.0909765625
1 0.9517024739583334 0.3689908854166668 0.09529296874999983 0.189765625
0 0.6414811197916667 0.7845605468750001 0.09277994791666677 0.09151692708333314
0 0.0950813802083333 0.18958658854166668 0.0840690104166666 0.0818033854166666
0 0.24004231770833329 0.12142252604166666 0.08482421874999994 0.07876953125000001
0 0.3765885416666666 0.37399739583333336 0.09656249999999993 0.08835937500000023
0 0.6075911458333334 0.4397949218750001 0.08835937499999985 0.0852669270833335
0 0.45432291666666663 0.5951627604166665 0.08997395833333349 0.08725260416666673
0 0.6406412760416667 0.25162109374999997 0.0881575520833332 0.08906249999999999
0 0.8146875 0.2607063802083333 0.09088541666666665 0.08906901041666665
0 0.8037630208333333 0.764892578125 0.08558593750000008 0.0840690104166667
0 0.9119954427083333 0.5095670572916666 0.09656901041666674 0.09593098958333329
0 0.3716666666666666 0.4964388020833333 0.0883593749999999 0.09341145833333336
1 0.7124381510416666 0.6222493489583334 0.10815755208333334 0.23994140625000016
0 0.5452115885416666 0.499736328125 0.08815755208333358 0.08543619791666664
1 0.24637695312499996 0.07376302083333329 0.09906901041666674 0.14752604166666658
1 0.11081054687500001 0.11611979166666668 0.08362630208333334 0.20196614583333336
0 0.8937597656249999 0.17118164062499996 0.08906901041666665 0.09361328124999999
0 0.8131575520833334 0.44656575520833325 0.08709635416666688 0.08406901041666642
