0 0.2958385876418662 0.8781525851197983 0.0889029003783102 0.09242118537200496
1 0.3735119798234553 0.06936002522068095 0.16707440100882723 0.11868221941992421
0 0.43473833543505674 0.7331021437578815 0.09535308953341741 0.09718789407314002
0 0.5857156368221943 0.8593253467843633 0.0953530895334177 0.09658259773013851
1 0.2776639344262295 0.38197982345523324 0.12155737704918028 0.2517402269861285
0 0.7359426229508196 0.7417181588902899 0.09946406052963434 0.09946406052963425
0 0.29048234552332913 0.6056525851197982 0.1026923076923077 0.09902269861286273
1 0.41717528373266083 0.3784583858764188 0.17524590163934428 0.25701765447667096
1 0.07266708701134932 0.6958480453972258 0.11711223203026468 0.3997667087011351
0 0.43015132408575035 0.5967906683480454 0.09718789407313988 0.10208070617906694
0 0.4258764186633039 0.07539092055485494 0.10697351828499362 0.1020807061790669
1 0.6755580075662042 0.7063366960907944 0.18748423707440073 0.13203026481714977
1 0.41717528373266083 0.3784583858764188 0.17524590163934428 0.25701765447667096
