0 0.9193702497285559 0.9571444082519002 0.08336590662323573 0.08462540716612378
0 0.62607220412595 0.9641205211726384 0.09536916395222593 0.07067318132464706
0 0.6257871878393051 0.8416965255157438 0.10052117263843656 0.09842019543973943
0 0.04487242128121605 0.9601791530944626 0.0897448425624321 0.07855591748099885
0 0.6234174809989143 0.706172638436482 0.10210097719869697 0.09684039087947893
0 0.7784120521172638 0.8414305103148753 0.09526058631921835 0.08631378935939185
0 0.47710912052117255 0.8422204125950054 0.10736699239956575 0.10999999999999999
0 0.17869435396308364 0.8382736156351792 0.10842019543973958 0.10105320304017387
0 0.04382193268186755 0.8372204125950053 0.0876438653637351 0.09684039087947875
0 0.778414766558089 0.7016965255157438 0.09210640608034747 0.08999457111834958
0 0.04224212812160692 0.7101167209554831 0.08448425624321385 0.09631378935939211
0 0.47727470141150935 0.9587214983713356 0.10105320304017368 0.0814712269272528
0 0.4721064060803475 0.7072231270358306 0.10578718783930526 0.09999457111834974
0 0.3223724212812162 0.7035396308360479 0.11368078175895771 0.08736156351791523
0 0.9310450597176981 0.704329533116178 0.09631378935939201 0.09526058631921808
0 0.3244761129207383 0.8382736156351792 0.10420738327904439 0.10946796959826278
0 0.9252524429967428 0.8327470141150922 0.09315418023887084 0.09105320304017371
0 0.7724049945711183 0.9623859934853422 0.08778501628664477 0.07414223669923982
0 0.17658794788273613 0.7077497285559174 0.10947339847991304 0.09263300760043448
