0 0.8276900584795321 0.5974528914879793 0.0862962962962962 0.08126055880441836
0 0.9728102664067576 0.8599740090968161 0.05307992202729058 0.08241715399610165
0 0.8315724496426251 0.8641747888239116 0.08136452241715403 0.07506822612085781
0 0.8305263157894736 0.46107537361923323 0.08944769330734241 0.07810916179337235
0 0.9634405458089668 0.5851721897335933 0.07181936322287204 0.08692657569850544
1 0.8703996101364524 0.8715334632878493 0.13795321637426888 0.11086419753086406
0 0.9664619883040937 0.4449090318388564 0.06577647823261869 0.07664067576348277
1 0.8612670565302143 0.6151559454191033 0.13984405458089652 0.12220272904483422
0 0.9713417803768681 0.7202891487979206 0.05601689408706964 0.08083820662768036
0 0.6928849902534113 0.7355133203378819 0.08398960363872639 0.07821312540610792
