0 0.6144805571677306 0.940899593731863 0.11532211259431205 0.10740568775391741
0 0.6187086477074868 0.15791642484039467 0.09240278583865344 0.09072547881601857
0 0.4655339524085897 0.5432240278583865 0.10773650609402186 0.10960533952408602
0 0.46571967498549044 0.4144631456761462 0.09162507254788158 0.08587347649448633
0 0.4736128845037724 0.14986360998258852 0.10253627394080106 0.0989262913522925
0 0.4657864190365641 0.28133197910621005 0.0947533372025536 0.09117237376668602
0 0.6185519442832268 0.6829918746372606 0.10756239117817766 0.0990191526407428
0 0.624492164828787 0.546485780615206 0.11131746952988981 0.10482298316889156
0 0.6212623331398723 0.8097939640162507 0.09117237376668606 0.0859605339524085
0 0.6226871735345328 0.4170400464306442 0.09795705165409174 0.09406848520023217
0 0.6260650029019154 0.28639001741149156 0.10436448055716764 0.0947765525246663
0 0.4677190946024375 0.8051944283226931 0.11633197910621007 0.10858966918165996
0 0.46366802089378983 0.6754817179338364 0.08856645385954719 0.08628554846198486
