0 0.8867046936114732 0.7329628422425031 0.10283572359843546 0.10283572359843546
1 0.5571316818774448 0.35738917861799224 0.1811864406779662 0.2657301173402869
0 0.5778455019556714 0.8621479791395045 0.11133637548891784 0.1094458930899607
0 0.5705475880052152 0.583122555410691 0.10048239895697504 0.10554106910039118
1 0.4128911342894394 0.3610299869621903 0.12567796610169485 0.2602737940026074
0 0.7313852672750979 0.8545567144719687 0.0985853976531947 0.09985658409387202
0 0.5752900912646676 0.7240547588005216 0.0985853976531944 0.10048239895697524
0 0.4316818774445892 0.8740221642764014 0.0919165580182529 0.0955541069100391
0 0.5661277705345502 0.04840938722294654 0.11059973924380703 0.09681877444589308
1 0.5571316818774448 0.35738917861799224 0.1811864406779662 0.2657301173402869
1 0.511988265971317 0.04958279009126463 0.17273794002607556 0.09916558018252926
1 0.8242731421121251 0.6963820078226858 0.19383963494132952 0.13650586701434134
0 0.42876466753585396 0.7366590612777052 0.11133637548891788 0.1037874837027379
0 0.4261440677966101 0.5922848761408084 0.10617340286831806 0.10237940026075633
