0 0.09113776137761381 0.1718665436654366 0.10388683886838875 0.09272447724477244
0 0.560919434194342 0.06108548585485859 0.10388068880688821 0.09701722017220174
0 0.40515375153751537 0.042985854858548576 0.11333333333333347 0.08597170971709715
1 0.6206273062730628 0.5474138991389914 0.14681426814268134 0.20347478474784744
0 0.2581273062730627 0.44666666666666666 0.09615621156211555 0.08757687576875776
1 0.16015067650676512 0.27634071340713406 0.194680196801968 0.14094710947109476
0 0.09248769987699876 0.31494157441574405 0.09615621156211557 0.088431734317343
0 0.5840375153751537 0.7364514145141452 0.09186346863468617 0.09014760147601489
0 0.08948031980319797 0.040064575645756446 0.09701722017220173 0.08012915129151289
1 0.7532718327183272 0.4157441574415744 0.11538745387453873 0.17308733087330855
0 0.7507226322263223 0.1877706027060271 0.1056027060270603 0.10044895448954486
0 0.9142220172201723 0.3429458794587946 0.10910824108241057 0.10731857318573187
0 0.7466728167281672 0.04681734317343173 0.1116113161131611 0.09363468634686346
1 0.7545940959409595 0.813410209102091 0.10645756457564569 0.23009225092250946
0 0.09433271832718326 0.46653751537515364 0.09615621156211558 0.08585485854858547
0 0.4277429274292743 0.4499846248462484 0.10388683886838837 0.09529520295202971
0 0.24941266912669127 0.31629458794587945 0.09787822878228777 0.09272447724477231
0 0.91690036900369 0.7513530135301354 0.10851168511685104 0.11328413284132866
0 0.5699323493234932 0.33060885608856094 0.10645756457564597 0.10216482164821651
0 0.5882164821648216 0.6093849938499385 0.10645756457564587 0.09873308733087324
1 0.4717958179581797 0.6637484624846249 0.15453874538745396 0.195750307503075
1 0.9194372693726937 0.6884901599015989 0.11504920049200494 0.2172140221402214
1 0.46351476014760146 0.39930504305043063 0.1794403444034441 0.2060639606396066
0 0.9370940959409594 0.1641389913899139 0.11327798277982774 0.10612546125461264
0 0.9222878228782287 0.045950184501845036 0.11328413284132846 0.09190036900369007
0 0.5769280442804429 0.18637146371463711 0.09958794587945899 0.09357933579335782
0 0.7494341943419435 0.46250922509225095 0.1116113161131611 0.10388683886838875
0 0.2443234932349323 0.03696186961869621 0.09959409594095929 0.07392373923739241
0 0.9198985239852399 0.4797324723247232 0.11805043050430497 0.1079151291512916
0 0.7412792127921279 0.9047263222632227 0.10731857318573187 0.09701722017220167
1 0.30647908979089794 0.2752921279212791 0.17535670356703578 0.1452337023370233
0 0.4286500615006149 0.7333825338253382 0.10130996309963095 0.08757687576875757
