0 0.5091755184623166 0.3054552352048559 0.09532625189681342 0.08649974709155285
0 0.21672230652503796 0.8821244309559939 0.09415275670207401 0.09944360141628743
0 0.3544157814871016 0.6476327769347497 0.0812038442083965 0.08943854324734449
0 0.22525543753161364 0.42667425392008096 0.08650480526049566 0.09120384420839653
0 0.2173115832068791 0.6488088012139605 0.08238239757207888 0.08355589276681843
0 0.2295599393019728 0.05185887708649474 0.08581689428426903 0.08384926656550329
0 0.49711178553363683 0.416674253920081 0.08532119372787066 0.09003034901365717
0 0.21937025796661602 0.7656145675265554 0.0853262518968134 0.08414769853313106
0 0.3644208396560445 0.41255184623166413 0.08590794132524032 0.08532625189681345
0 0.3717678300455236 0.0543120890237734 0.0897369752149721 0.08875569044006061
0 0.2295574102175013 0.18205108750632273 0.08875569044006086 0.08041982802225593
0 0.08520738492665651 0.6491047040971168 0.08767324228629234 0.0912089023773394
0 0.3608902377339403 0.29192463328275164 0.07767324228629262 0.08296914516944878
0 0.48740515933232176 0.7561987860394537 0.07767324228629228 0.07826504805260501
0 0.08514668689934245 0.056029337379868475 0.09512898330804234 0.09022761760242796
0 0.22396054628224585 0.2999266565503288 0.08179059180576626 0.07943854324734442
0 0.08735457764289328 0.18229893778452197 0.09365705614567542 0.09169954476479511
0 0.08550075872534146 0.5337708649468893 0.09061709661102685 0.0841426403641881
0 0.220546282245827 0.5355361659079413 0.08414769853313081 0.09120384420839653
0 0.5046661608497726 0.06067526555386946 0.0838290338897319 0.08583206879109766
0 0.5007309054122407 0.17763783510369247 0.08384926656550322 0.08433990895295906
0 0.3663707637835104 0.17396054628224583 0.08679312089023777 0.08483560950935765
0 0.08762013151239247 0.3049266565503287 0.08885685381891759 0.08297420333839152
0 0.354711684370258 0.7620839656044511 0.0841426403641881 0.0912089023773395
1 0.08429944360141621 0.4971446636317653 0.09532625189681337 0.1440515933232169
