0 0.6307542457542459 0.30866883116883126 0.08076923076923072 0.07844655344655342
0 0.4961163836163835 0.3136063936063936 0.0877472527472528 0.08193806193806195
0 0.7694605394605395 0.4198876123876124 0.08483516483516493 0.08426073926073933
0 0.6320329670329671 0.43383366633366643 0.08542457542457536 0.09006493506493507
0 0.21668831168831176 0.06539460539460544 0.10459540459540462 0.08037962037962043
0 0.08255494505494503 0.06926823176823174 0.10072427572427564 0.08522977022977028
0 0.771386113886114 0.18427572427572425 0.0857092907092908 0.08377622377622376
0 0.6362812187812188 0.1922652347652348 0.08764735264735272 0.07941558441558438
0 0.49585414585414594 0.19250999000999 0.09248751248751266 0.09055444555444553
0 0.0895754245754246 0.4217932067932068 0.09539460539460555 0.08813186813186812
0 0.35905844155844147 0.192992007992008 0.09878621378621383 0.10120879120879128
0 0.4937337662337662 0.6534865134865134 0.0865784215784216 0.09006993006993004
0 0.6236063936063936 0.8835964035964036 0.09297702297702322 0.09820179820179828
0 0.6262212787212786 0.7685414585414586 0.08426073926073933 0.08309690309690322
0 0.35445554445554456 0.06878371628371624 0.09733266733266743 0.09200299700299701
0 0.7598726273726274 0.7650549450549452 0.08309190809190806 0.09006993006993023
0 0.49367382617382616 0.06781718281718281 0.09394105894105872 0.08910089910089915
0 0.6273826173826174 0.5413361638361638 0.08309690309690294 0.09006493506493507
0 0.890909090909091 0.7592432567432567 0.07670329670329679 0.07728771228771243
0 0.4940234765234766 0.5395929070929072 0.08948551448551459 0.08309190809190806
0 0.7595804195804196 0.6520329670329671 0.08018981018981015 0.08832167832167838
0 0.6241883116883117 0.6531943056943056 0.08135364635364635 0.08251248751248749
0 0.6362837162837164 0.06369880119880124 0.08474525474525482 0.0828021978021978
0 0.7767157842157842 0.06612137862137862 0.0886163836163835 0.08764735264735257
0 0.9040684315684316 0.18790709290709287 0.08280219780219773 0.08328671328671328
1 0.49486263736263736 0.5039685314685315 0.08869630369630374 0.14559940059940063
1 0.09070179820179822 0.39267982017982017 0.09706793206793202 0.13722777222777227
0 0.9004945054945055 0.4239585414585414 0.08425574425574436 0.08890609390609393
0 0.3603746253746254 0.4256968031968032 0.0906493506493507 0.09587912087912084
0 0.3592107892107893 0.30977022977022983 0.09297702297702293 0.09413586413586411
0 0.08449300699300703 0.18936063936063938 0.0997552447552449 0.092977022977023
0 0.765974025974026 0.3007667332667333 0.07670329670329688 0.08193306693306707
0 0.9079545454545456 0.07240509490509486 0.08278221778221781 0.08476023976023978
0 0.2186238761238761 0.18936063936063938 0.09587912087912077 0.10071928071928075
0 0.9124075924075923 0.31412837162837165 0.09413586413586417 0.08541958041958042
