1 0.20673550087873466 0.34323374340949026 0.1283479789103691 0.17787346221441122
1 0.33860720562390156 0.34144771528998247 0.1109666080843585 0.17634007029876975
1 0.4584688049209139 0.33582381370826014 0.09716608084358531 0.17327328646748674
1 0.5778449033391916 0.33684753954305807 0.09251757469244279 0.16100615114235511
1 0.6974494727592268 0.33403558875219685 0.10580404217926187 0.1615158172231985
1 0.8060654657293498 0.33275702987697714 0.10836115992970138 0.1548725834797891
1 0.9154481546572937 0.3253449033391916 0.11755711775043945 0.15947715289982423
1 0.6008457820738138 0.6560478910369067 0.11193760984182778 0.36597100175746916
1 0.7273506151142355 0.6427592267135325 0.11960456942003521 0.3526801405975395
1 0.8564125659050967 0.6356019332161689 0.1006898066783835 0.3455272407732865
1 0.9523923550087874 0.6253800527240773 0.0943365553602811 0.3475702987697716
1 0.23385105448154658 0.6795606326889279 0.11807117750439368 0.37721441124780297
1 0.48916300527240775 0.6764938488576451 0.1052943760984183 0.3363268892794376
1 0.3598418277680141 0.6634600175746925 0.11142355008787348 0.38181458699472764
