0 0.47548205677557587 0.70163631494376 0.08876807712908417 0.09088912694161765
0 0.1782378146759507 0.9549839314408143 0.0866095340117835 0.08411890733797528
0 0.3347536154258169 0.6948982324584896 0.09502410283877868 0.09398500267809295
0 0.3290385645420461 0.8215961435457955 0.09190680235672208 0.08983395822174618
1 0.728130690948045 0.6860846277450455 0.18450990894483124 0.10698446705945364
0 0.184167113015533 0.6923004820567756 0.09087305838243163 0.0887895018746651
0 0.18416443492233533 0.8301633636850563 0.09398500267809336 0.08515800749866091
0 0.6324638457418319 0.9426111408677023 0.09690412426352471 0.09044991965720403
0 0.0408061060524906 0.6967166577396893 0.0816122121049812 0.09554365291912173
0 0.04158543117300487 0.8304258168184253 0.08317086234600975 0.09710230316015003
0 0.47131494376004285 0.8254900910551687 0.0887895018746652 0.08930905195500814
0 0.4802570969469737 0.9572522763792181 0.10094268880557049 0.0844242099625067
0 0.32323513658275305 0.9465104445634708 0.0822495982860206 0.08785752544188528
0 0.04045527584359934 0.9579057311194429 0.08091055168719868 0.08311730048205695
0 0.7922388859132298 0.7003374397429031 0.09421531869309079 0.0861381896089984
