1 0.2665653008962868 0.430742637644046 0.12342509603072975 0.25560819462227896
1 0.6705729833546734 0.7600832266325224 0.19036491677336712 0.13405889884763092
0 0.4213956466069142 0.6488540332906529 0.09868117797695254 0.10364916773367483
0 0.2850192061459666 0.9345390524967991 0.0902688860435339 0.09384122919334179
0 0.4170550576184379 0.11944302176696539 0.10861715749039684 0.1036491677336748
1 0.36388604353393095 0.11331946222791293 0.16964148527528808 0.12050576184378989
0 0.7318854033290652 0.7960083226632522 0.10099231754161324 0.10099231754161324
1 0.40822023047375167 0.42716709346991055 0.17793854033290651 0.2609667093469912
0 0.2795806658130601 0.6578521126760564 0.10427016645326499 0.10054417413572363
0 0.4260531370038413 0.7872599231754162 0.09681818181818183 0.09868117797695264
0 0.5728969270166455 0.12005121638924454 0.09302816901408474 0.08937259923175411
0 0.5793501920614598 0.9154225352112677 0.09681818181818211 0.09806658130601775
0 0.2821542893725992 0.7996382842509602 0.10934058898847634 0.1019270166453264
1 0.40822023047375167 0.42716709346991055 0.17793854033290651 0.2609667093469912
0 0.42856274007682454 0.9228777208706788 0.1093405889884763 0.10748399487836087
