1 0.3475968483256731 0.04632961260669727 0.17398555482600128 0.09265922521339454
1 0.6621372291529874 0.6941891004596191 0.19523965856861417 0.1374917925147732
1 0.24778397898883783 0.3564149704530531 0.12658568614576488 0.2621536441234404
0 0.4139297439264609 0.8611523309258043 0.11214051214707814 0.11023637557452379
0 0.40657912015758374 0.5801116217990808 0.10120814182534461 0.10630334865397251
0 0.2637721602101116 0.7347570584372947 0.11214051214707817 0.1045370978332238
0 0.26113263296126066 0.5893401181877873 0.10694024950755084 0.1031188443860802
1 0.3930663164806304 0.3527478660538412 0.18249507550886407 0.26764937623112295
0 0.266710439921208 0.873112278397899 0.09258043335521994 0.09624425476034136
0 0.5619599474720947 0.04179908076165461 0.09541037426132656 0.08359816152330922
0 0.4021273801707157 0.045147734734077474 0.11139855548260004 0.09029546946815495
1 0.5385784635587657 0.3563197636244255 0.18791201575837202 0.25940249507550883
0 0.5685784635587657 0.8535062376887722 0.09929743926460959 0.10057780695994732
1 0.3930663164806304 0.3527478660538412 0.18249507550886407 0.26764937623112295
0 0.4113558765594223 0.7220617202889035 0.09929743926460936 0.10120814182534466
0 0.7250196979645436 0.7310341431385422 0.1035784635587656 0.1035784635587656
