0 0.45342372881355936 0.2769378531073446 0.09679096045197727 0.08906214689265543
0 0.7215112994350281 0.029807909604519768 0.08313559322033875 0.059615819209039536
0 0.586725988700565 0.035367231638418095 0.09684180790960446 0.07073446327683619
1 0.3765819209039549 0.02976553672316381 0.20310734463276833 0.05953107344632762
1 0.375 0.1329576271186441 0.20683615819209064 0.09845762711864404
1 0.3826638418079096 0.2649576271186441 0.21165536723163844 0.10048022598870063
0 0.7236694915254237 0.15130508474576268 0.0899491525423729 0.09131073446327677
0 0.5898389830508475 0.1350508474576271 0.08883050847457624 0.08729943502824856
0 0.4444887005649717 0.026615819209039555 0.09181355932203403 0.05323163841807911
0 0.4476158192090396 0.13170621468926555 0.09180790960451972 0.09183050847457637
0 0.7484774011299434 0.27641525423728813 0.10938418079096021 0.10511299435028248
0 0.5979519774011299 0.2655960451977401 0.09963276836158218 0.10270621468926551
