0 0.7634594882729211 0.7610581023454158 0.11058635394456236 0.1015831556503199
1 0.04261460554370999 0.4700719616204691 0.08522921108741997 0.15180703624733471
1 0.6970309168443496 0.690549040511727 0.18362473347547983 0.19907249466950958
0 0.4598081023454159 0.7430730277185501 0.08185501066098079 0.08247867803837965
0 0.18807835820895524 0.13801439232409385 0.09353411513859292 0.0847494669509595
0 0.17455223880597015 0.875778251599147 0.09922174840085303 0.10479744136460564
0 0.6342270788912581 0.2499227078891258 0.09643923240938201 0.09001599147121525
0 0.3199706823027719 0.7492750533049041 0.08867270788912575 0.09611940298507476
0 0.04200692963752669 0.5086700426439233 0.08401385927505338 0.08867270788912575
0 0.4700373134328358 0.38526918976545843 0.08991471215351828 0.09487739872068243
0 0.47799840085287854 0.027665245202558624 0.0883422174840086 0.05533049040511725
0 0.043784648187633314 0.13827558635394455 0.08756929637526663 0.09663646055437099
0 0.17858208955223878 0.5105303837953091 0.08867803837953074 0.09611407249466948
0 0.32648187633262254 0.2538033049040512 0.08185501066098107 0.0874360341151387
0 0.33020255863539444 0.3809248400852879 0.0905330490405118 0.08992004264392332
0 0.7932356076759063 0.025836886993603425 0.09376332622601302 0.05167377398720685
0 0.3322574626865672 0.12948827292110873 0.09146588486140733 0.08940298507462689
0 0.4738512793176972 0.13336353944562895 0.0883635394456289 0.08888059701492539
0 0.4827505330490404 0.2680623667377399 0.1004584221748402 0.09115671641791043
0 0.31965884861407234 0.6286620469083156 0.0855756929637526 0.09425373134328371
0 0.17734275053304902 0.752995735607676 0.08992004264392328 0.08867803837953103
0 0.0426599147121535 0.2675053304904051 0.085319829424307 0.0874413646055437
1 0.15521055437100223 0.6956823027718549 0.1312633262260128 0.19109808102345416
0 0.18218017057569297 0.2622361407249467 0.08619402985074617 0.08371535181236674
0 0.1835447761194031 0.3958075692963753 0.09116204690831554 0.09611407249466948
