1 0.6975128040973111 0.3955825864276569 0.14799615877080663 0.24581306017925733
0 0.5383834827144686 0.7687516005121638 0.09258002560819456 0.09774647887323958
0 0.8335627400768245 0.7478681177976952 0.08875160051216376 0.09061459667093465
0 0.9656562099871959 0.08353713188220231 0.06740717029449428 0.10501280409731112
0 0.8412612035851472 0.8852784891165172 0.08875800256081955 0.08875160051216384
1 0.9602496798975673 0.3853169014084506 0.07822023047375176 0.2526696542893725
1 0.8576792573623561 0.08175416133162616 0.1415685019206145 0.11261203585147256
1 0.7296702944942381 0.714539052496799 0.1427464788732394 0.153303457106274
1 0.3075608194622279 0.7308354673495517 0.19432778489116515 0.1441421254801536
1 0.8435563380281691 0.3884186939820743 0.141504481434059 0.2526632522407169
0 0.8167445582586428 0.09105633802816901 0.08327144686299616 0.0817157490396926
0 0.5396959026888605 0.8804801536491678 0.08706145966709353 0.08663252240717016
0 0.9633834827144685 0.7485467349551856 0.07195262483994899 0.08937259923175433
0 0.6883930857874521 0.7585019206145966 0.08792573623559541 0.08404609475032032
0 0.8328201024327785 0.6204481434058898 0.09980153649167721 0.09085787451984632
0 0.6805761843790014 0.0842093469910371 0.08813060179257373 0.08378361075544181
0 0.23446862996158768 0.7755121638924457 0.07522407170294494 0.07895006402048659
0 0.6928777208706787 0.8872279129321382 0.09533290653008956 0.10277848911651725
0 0.400179257362356 0.8868533930857874 0.09085787451984627 0.09160691421254806
