0 0.5532456140350877 0.2632910981156595 0.09259909031838844 0.08693307342430145
1 0.953203378817414 0.10927550357374922 0.09229369720597784 0.1662962962962963
0 0.8111500974658868 0.35116634178037676 0.0907082521117608 0.08889538661468482
0 0.2583398310591292 0.8703183885640025 0.08768680961663422 0.08163742690058474
0 0.33543859649122815 0.7875503573749187 0.08617283950617291 0.08239116309291761
0 0.71998375568551 0.9457634827810266 0.08435997400909674 0.07710201429499701
0 0.2541812865497077 0.7270760233918129 0.08994801819363231 0.08239116309291732
0 0.5690155945419102 0.9563775178687459 0.08919428200129954 0.08594541910331388
0 0.4306887589343729 0.9544899285250164 0.09524366471734892 0.08972059779077313
1 0.9498473034437948 0.4592397660818715 0.09900584795321633 0.1893957115009747
0 0.5644834307992204 0.7837686809616634 0.0952436647173492 0.09448992852501616
0 0.8780311890838206 0.7880019493177389 0.09146198830409384 0.08768680961663422
0 0.7154515919428199 0.803619233268356 0.08254710851202073 0.08163742690058512
0 0.6529207277452892 0.71498375568551 0.09675763482781055 0.09599740090968167
0 0.8002469135802468 0.8543697205977908 0.0854191033138402 0.08390513320337895
0 0.09294671864847301 0.2801851851851852 0.08390513320337875 0.08164392462638072
0 0.33056530214424945 0.2787231968810916 0.09448992852501611 0.08629629629629625
0 0.8074171539961014 0.18518193632228722 0.08819363222871984 0.07936972059779071
0 0.2376250812215724 0.21215399610136454 0.08465886939571143 0.0786159844054581
0 0.7220630279402209 0.26076998050682265 0.09007797270955165 0.08567251461988297
0 0.7905003248862897 0.708180636777128 0.09524366471734902 0.09448992852501625
1 0.8990383365821962 0.5363060428849903 0.12800519818063683 0.19723846653671223
0 0.732956465237167 0.11151072124756338 0.08799220272904482 0.08073424301494476
0 0.6382813515269656 0.8739993502274204 0.09259909031838871 0.09133853151396985
0 0.5325795971410006 0.08384340480831715 0.09161793372319686 0.08889538661468482
1 0.45584145549057825 0.12221572449642622 0.11755685510071484 0.1611046133853152
0 0.45148797920727735 0.684970760233918 0.08979857050032501 0.08708252111760884
1 0.10864522417153999 0.2068615984405458 0.08346328784925279 0.20157244964262508
1 0.7211046133853151 0.21094541910331382 0.10734243014944776 0.15647173489278746
0 0.8900682261208575 0.261816114359974 0.08889538661468496 0.09343079922027289
0 0.36899285250162434 0.5864392462638076 0.08818713450292383 0.09322936972059787
0 0.2832846003898636 0.5269135802469136 0.09297595841455486 0.09146198830409374
0 0.37390513320337876 0.46423651721897335 0.09637426900584788 0.0881871345029242
0 0.9082683560753736 0.599541910331384 0.09638076673164389 0.09574398960363872
0 0.45502599090318385 0.5264165042235218 0.09525016244314503 0.08798570500324918
0 0.444087069525666 0.3875925925925925 0.08708252111760884 0.08272254710851197
0 0.8114554905782975 0.5334535412605588 0.08599090318388569 0.07619883040935677
0 0.24080246913580242 0.36596816114359976 0.09259909031838855 0.08945419103313833
0 0.3642267706302794 0.07985380116959064 0.08617933723196884 0.08435997400909677
0 0.6430084470435347 0.19147823261858346 0.08818713450292393 0.08693307342430148
1 0.24394736842105258 0.15522092267706303 0.09887589343729698 0.1659714100064976
0 0.4492235217673814 0.1805847953216374 0.08889538661468514 0.09079922027290448
0 0.5421994801819363 0.5897303443794673 0.08798570500324908 0.08526965562053282
0 0.9202729044834309 0.07667966211825859 0.10794022092267722 0.09615334632878493
0 0.9723749187784275 0.6881026640675764 0.05395061728395084 0.09170890188434032
0 0.6374431448992852 0.3420987654320987 0.0879857050032488 0.08888888888888885
0 0.6044574398960364 0.5299057829759585 0.08818713450292383 0.08510071474983776
0 0.5225276153346328 0.4569915529564654 0.0876803118908382 0.09070825211176076
0 0.721348278102664 0.43597790773229367 0.08889538661468487 0.08617283950617301
