0 0.11643861546782044 0.5188263926446728 0.08516495402920497 0.07882098431584629
0 0.40516495402920494 0.3997485127095728 0.09962141698215259 0.08598702001081661
0 0.25966738777717685 0.6495402920497566 0.07676041103299078 0.07550027041644151
0 0.7080584099513251 0.3895375878853434 0.09784748512709572 0.09785289345592209
0 0.13656300703082747 0.9002379664683613 0.08455922120064899 0.07927528393726335
0 0.7187209302325581 0.6436668469442942 0.08477555435370467 0.08481341265548967
0 0.8666576527852893 0.7619983775013521 0.09135749053542457 0.08154137371552189
0 0.2759653866955111 0.9063034072471607 0.1101027582477014 0.10003785830178465
0 0.8692239048134126 0.9003136830719307 0.08909140075716611 0.08380746349378043
0 0.11924553812871823 0.6543645213628989 0.09694429421308816 0.09150892374256352
0 0.13170903190914007 0.7670795024337481 0.09023255813953489 0.08494321254732284
0 0.8577501352082206 0.6555435370470524 0.08003244997295822 0.0762574364521362
0 0.7181260140616549 0.7636722552731207 0.07812330989724181 0.07445105462412138
1 0.30704434829637645 0.23415900486749597 0.17616549486208766 0.1289778258518118
0 0.25958355868036775 0.5247133585722011 0.09060032449972959 0.08516495402920486
1 0.1721362898864251 0.362520281233099 0.1805840995132504 0.14459707950243383
0 0.10742293131422392 0.40412655489453764 0.08909140075716604 0.08305029745808555
0 0.2507977285018929 0.39800973499188746 0.09512709572742023 0.08305029745808523
0 0.7260897782585181 0.8902866414277987 0.08697674418604644 0.08335316387236329
0 0.2489210383991347 0.26395078420767987 0.10066522444564636 0.08283937263385614
0 0.07982963764196864 0.02894808004326662 0.0928015143320714 0.05789616008653324
0 0.5571849648458627 0.3862141698215251 0.09236884802595999 0.0970686857760952
0 0.5867009194159005 0.8809113034072472 0.0906003244997295 0.09438074634937789
0 0.8617360735532721 0.5118469442942131 0.10538669551108701 0.10905895078420773
1 0.44687398593834504 0.3609004867495943 0.16308274743104378 0.15560302866414266
0 0.40474310438074634 0.5262844780962682 0.08682531097890753 0.08078961600865338
0 0.43154678204434826 0.8916468361276366 0.0842617631151974 0.07610059491617069
0 0.7045565170362359 0.5304353704705246 0.08455922120064903 0.08078420767982691
1 0.8634478096268253 0.34833153055705784 0.09747431043807456 0.16081665765278513
0 0.4242076798269335 0.6454867495943754 0.09604110329908047 0.09332071389940519
0 0.3859437533802056 0.025189291508923767 0.09312060573282863 0.050378583017847534
0 0.4335018929150892 0.7596024878312602 0.09236884802595995 0.07984315846403464
1 0.5798674959437534 0.10725527312060568 0.13824229313142236 0.13137371552190374
0 0.5734883720930233 0.7706814494321256 0.09286100594916166 0.08606814494321241
0 0.8525392103839915 0.3977825851811791 0.08607355327203897 0.08606814494321265
0 0.551544077879935 0.5368550567874527 0.08493780421849646 0.08368307193077344
1 0.5964413196322337 0.3535694970254191 0.14043266630611137 0.1667063277447268
0 0.5372498647917793 0.14515684153596536 0.0815413737155218 0.07474851270957278
1 0.7275851811790158 0.35455651703623575 0.12532720389399685 0.16466738777717682
0 0.2742617631151974 0.7863683071930774 0.09875608436992965 0.09603569497025433
0 0.5698647917793401 0.6326663061114117 0.0943753380205518 0.08682531097890749
