0 0.9578146742567993 0.7515686274509804 0.08310562934851375 0.08829854522454161
0 0.8228115117014548 0.6250094876660341 0.0986021505376343 0.0897659709044908
0 0.6801201771030992 0.761404174573055 0.08686907020872865 0.08303605313093
0 0.5332099936748893 0.8819165085388995 0.08601518026565458 0.08559139784946213
1 0.9634566729917773 0.7176628716002531 0.071821631878558 0.14962049335863392
1 0.7209013282732447 0.7179696394686907 0.14103099304237834 0.15146110056926002
1 0.8473719165085389 0.09278937381404177 0.13986717267552184 0.11125869702719804
1 0.95471853257432 0.3927039848197343 0.08929791271347261 0.2496331435800125
0 0.8069291587602784 0.1019797596457938 0.08227071473750787 0.0807337128399746
1 0.8334187223276408 0.3957685009487666 0.13980392156862753 0.24962681846932314
