1 0.8555689981096407 0.4175633270321361 0.07880529300567096 0.1505141776937617
1 0.7550340264650283 0.418468809073724 0.09065028355387514 0.1523251417769376
1 0.8594650283553875 0.7050491493383744 0.09437051039697558 0.3176975425330813
1 0.9597863894139886 0.6977145557655955 0.07967107750472585 0.3273005671077504
1 0.7424555765595462 0.7039017013232515 0.09412098298676737 0.3250434782608696
1 0.6313705103969753 0.6972778827977315 0.09302457466918715 0.33391304347826095
1 0.5223364839319471 0.70882797731569 0.07907750472589797 0.32176181474480153
1 0.44399432892249524 0.7131568998109641 0.08035160680529307 0.29542533081285455
1 0.35867107750472593 0.7020850661625708 0.08944045368620039 0.3207448015122873
1 0.21604536862003781 0.7015689981096408 0.09627221172022683 0.3179432892249527
1 0.6535652173913044 0.4209962192816635 0.09817013232514184 0.1488355387523629
1 0.5547599243856333 0.4230283553875237 0.10863516068052925 0.15085822306238192
1 0.4602211720226843 0.4207939508506616 0.11827221172022687 0.15357277882797718
1 0.36760680529300566 0.42306049149338376 0.13194706994328917 0.15016635160680525
1 0.2788109640831758 0.42423629489603026 0.14646124763705098 0.14624196597353492
1 0.18589981096408317 0.42637240075614374 0.1623402646502836 0.14602268431001883
1 0.10877882797731571 0.7022608695652174 0.1006880907372401 0.32613988657845
1 0.9588279773156899 0.4166691871455577 0.07758790170132326 0.15094896030245744
