0 0.6256060606060606 0.7866441005802709 0.09188265635074154 0.09063185041908424
1 0.24401353965183756 0.0793907156673114 0.11313346228239844 0.1587814313346228
0 0.7934332688588007 0.10315602836879434 0.08751128304319784 0.0787556415215989
1 0.9422114764667956 0.3746131528046422 0.11428755641521611 0.18375886524822713
1 0.35840103159252096 0.43418117343649254 0.0981302385557705 0.21251450676982575
0 0.4437685364281108 0.4417504835589941 0.09451321727917483 0.08730496453900728
1 0.7018633139909737 0.7638942617666021 0.11250805931656996 0.23689232753062536
0 0.9648517085751128 0.6021856866537718 0.06900709219858177 0.09099935525467429
0 0.35840103159252085 0.5013088330109606 0.08750483558994188 0.09250805931657001
1 0.6375306254029658 0.06717601547388785 0.10370083816892336 0.1343520309477757
1 0.46215667311412 0.3604223081882657 0.1206382978723405 0.21251450676982603
1 0.7068343004513217 0.12836557059961318 0.10885880077369424 0.15678272082527409
0 0.7066763378465505 0.8578529980657641 0.08370728562217924 0.07650548033526788
1 0.6271695680206318 0.7079497098646035 0.1068858800773696 0.23252095422308175
0 0.8935041908446163 0.5143101225016118 0.09563507414571241 0.09500322372662795
0 0.6302965828497742 0.1094036105738233 0.08750483558994192 0.0862604771115409
0 0.23120245003223722 0.28254352030947777 0.09188265635074147 0.08876208897485487
1 0.7684235976789169 0.6792005157962605 0.1193745970341716 0.22501611863313992
0 0.8754448742746613 0.17919729206963247 0.08820760799484197 0.0927079303675048
0 0.44025789813023847 0.5990780141843971 0.0891038039974212 0.08640876853642815
0 0.9668987749838814 0.4358671824629272 0.06491295938104451 0.09187620889748543
1 0.4443133462282399 0.05702127659574472 0.11823339780786597 0.11404255319148944
0 0.7971373307543519 0.267856221792392 0.09000644745325587 0.08820760799484201
0 0.22804964539007086 0.12991940683430045 0.08400386847195351 0.07800773694390717
1 0.09982914248871698 0.12279174725983238 0.08408123791102505 0.19801418439716303
0 0.08449065119277882 0.19742424242424247 0.0832559638942617 0.08101225016118627
1 0.5368214055448098 0.4388652482269504 0.09007092198581552 0.2193939393939396
0 0.32027079303675043 0.1959735654416505 0.0937588652482268 0.08562862669245648
0 0.708030303030303 0.35201160541586074 0.08820760799484197 0.08550612508059338
1 0.873191489361702 0.4511798839458414 0.09500967117988406 0.19063829787234035
0 0.6247743391360413 0.25885880077369433 0.08730496453900696 0.0882011605415861
0 0.7087395228884591 0.17815925209542235 0.0893810444874275 0.0850096711798839
0 0.4380109606705352 0.09859445519019984 0.08820760799484234 0.09009671179883946
0 0.5412282398452611 0.18066086395873623 0.09188265635074136 0.0862604771115409
1 0.7722018052869117 0.06483236621534491 0.13333978078658926 0.12966473243068982
0 0.7863185041908446 0.7671663442940039 0.0847582205029014 0.08325596389426188
0 0.5302675693101225 0.5045744680851064 0.08730496453900734 0.08460992907801425
0 0.5920438426821405 0.4452127659574469 0.08750483558994182 0.08444229529335934
