1 0.4121359223300971 0.8446303211351754 0.09079910380881259 0.3099925317401046
1 0.674826362957431 0.5993932038834953 0.1408177744585511 0.14299103808812552
1 0.7407412247946228 0.8721938013442869 0.0908028379387603 0.2548655713218821
1 0.17292755787901415 0.6064563106796117 0.0766318147871547 0.14908887229275578
1 0.27492531740104553 0.6063928304705003 0.08905153099327841 0.14813293502613886
1 0.5229312920089619 0.8592233009708738 0.09620612397311415 0.280806572068708
1 0.7656740104555638 0.5961874533233756 0.1520425690814043 0.15073935772964897
1 0.3780526512322629 0.6096097834204631 0.09470126960418224 0.13423076923076915
1 0.3780526512322629 0.6096097834204631 0.09470126960418224 0.13423076923076915
1 0.5740160567587752 0.6035287528005974 0.1159858103061987 0.1407468259895445
1 0.070941000746826 0.6133420463032114 0.07783420463032098 0.13665421956684093
1 0.4773506348020911 0.6050392083644511 0.10389469753547424 0.1422666168782674
1 0.8581833457804333 0.598306572068708 0.16579910380881277 0.14154219566840923
1 0.6304835698282301 0.8781404032860345 0.10160941000746819 0.24297236743838688
1 0.9517942494398808 0.8586837191934279 0.09566467513069442 0.2818857356235998
1 0.8482935026138909 0.8592233009708738 0.10268857356235998 0.280806572068708
