0 0.5311940768746063 0.8823629489603025 0.0856899810964083 0.0852678008821675
0 0.6775488342785131 0.7623062381852551 0.08654064272211717 0.0827221172022686
1 0.8441682419659736 0.0962192816635161 0.13933837429111529 0.110838059231254
1 0.8302678008821677 0.3980529300567108 0.13927536231884063 0.24868304977945802
0 0.9560838059231254 0.7525078764965344 0.08657214870825482 0.08796471329552627
1 0.7181758034026465 0.7190359168241967 0.14049779458097034 0.15088846880907375
1 0.9617044738500315 0.7187303087586642 0.07533081285444236 0.14905482041587917
1 0.9529993698802773 0.39499999999999996 0.09274102079395088 0.24868935097668546
0 0.8038783868935098 0.10537492123503467 0.08195967233774404 0.08042848141146808
0 0.819700693131695 0.6264272211720227 0.09822936357907981 0.0894265910522999
