0 0.5860440906307409 0.7330251071647275 0.09147581139007945 0.0897611757501532
0 0.25273423147581137 0.44194733619105936 0.09574402939375379 0.08720146968769144
0 0.42075627679118194 0.7238916105327619 0.1008756889161053 0.0871953459889772
1 0.6166380894060012 0.5502418860992039 0.1461849357011633 0.2026025719534598
0 0.9087323943661973 0.051840171463563976 0.1127985303123085 0.09854868340477639
0 0.9015737905695038 0.897914880587875 0.10448254745866499 0.09854868340477664
0 0.9015921616656459 0.7524188609920393 0.10804654011022663 0.11279853031230888
0 0.4170973668095529 0.8745835884874464 0.11369259032455595 0.10173300673606861
0 0.25514390691977945 0.30488364972443366 0.09745254133496625 0.09232700551132898
1 0.15567054500918556 0.2754072259644826 0.19383955909369255 0.14034292712798518
0 0.5894366197183099 0.599210042865891 0.10600122473974276 0.09830985915492971
0 0.26384568279240656 0.5799601959583589 0.09403551745254131 0.08377832210655226
0 0.9075719534598898 0.4740263319044703 0.11754439681567644 0.10745254133496655
0 0.5730771586037967 0.3246815676668708 0.10600734843845662 0.10173300673606851
0 0.9083557868952848 0.34258420085731783 0.10864053888548703 0.10685854255970606
0 0.9041702388242499 0.18618493570116348 0.11279853031230888 0.1056705450091855
1 0.745064298836497 0.6835394978567055 0.11113288426209432 0.20089406001224733
0 0.5560012247397427 0.056243110838946744 0.10344151867728107 0.09660134721371709
1 0.909984690753215 0.6906644213104716 0.11754439681567644 0.2165646050214328
1 0.7454194733619106 0.41853643600734847 0.11469687691365596 0.179510104102878
0 0.39776791181873855 0.044056950398040445 0.12266380894060012 0.08811390079608089
1 0.4577311696264545 0.39784139620330683 0.17867115737905698 0.20518677281077768
0 0.09762706674831596 0.5796295162278016 0.09232700551132884 0.08292100428658918
0 0.11836803429271285 0.8426454378444581 0.09232700551132882 0.08634415186772817
0 0.09774647887323944 0.721028781383956 0.09745254133496635 0.09489283527250467
0 0.09141151255358235 0.4617330067360686 0.0957440293937539 0.08548683404776482
0 0.27093386405388864 0.7118983466013473 0.10087568891610549 0.09403551745254131
0 0.09582976117575015 0.3089681567666871 0.09575015309246793 0.08805266380894054
1 0.46612676056338015 0.6623851806491122 0.15388242498469068 0.19491120636864656
0 0.0993355786895285 0.1645897121861605 0.10343539497856709 0.09232700551132887
0 0.7411726883037355 0.18938150642988363 0.10515003061849364 0.10002449479485616
0 0.7364788732394366 0.7486374770361298 0.10598897734231484 0.10000612369871408
1 0.3024556031843233 0.2784507042253521 0.17461114513165962 0.1446172688303734
0 0.7383527250459277 0.4583251684017146 0.11113288426209432 0.10343539497856725
0 0.086586037966932 0.037602571953459875 0.09660134721371708 0.07520514390691975
0 0.24431108389467235 0.036289038579301894 0.09916717697489273 0.07257807715860379
0 0.7320391916717699 0.8927281077770971 0.10685854255970602 0.09660134721371705
0 0.2688303735456216 0.8530465401102265 0.10344151867728113 0.09232700551132884
0 0.414237599510104 0.4538181261481935 0.10344151867728113 0.09488671157379047
0 0.7374096754439681 0.050532761788120016 0.1111328842620944 0.10106552357624003
0 0.5725076546233925 0.17296999387630133 0.09916105327617881 0.09317819963257798
0 0.5759124311083895 0.8877219840783834 0.10173300673606861 0.09317819963257805
