0 0.6882943054816392 0.6984459819052687 0.0984406599254923 0.09225119744544968
0 0.9664156466205428 0.6961335816923896 0.06610431080361884 0.09441724321447591
0 0.835077168706759 0.7007796700372538 0.1016391697711549 0.10061202767429468
1 0.5706093666844066 0.8069797764768494 0.13603512506652476 0.12927621075039922
0 0.37978179882916446 0.7110777009047365 0.09163384779137847 0.07986695050558819
1 0.30214209686003196 0.9318573709419905 0.1733528472591804 0.12691857370941986
1 0.14109898882384247 0.7052235231506121 0.18998935604044706 0.0989622139435869
0 0.966673762639702 0.8207344332091538 0.06558807876530069 0.09493347525279405
0 0.24494678020223526 0.9599414582224588 0.09905800957956364 0.07905268759978712
0 0.07855508249068655 0.7158435337945717 0.09131985098456626 0.08513038850452376
0 0.528672166045769 0.844276210750399 0.08023948908994137 0.07355508249068661
