0 0.9337612903225806 0.26359354838709687 0.09456774193548399 0.0885677419354839
0 0.8241806451612903 0.2635935483870968 0.08856774193548386 0.0810580645161291
0 0.7119741935483872 0.2658451612903226 0.08630967741935464 0.07956129032258057
1 0.6589096774193548 0.20219999999999996 0.1793806451612903 0.1756258064516129
1 0.5553354838709678 0.19882258064516123 0.19289032258064517 0.17337419354838707
0 0.5988258064516129 0.2600225806451613 0.0945677419354839 0.09376129032258075
0 0.48128709677419357 0.25871612903225805 0.1062774193548387 0.10538064516129042
1 0.8609225806451613 0.20205161290322587 0.13967741935483874 0.17487741935483872
1 0.9545129032258065 0.19491935483870967 0.08968387096774191 0.2026516129032259
1 0.7648516129032258 0.20542903225806458 0.1561935483870967 0.1816322580645161
