0 0.4499739854318418 0.14534859521331944 0.10067637877211233 0.09048907388137357
0 0.45835327783558794 0.25490114464099894 0.09948491155046835 0.10642039542143607
0 0.3167143600416234 0.260340790842872 0.09685223725286163 0.09029656607700315
0 0.32171956295525495 0.3726716961498439 0.10140998959417295 0.09685223725286154
0 0.4502679500520291 0.37497658688865765 0.10045265348595205 0.10476066597294488
0 0.45083246618106143 0.49524453694068676 0.10119667013527577 0.10009365244536947
0 0.44998439125910505 0.6135535900104059 0.11522372528616022 0.11399583766909471
0 0.44557752341311124 0.73144901144641 0.10359001040582722 0.09814255983350674
0 0.44607700312174825 0.8424817898022893 0.10095733610822051 0.10291363163371496
0 0.4514906347554631 0.950837669094693 0.11924557752341318 0.09728407908428724
1 0.913865764828304 0.7421956295525495 0.17122788761706553 0.08074921956295515
0 0.9675338189386056 0.7376014568158169 0.06389177939646223 0.08207075962539019
0 0.9690790842872008 0.6189828303850157 0.06080124869927174 0.0913579604578562
0 0.9669640998959417 0.5088033298647242 0.06503121748178972 0.09502601456815811
0 0.9652393340270552 0.38919094693028095 0.06848074921956289 0.09565556711758588
0 0.9649349635796046 0.2787278876170656 0.06908949011446415 0.08295005202913625
0 0.9628173777315298 0.17372528616024974 0.07332466181061385 0.08231009365244536
1 0.9105931321540063 0.6360561914672217 0.1777731529656607 0.08074921956295515
0 0.32159729448491153 0.13857700312174817 0.10196670135275754 0.0947398543184183
