1 0.5059198312236287 0.49894303797468353 0.10516455696202548 0.31146413502109704
1 0.6482151898734179 0.5197067510548523 0.11371308016877638 0.3212362869198312
1 0.7905105485232068 0.5294789029535865 0.11982278481012665 0.33833333333333326
1 0.8009535864978904 0.2326729957805907 0.0964894514767934 0.16000421940928267
1 0.6952405063291139 0.22412447257383966 0.10027848101265846 0.16000421940928267
1 0.9781308016877638 0.5502426160337552 0.04289451476793229 0.318789029535865
1 0.28423206751054847 0.4928354430379746 0.08928270042194089 0.30657383966244717
1 0.8986666666666666 0.5306983122362869 0.1258059071729958 0.34321940928270045
1 0.39965611814345986 0.5007763713080169 0.0953966244725739 0.3175696202531646
1 0.20789240506329112 0.2796983122362869 0.2737172995780591 0.3200126582278481
