0 0.5409076533839342 0.20433902593295383 0.08977229601518005 0.08903225806451612
0 0.06232764073371281 0.02942757748260593 0.08032890575585072 0.05885515496521186
0 0.647966476913346 0.1995572422517394 0.08609108159392775 0.08388361796331431
0 0.755031625553447 0.19734977862112588 0.0956546489563564 0.09712839974699551
1 0.08875395319418086 0.39618279569892473 0.13774826059456055 0.19867805186590773
1 0.1448260594560405 0.239449715370019 0.13863377609108152 0.1942567994939912
0 0.18282099936748894 0.3001486401012018 0.09564832384566746 0.0974889310562934
1 0.3853542061986084 0.15061986084756482 0.13833649588867808 0.18027830487033536
0 0.8734977862112587 0.2002909550917141 0.09271347248576842 0.09418089816571784
1 0.48763440860215057 0.14437065148640102 0.15452245414294735 0.1721821631878557
1 0.5899146110056926 0.13553763440860214 0.17807084123972186 0.18984819734345346
0 0.044165085388994337 0.5245224541429474 0.08300442757748262 0.07955724225173932
1 0.31508222643896266 0.1561416824794434 0.08020872865275172 0.1751296647691334
1 0.7046995572422518 0.14510436432637572 0.16335230866540174 0.17071473750790633
0 0.12211258697027194 0.4598798228969007 0.09566097406704603 0.09075268817204303
0 0.4264864010120176 0.21574320050600887 0.08903858317520555 0.08683111954459204
0 0.31795066413662243 0.21758380771663507 0.09124604680581895 0.09197975964579387
1 0.8099240986717269 0.14547122074636304 0.18984187223276408 0.16850094876660346
