1 0.13645136387030368 0.052040658775090065 0.18373134328358212 0.09570252187339157
1 0.2921899125064334 0.27120946989191974 0.16764282038085435 0.12273803396809062
0 0.5583170355120948 0.886672671127123 0.08621718991250632 0.08981471950591856
0 0.23687853834276892 0.29955995882655695 0.09579516212043235 0.07883170355120943
1 0.9617472979927947 0.7180751415337107 0.07547606793618113 0.20174987133299022
1 0.4438188368502316 0.5995239320638188 0.1414822439526505 0.19226453937210483
1 0.5826299536798765 0.831448790530108 0.1345856922285126 0.1922645393721052
1 0.5616520844055584 0.5005841482243953 0.12938754503345345 0.16704580545548134
0 0.9568219248584663 0.791031909418425 0.08532681420483805 0.08801338136901704
1 0.5518142048378796 0.15044518785383423 0.1315542974781266 0.12501801338136903
0 0.524861039629439 0.5592614513638704 0.08082861554297469 0.07963458569222852
1 0.7155172413793104 0.5921101389603706 0.1189809572825527 0.19347400926402455
1 0.4252547606793618 0.3918193515182707 0.155193000514668 0.14807514153371068
0 0.07596757591353577 0.06231085949562529 0.08831188883170356 0.08232629953679878
0 0.38556356150283067 0.4287879567678847 0.0948018528049408 0.08182707153885739
1 0.836116829644879 0.8261039629439012 0.08700463201235199 0.2018939783839425
0 0.6656227483273289 0.04548636129696345 0.09519814719505912 0.08921255790015435
0 0.8271718991250643 0.9051363870303653 0.08478126608337626 0.07975295934122484
0 0.9513021101389604 0.16374678332475553 0.0963664436438498 0.09180648481729277
0 0.6833839423571796 0.7751055069480186 0.0743437982501286 0.07084920226453952
0 0.9568682449819867 0.5608440555841482 0.08523417395779713 0.07903242408646424
0 0.5112583633556356 0.18651312403499742 0.0775965002573339 0.07113226968605253
0 0.8075707668553783 0.04819608852290272 0.09829130211013888 0.09639217704580544
0 0.953798250128667 0.2887313432835821 0.09137416366443656 0.09130725681935162
1 0.8216752444673187 0.3798584662892434 0.09275862068965526 0.15303654143077702
1 0.9557900154400413 0.5015671641791045 0.08739063304168807 0.17171899125064333
0 0.9510524961399897 0.04445187853834278 0.09686567164179113 0.08890375707668556
0 0.6839500772002058 0.660905815748842 0.0806742151312404 0.08071024189397846
0 0.4036850231600617 0.6626376737004632 0.09139475038600092 0.08880597014925379
0 0.2609933093154915 0.7967035512094699 0.09397838394235715 0.09138960370560992
0 0.8112943901183737 0.42691713844570256 0.08190941842511587 0.08190427174472467
