0 0.42109962406015045 0.4774467418546366 0.08600877192982459 0.08018170426065166
0 0.42565789473684223 0.7530388471177946 0.11209273182957402 0.09830827067669168
0 0.580454260651629 0.8944392230576441 0.10376566416040112 0.08925438596491225
0 0.4201535087719298 0.6134617794486217 0.09038220551378444 0.0925751879699248
0 0.27269423558897243 0.16321428571428573 0.09256892230576456 0.09256892230576443
0 0.26095864661654133 0.31376879699248117 0.10156641604010017 0.097938596491228
0 0.5805858395989975 0.46563909774436096 0.08892857142857125 0.08674185463659144
0 0.5838659147869674 0.6055889724310777 0.08674185463659126 0.07944862155388481
0 0.7267324561403511 0.765 0.09521929824561429 0.08615288220551383
0 0.259498746867168 0.45958646616541354 0.10423558897243114 0.0867418546365915
0 0.2700250626566416 0.5921804511278195 0.09068922305764399 0.08887218045112782
0 0.7289317042606516 0.49230263157894744 0.09196115288220569 0.08773809523809527
0 0.2654949874686717 0.7372838345864662 0.09612781954887221 0.08887844611528824
0 0.2654918546365914 0.8959899749373434 0.09250000000000001 0.09068922305764404
0 0.1092731829573934 0.8929511278195487 0.09233082706766924 0.0862531328320802
0 0.1126973684210525 0.742609649122807 0.09320175438596492 0.09068295739348371
0 0.1031610275689223 0.18227130325814536 0.10157268170426045 0.0997556390977443
0 0.5747556390977445 0.7590225563909774 0.08454887218045112 0.08746867167919806
0 0.10225563909774425 0.3319078947368421 0.10338345864661655 0.09431704260651627
0 0.11773809523809528 0.5952443609022557 0.10580200501253141 0.09824561403508775
0 0.10678884711779457 0.46249999999999997 0.10882832080200502 0.09068922305764408
0 0.7202882205513784 0.35510651629072687 0.08938596491228065 0.08264411027568923
0 0.7312687969924813 0.904815162907268 0.09219924812030107 0.08162280701754386
0 0.7185213032581452 0.2223934837092732 0.10022556390977455 0.08858395989974936
0 0.7207487468671679 0.63843671679198 0.0997556390977444 0.09431704260651641
0 0.5758489974937343 0.2032299498746867 0.08236215538847132 0.07798872180451125
0 0.5769423558897243 0.3464630325814536 0.09329573934837099 0.09330200501253132
0 0.4101660401002506 0.2113972431077694 0.08892857142857158 0.07872180451127817
0 0.41599937343358395 0.33895676691729326 0.10204887218045115 0.08455513784461155
