0 0.6258848167539268 0.9650183246073297 0.10003141361256568 0.06891623036649214
0 0.7301151832460734 0.1911387434554974 0.09132984293193692 0.08463350785340316
0 0.7323586387434554 0.301282722513089 0.08073821989528795 0.07816753926701568
0 0.7337329842931939 0.41109947643979056 0.08442931937172785 0.07785340314136122
0 0.7382329842931937 0.6367120418848168 0.09578534031413598 0.08720418848167548
0 0.7400130890052357 0.7540366492146596 0.08814136125654475 0.0833403141361257
0 0.7424083769633508 0.8663141361256543 0.09853403141361308 0.09524607329842928
0 0.7498612565445025 0.9678219895287957 0.10026701570680642 0.06330890052356028
0 0.7329581151832464 0.5296701570680629 0.09198952879581142 0.08541361256544502
0 0.6040785340314138 0.17814659685863873 0.09004188481675388 0.08182198952879582
0 0.6110602094240838 0.29026178010471204 0.08704188481675396 0.07947643979057588
0 0.6118272251308899 0.39741884816753925 0.08794764397905755 0.08914136125654451
0 0.6153324607329842 0.5136178010471205 0.08459162303664909 0.08156020942408389
0 0.6168062827225129 0.6296858638743456 0.08282722513088991 0.08523560209424075
0 0.6192696335078535 0.7549738219895289 0.08524083769633513 0.0806282722513089
0 0.6147068062827225 0.8618664921465967 0.08218848167539262 0.07396335078534029
0 0.4709136125654451 0.18349999999999997 0.08496858638743444 0.07949214659685863
0 0.4798560209424084 0.2845026178010471 0.09489528795811521 0.0833507853403141
0 0.4737120418848168 0.4019895287958115 0.08912041884816774 0.08423036649214656
0 0.47266753926701566 0.5217565445026179 0.09936649214659682 0.09564921465968593
0 0.4805549738219896 0.6307591623036649 0.09889005235602105 0.09743455497382202
0 0.4811623036649215 0.750497382198953 0.08263874345549747 0.07596858638743458
0 0.48564921465968586 0.8626570680628272 0.08648167539267006 0.08243455497382202
0 0.4918350785340314 0.968738219895288 0.11330366492146625 0.06147643979057599
0 0.35375392670157074 0.14804712041884818 0.09766492146596853 0.09458638743455498
0 0.34802094240837694 0.2675183246073298 0.09195811518324594 0.09250261780104706
0 0.3473141361256545 0.3896020942408377 0.09316230366492151 0.08362303664921465
0 0.3553455497382199 0.49686125654450264 0.09048167539266999 0.08847643979057598
0 0.35485863874345547 0.614803664921466 0.09045026178010461 0.08390052356020941
0 0.3528193717277487 0.740065445026178 0.0915026178010471 0.08594240837696326
0 0.35810209424083767 0.8583219895287957 0.09505235602094252 0.08492670157068061
0 0.3581230366492147 0.9639738219895289 0.09802617801047116 0.0710052356020942
0 0.22123560209424084 0.1558717277486911 0.101109947643979 0.09150261780104713
0 0.22150261780104707 0.2753141361256545 0.0965130890052354 0.08591623036649211
0 0.2209738219895288 0.3849319371727749 0.09650261780104696 0.08793717277486919
0 0.2270706806282722 0.49917277486911 0.11225654450261774 0.09683769633507866
0 0.22209424083769636 0.6177408376963351 0.0971727748691099 0.09457068062827224
0 0.21795811518324604 0.7433507853403142 0.08879581151832455 0.08376963350785345
0 0.21262827225130895 0.860348167539267 0.08627225130890065 0.08731413612565445
0 0.221020942408377 0.9636910994764398 0.10801047120418861 0.07157068062827228
0 0.08397120418848167 0.14977486910994764 0.10608900523560191 0.09747643979057595
0 0.08710732984293194 0.2659214659685864 0.10096858638743474 0.09119371727748696
0 0.08990837696335074 0.38723821989528795 0.09908376963350785 0.08971204188481673
0 0.09192408376963353 0.4914973821989529 0.11163874345549739 0.10660732984293188
0 0.08306282722513082 0.6221989528795812 0.10204188481675396 0.09591623036649204
0 0.07441623036649214 0.7400575916230366 0.08845549738219909 0.08895287958115193
0 0.0837774869109948 0.8575523560209424 0.10417277486910985 0.09861256544502629
0 0.08885602094240845 0.9614659685863873 0.11014136125654446 0.07602094240837705
