1 0.054703647416413384 0.42079407294832827 0.07919452887537978 0.1390425531914893
1 0.15847264437689967 0.4137879939209727 0.0779711246200609 0.15169452887537993
1 0.5665710486322189 0.4108092705167174 0.1180129179331308 0.14320668693009128
1 0.3671827507598784 0.4169965805471125 0.09635638297872341 0.13657674772036474
1 0.3671827507598784 0.4169965805471125 0.09635638297872341 0.13657674772036474
1 0.7615786474164133 0.40333966565349544 0.15469984802431627 0.1533738601823708
1 0.6691432370820669 0.40660144376899704 0.1432788753799392 0.14549012158054717
1 0.46821618541033433 0.4123461246200608 0.10571048632218846 0.14475303951367777
1 0.2622530395136778 0.41372340425531917 0.09060790273556214 0.15072188449848029
1 0.8557047872340424 0.405495820668693 0.16869680851063842 0.14401595744680842
