1 0.7231081081081081 0.12689518787079762 0.15901779828609103 0.16233355306526054
0 0.9525510876730388 0.2910810810810811 0.09357943309162832 0.09049439683586027
1 0.8202834541858932 0.14345748187211602 0.15239288068556367 0.1689584706657877
1 0.9257448912326961 0.12413315754779165 0.14687541199736312 0.16122610415293337
0 0.5514700065919578 0.19660514172709295 0.09202373104812137 0.09509558338826647
0 0.6657284113381674 0.17743243243243248 0.08282135794330914 0.08435728411338171
0 0.7677224785761372 0.200820698747528 0.07975609756097553 0.07899143045484502
0 0.8862030323005933 0.18624917600527352 0.08358602504943977 0.08205669083717866
0 0.6118523401450231 0.28743243243243244 0.09662491760052738 0.09580092287409367
0 0.4917567567567568 0.28609756097560973 0.10858932102834551 0.1076730388925512
0 0.7274620962425842 0.29338167435728413 0.0881872116018456 0.08129202373104809
1 0.606605141727093 0.13407382992748845 0.16895187870797623 0.17889255108767294
0 0.8421094264996704 0.2910810810810811 0.09049439683586018 0.08282135794330922
