0 0.4645754419191919 0.3983675402589201 0.08778093434343442 0.08410483107041367
1 0.04881470959595959 0.8340101041995579 0.09762941919191918 0.25440479949478995
0 0.45754419191919193 0.038222292390274706 0.10113636363636351 0.07644458478054941
0 0.31297348484848486 0.04242185033154405 0.10454545454545446 0.0848437006630881
0 0.030045770202020185 0.04147773918534891 0.06009154040404037 0.08295547837069782
0 0.3178267045454546 0.4102715503631197 0.08620896464646458 0.08991474581622987
0 0.32312184343434347 0.5377470792548152 0.08830808080808086 0.0867477107672876
0 0.6116319444444445 0.0406851910325229 0.09201388888888891 0.0813703820650458
0 0.17388415404040405 0.2875355225765709 0.10124053030303033 0.09730028418061257
0 0.32396780303030304 0.15329965266814022 0.07931818181818176 0.07511209346384594
1 0.1718260732323232 0.1786896116198295 0.11238952020202021 0.12887906536154092
0 0.17167771464646464 0.14827597095042627 0.09835542929292933 0.09256709820018945
1 0.040454545454545444 0.06763340700978844 0.08090909090909089 0.13344805809914748
1 0.3088873106060606 0.187379223239659 0.09594381313131323 0.12246921376697191
1 0.44001262626262627 0.40811335648879066 0.13340909090909103 0.10511209346384588
1 0.5747916666666666 0.40217240290495737 0.14711489898989893 0.11151247237132937
1 0.3061032196969697 0.06580517840227344 0.09786300505050512 0.1279665298389643
1 0.46052556818181817 0.06717713924850015 0.11613952020202019 0.1325355225765709
0 0.3210132575757576 0.28623144932112404 0.08935606060606067 0.08409535838332807
1 0.7483349116161616 0.8090132617619198 0.1737531565656564 0.24682349226397204
0 0.4598153409090909 0.27564730028418066 0.08883522727272726 0.0809314808967477
1 0.6165640782828282 0.8092548152826019 0.15762310606060603 0.2566908746447743
1 0.4833096590909091 0.8157293969055889 0.119548611111111 0.25440795705715186
0 0.6091950757575757 0.39043732238711715 0.08407196969696962 0.09044205873065984
1 0.3348232323232323 0.8168724344805809 0.12868686868686866 0.2627881275655194
1 0.19509627525252524 0.8290590464161667 0.11269886363636362 0.25059677928639085
