0 0.781509840098401 0.6924846248462485 0.09658671586715858 0.08585485854858567
0 0.781150061500615 0.5608364083640837 0.09444034440344411 0.0844280442804427
0 0.764338868388684 0.440639606396064 0.09945264452644531 0.08728167281672816
0 0.756110086100861 0.3004059040590406 0.09730012300123002 0.09014760147601471
1 0.5359993849938499 0.24889606396063968 0.2361685116851168 0.15597170971709726
1 0.6919680196801968 0.2578382533825339 0.21471094710947097 0.13808733087330885
1 0.8350615006150061 0.25891451414514144 0.2190036900369004 0.14881303813038133
0 0.48368388683886837 0.5527583025830258 0.07813038130381295 0.07469249692496928
0 0.5018388683886839 0.8086715867158671 0.09186961869618698 0.08842558425584242
0 0.1926968019680197 0.2806611316113161 0.08670971709717097 0.08156826568265689
0 0.20121771217712175 0.39779212792127916 0.08671586715867158 0.07726937269372713
0 0.6306857318573186 0.690369003690037 0.09529520295202949 0.0910086100861008
0 0.21078720787207872 0.5319157441574416 0.09014760147601472 0.07898523985239879
0 0.21765990159901596 0.6527798277982779 0.0884317343173432 0.08585485854858539
0 0.5119034440344403 0.6655350553505536 0.08241697416974172 0.07726937269372676
0 0.9354089790897908 0.8396309963099631 0.08670971709717086 0.08585485854858547
0 0.9317343173431736 0.7011008610086101 0.09100861008610107 0.0918696186961868
0 0.9147386223862238 0.5818234932349324 0.09701722017220187 0.09701722017220167
0 0.9138806888068881 0.45010147601476014 0.09873308733087334 0.09100246002460018
0 0.22207564575645758 0.7903997539975399 0.10560270602706023 0.09959409594095943
0 0.9206396063960639 0.3077583025830258 0.09444034440344402 0.08670971709717086
0 0.6054858548585487 0.03279827798277985 0.08757687576875767 0.0655965559655597
0 0.6413038130381303 0.8162084870848708 0.09530135301353011 0.09186346863468646
0 0.6238161131611316 0.554111316113161 0.09186346863468627 0.08070725707257069
0 0.608361008610086 0.4350123001230012 0.09701722017220159 0.08842558425584246
0 0.3332595325953259 0.41760147601476016 0.09959409594095939 0.08585485854858571
0 0.6167097170971708 0.2946371463714637 0.0892865928659286 0.08585485854858553
0 0.33614083640836406 0.5412945879458794 0.09186346863468636 0.08757072570725732
0 0.4584317343173432 0.296909594095941 0.09014760147601475 0.08843173431734319
0 0.34459717097170967 0.6819741697416974 0.09529520295202949 0.0910086100861008
0 0.46670356703567034 0.4214022140221401 0.08156211562115626 0.07469864698646982
0 0.790009225092251 0.8260854858548585 0.08929274292742924 0.08757072570725695
0 0.3464421894218942 0.8033302583025831 0.08327798277982777 0.0798462484624844
