0 0.9531007751937985 0.40955887781469175 0.09306016980435597 0.11220007382798079
1 0.4988575119970469 0.8482096714654856 0.15077519379844967 0.2992026578073089
0 0.9595127353266889 0.15684016242155777 0.08023624953857522 0.08976005906238471
0 0.9600442967884828 0.2829309708379476 0.0791731266149873 0.09190107050572169
0 0.9498947951273534 0.5500775193798448 0.09947212993724626 0.11326688815060895
0 0.3252676264304172 0.5591602067183462 0.11113325950535254 0.09937615356220009
0 0.6586618678479145 0.4181081579918789 0.11327057954964924 0.10365079365079366
0 0.8136064968623108 0.28613879660391284 0.0940346991509781 0.08976005906238466
0 0.8194813584348468 0.15630860095976376 0.0908268733850131 0.08441491325212254
0 0.19276485788113695 0.14188076781100037 0.08976005906238461 0.07907345884090074
1 0.9397434477667038 0.8535511258767073 0.1197748246585455 0.2885123661867848
