0 0.04155766944114148 0.8147146254458978 0.08311533888228297 0.1208680142687277
0 0.5014268727705112 0.4176872770511296 0.11450653983353139 0.10517241379310342
0 0.8122027348394768 0.4290992865636147 0.10098097502972679 0.09541617122473238
0 0.6682877526753864 0.29164684898929844 0.1017360285374554 0.0936385255648038
0 0.03926872770511294 0.945986920332937 0.07853745541022587 0.10683709869203321
0 0.4931837098692032 0.8248275862068966 0.11228894173602845 0.09745541022592151
0 0.8142390011890608 0.3017241379310345 0.11801426872770511 0.10178359096313915
0 0.3500891795481569 0.5532996432818074 0.12217598097502971 0.11872770511296075
0 0.8120986920332939 0.16774673008323426 0.1070749108204518 0.09673008323424492
0 0.6615309155766944 0.5555053507728894 0.12258620689655171 0.10910820451843038
0 0.9596313912009512 0.7029429250891795 0.07954815695600477 0.09982164090368606
0 0.03781212841854936 0.6789536266349584 0.07562425683709872 0.10844233055885848
0 0.2003656361474436 0.14714922711058265 0.10152794292508918 0.08431034482758623
0 0.34838882282996436 0.14714625445897742 0.09808561236623071 0.08775267538644471
0 0.6521640903686088 0.8252170035671819 0.11063020214030905 0.09668846611177163
0 0.6545838287752676 0.6901694411414983 0.12046373365041634 0.1066171224732462
0 0.3458085612366231 0.2753567181926278 0.11016646848989312 0.10326991676575506
0 0.04019916765755054 0.4045095124851367 0.08039833531510109 0.10358501783590963
0 0.9582342449464922 0.8455707491082044 0.08234244946492265 0.09910820451843022
0 0.19732461355529127 0.4106420927467301 0.11747919143876336 0.11510107015457785
0 0.1921521997621878 0.2732461355529132 0.10713436385255648 0.11105826397146253
0 0.34925683709869204 0.4087395957193817 0.11361474435196188 0.10844233055885856
0 0.9562128418549346 0.9637336504161711 0.08638525564803806 0.07134363852556472
0 0.34149821640903677 0.6909631391200951 0.10499405469678946 0.10154577883472046
0 0.045362663495838264 0.5414982164090368 0.09072532699167653 0.10475624256837089
0 0.9581747919143876 0.5596343638525565 0.0824613555291319 0.10357312722948875
0 0.19348989298454225 0.956629013079667 0.10493460166468489 0.08555291319857317
0 0.8156361474435198 0.8381302021403091 0.11355529131985745 0.11014863258026168
0 0.18662306777645657 0.5447086801426873 0.10499405469678963 0.10499405469678956
0 0.04898929845422115 0.14025564803804993 0.0979785969084423 0.10498216409036862
0 0.04467895362663494 0.27449464922711053 0.08935790725326988 0.10154577883472056
0 0.4969678953626636 0.543549346016647 0.11890606420927463 0.1070749108204518
0 0.342360285374554 0.9592152199762187 0.11016646848989312 0.08038049940546967
0 0.8191438763376935 0.6864149821640904 0.11058263971462551 0.10885850178359091
0 0.959152794292509 0.4388525564803805 0.08050535077288931 0.08605231866825211
0 0.9582936979785968 0.31493757431629016 0.0822235434007136 0.08949464922711058
0 0.959152794292509 0.17295184304399525 0.08050535077288931 0.09465517241379307
0 0.5146878715814506 0.15610582639714624 0.09472651605231874 0.0927229488703924
0 0.5015160523186682 0.2881896551724138 0.09706302021403083 0.09339476813317478
0 0.6579399524375743 0.4297740784780024 0.09174197384066592 0.08772889417360279
0 0.6581658739595719 0.16176575505350774 0.09465517241379295 0.09293697978596908
0 0.18831747919143876 0.8295184304399524 0.11872770511296064 0.12051129607609978
