0 0.517202776101388 0.2062733856366928 0.1277066988533495 0.12493059746529873
0 0.6777338563669281 0.1988895594447797 0.12360289680144834 0.1252142426071213
0 0.8484610742305372 0.2071333735666868 0.13138201569100774 0.1231744115872057
0 0.8512401931200967 0.06946891973445989 0.1366385033192517 0.12467109233554628
0 0.6759987929993967 0.06574532287266148 0.12097767048883534 0.11015087507543753
0 0.21019010259505125 0.203983101991551 0.11444176222088101 0.1246831623415811
0 0.36487628243814113 0.05884127942063971 0.14906457453228725 0.11768255884127941
0 0.05578756789378398 0.060531080265540105 0.11157513578756796 0.12106216053108021
0 0.36611345805672907 0.19885334942667468 0.1498491249245626 0.14701267350633668
0 0.2083584791792396 0.07039831019915509 0.11617380808690403 0.12293301146650577
0 0.5261285455642728 0.06986119493059746 0.11604707302353642 0.11594447797223892
0 0.051327700663850305 0.19635485817742912 0.10265540132770061 0.14525045262522635
