1 0.4273249783923941 0.3375216076058773 0.15926534140017284 0.13103284356093342
1 0.5836970613656008 0.3284723422644771 0.17664217804667237 0.13465427830596377
1 0.3614369057908384 0.6104494382022473 0.09124027657735506 0.3149178910976664
1 0.339366897147796 0.33426318063958516 0.158543647363872 0.14623595505617987
1 0.45483578219533277 0.599589455488332 0.09411408815903205 0.31057044079516005
1 0.2705920484010372 0.6205855661192741 0.09194468452895431 0.3192610198789974
1 0.7035112359550562 0.5782346585998271 0.06877700950734668 0.29391961970613656
1 0.5482238547968885 0.5956071737251513 0.08687121866897148 0.3069533275713052
1 0.1507800345721694 0.6281871218668972 0.09556179775280886 0.3214304235090752
1 0.6550064822817632 0.3288353500432152 0.1947407087294728 0.13682368193604147
1 0.05919835782195328 0.6321694036300778 0.09918323249783914 0.33229040622299055
1 0.7762662057044079 0.5702700950734658 0.07818496110630946 0.2997104580812446
1 0.25104364736387214 0.3353522039757995 0.14985738980121008 0.1498573898012101
1 0.6336495246326708 0.5876447709593777 0.0796326707000864 0.3011581676750216
1 0.1641702679343129 0.3371607605877268 0.1455142610198789 0.1520311149524633
1 0.06778738115816763 0.33969317199654275 0.13557476231633525 0.15709593777009512
1 0.5116659464131375 0.32919619706136555 0.1614390665514262 0.13899740708729463
