0 0.03612426035502957 0.5410005379236148 0.07224852071005913 0.082603550295858
0 0.7575739644970415 0.39028240989779456 0.0919956966110812 0.09699300699300692
0 0.9076465841850457 0.12152770306616457 0.09230231307154381 0.09022054868208716
0 0.17338891877353416 0.37731576116191506 0.10273265196342134 0.09491124260355037
0 0.7621490048413125 0.1301317912856375 0.09438945669714904 0.08552447552447555
0 0.6109198493813879 0.1303953738569123 0.09960193652501363 0.09752017213555673
0 0.03988972565895641 0.2565922538999462 0.07977945131791282 0.09543302850995168
0 0.6089483593329748 0.5041769768692846 0.09636901559978496 0.08948359332974716
0 0.039454007530930625 0.781589564281872 0.07890801506186125 0.09199031737493285
0 0.7484991931145778 0.8746422807961268 0.1001291016675634 0.10575578267885963
1 0.6030607853684776 0.6970548682087143 0.1105540613232921 0.18841850457235074
0 0.7513152232383001 0.7507369553523401 0.09074233458848846 0.08948897256589579
0 0.8952474448628296 0.74698224852071 0.08948359332974706 0.0969983862291557
0 0.894932759548144 0.6252662721893492 0.0863582571274878 0.09511565357719211
0 0.9055728886498118 0.37526358257127496 0.09136094674556211 0.0907423345884885
0 0.4637654653039269 0.2566756320602475 0.10012910166756317 0.10137708445400757
1 0.04629908552985479 0.7053362022592791 0.09259817105970958 0.21086605701990316
1 0.17726196880043033 0.577372243141474 0.09561054330285111 0.17121570736955355
1 0.17029585798816563 0.35266541151156544 0.10462614308768153 0.14959117805271666
1 0.6076707907477137 0.46522592791823564 0.10137708445400752 0.1531952662721893
0 0.038848843464228094 0.1259601936525013 0.07769768692845619 0.0959548144163528
0 0.1679155459924691 0.12700376546530392 0.10742872512103294 0.10012910166756324
0 0.4683700914470145 0.8991258741258741 0.0893598708983325 0.08410435718128016
0 0.31236417428725116 0.12700376546530395 0.10325443786982233 0.10846691769768696
1 0.04288327057557828 0.4790451855836471 0.08576654115115656 0.1794782140935987
0 0.4636013986013985 0.13091447014523938 0.10638515330823023 0.10899408284023675
0 0.9018181818181817 0.24697955890263584 0.08260355029585809 0.08823561054330298
0 0.6112022592791823 0.26080688542227 0.09449704142011846 0.0882409897794513
0 0.756196880043034 0.2554895104895105 0.08698224852070992 0.0844809037116729
0 0.46501882732651967 0.38151963421194185 0.09762237762237766 0.10325443786982239
0 0.1778294782140935 0.632235072619688 0.09912318450779989 0.09236686390532546
1 0.31788327057557825 0.695691231845078 0.09612157073695536 0.18097902097902102
0 0.32051102743410437 0.7640290478752018 0.08786444324905875 0.0818504572350725
1 0.4592522861753632 0.5850322754168907 0.102732651963421 0.19248520710059178
0 0.4657396449704142 0.645589026358257 0.10489510489510491 0.09515868746637987
1 0.7289806347498656 0.6928994082840236 0.13246369015599788 0.19284561592253904
0 0.31769230769230766 0.5173292092522861 0.10275416890801503 0.09626143087681555
1 0.315 0.45948359332974714 0.11895104895104905 0.18384077461000542
0 0.17725389994620772 0.8826681011296396 0.09343195266272193 0.09083378160301252
1 0.17589026358257123 0.8054572350726197 0.10134480903711665 0.22449166218396996
0 0.46761430876815485 0.7617079074771382 0.08656804733727819 0.08239376008606772
0 0.3278832705755782 0.9052985476062398 0.09642280796126952 0.08650887573964508
0 0.04415814954276494 0.8847068316299085 0.08831629908552988 0.0856051640667026
0 0.6119634211941903 0.7603012372243142 0.0882409897794512 0.08693921463152234
0 0.6120790747713825 0.8833405056481979 0.11076385153308219 0.10513179128563752
0 0.03403980634749864 0.6456670252824099 0.06807961269499728 0.08072619688004286
0 0.7525658956428187 0.5060543302850995 0.08948897256589543 0.09699300699300697
