0 0.9300124875124873 0.3096928071928072 0.09732767232767241 0.08861638361638365
0 0.3742007992007992 0.4456218781218782 0.09200799200799206 0.07941558441558438
0 0.9249275724275724 0.07144605394605393 0.09781718281718267 0.08861638361638365
0 0.7837712287712287 0.0758066933066933 0.09539460539460545 0.0944305694305694
1 0.41272227772227776 0.40974275724275727 0.15061938061938063 0.14371128871128863
0 0.7958791208791209 0.5491533466533466 0.09733266733266728 0.10072427572427575
0 0.931948051948052 0.4237337662337662 0.09830169830169834 0.08909590409590411
0 0.7878896103896104 0.3121153846153846 0.09781718281718287 0.08764735264735264
1 0.13035464535464536 0.0801198801198801 0.17483516483516484 0.09157842157842154
1 0.9420479520479522 0.7257117882117882 0.0937162837162836 0.1941308691308689
1 0.8014685314685316 0.5018781218781219 0.08702297702297707 0.1648451548451549
1 0.78998001998002 0.28997252747252744 0.09557442557442566 0.14459040959040964
1 0.2829995004995005 0.29547702297702294 0.16154345654345653 0.11737762237762234
0 0.07372877122877124 0.08994505494505492 0.08570929070929073 0.07990009990009991
0 0.9325424575424576 0.7971903096903097 0.0906493506493508 0.08541958041958048
0 0.9266233766233767 0.18839160839160837 0.10023976023976008 0.08910089910089904
0 0.2298976023976024 0.32020229770229774 0.09297202797202803 0.0765084915084915
