1 0.939670971709717 0.2692158671586716 0.11942804428044285 0.14881303813038135
0 0.4854643296432964 0.5509809348093482 0.07812423124231241 0.0746924969249692
0 0.3535608856088561 0.8015528905289052 0.0832841328413284 0.0798462484624847
0 0.5154612546125461 0.6655350553505536 0.08242312423124236 0.07726937269372676
0 0.5089575645756458 0.8051137761377614 0.09186346863468636 0.08843173431734341
0 0.9263960639606396 0.702881303813038 0.09100861008610107 0.09186346863468654
0 0.9200830258302585 0.5836070110701108 0.09701722017220167 0.09701722017220177
1 0.8283333333333334 0.2644926199261993 0.21900369003690057 0.14881303813038146
1 0.6881057810578106 0.2572662976629766 0.21471094710947117 0.13808733087330874
0 0.22385916359163593 0.785061500615006 0.10560270602706026 0.09959409594095943
0 0.9210024600246003 0.45010147601476014 0.09873308733087315 0.09100246002460018
1 0.5391451414514146 0.24875153751537515 0.23617466174661747 0.15596555965559647
0 0.9206396063960639 0.3113191881918819 0.09444034440344402 0.0867097170971708
0 0.756110086100861 0.3004059040590406 0.09730012300123002 0.09014760147601471
0 0.4756027060270603 0.4214022140221401 0.08156211562115626 0.07469864698646982
0 0.6072662976629766 0.03190651906519065 0.08757072570725695 0.0638130381303813
0 0.764338868388684 0.440639606396064 0.09945264452644531 0.08728167281672816
0 0.7917896678966789 0.8296432964329643 0.0892865928659287 0.08757687576875739
0 0.6273769987699876 0.5505504305043051 0.09186346863468646 0.08070725707257079
0 0.6030227552275523 0.43145448954489546 0.09701722017220177 0.08843173431734314
0 0.618490159901599 0.2946371463714637 0.08929274292742914 0.08585485854858553
0 0.4548708487084871 0.296909594095941 0.09014760147601475 0.08843173431734319
0 0.19091635916359165 0.27354243542435425 0.08671586715867159 0.0815621156211563
0 0.2065590405904059 0.40135301353013536 0.08670971709717097 0.07726937269372684
0 0.34281672816728165 0.6837546125461256 0.09530135301353015 0.09100246002460008
0 0.21078720787207872 0.5336961869618697 0.09014760147601472 0.07899138991389913
0 0.2229981549815498 0.6563407134071341 0.08843173431734314 0.08585485854858567
0 0.781150061500615 0.5608364083640837 0.09444034440344411 0.0844280442804427
0 0.781509840098401 0.6924846248462485 0.09658671586715858 0.08585485854858567
0 0.34571955719557196 0.39623616236162357 0.09959409594095943 0.08585485854858539
0 0.3521617466174662 0.5181519065190653 0.09186346863468631 0.08757072570725705
0 0.6449261992619926 0.6761254612546125 0.09530135301353021 0.09100861008610099
0 0.6466420664206642 0.8001875768757687 0.09530135301353021 0.09186346863468627
