0 0.45720407070166047 0.7418344938403855 0.08224959828602027 0.08287627209426895
1 0.04056775575790038 0.6973701124799142 0.08113551151580076 0.18864488484199274
0 0.4674825923942153 0.38230583824317094 0.09034815211569378 0.09533476164970557
0 0.1782378146759507 0.2586797000535619 0.0866095340117835 0.08411890733797538
1 0.695570433851098 0.6890573111944294 0.18450990894483144 0.20003213711837162
0 0.3166925549009106 0.7480664167113016 0.08910016068559179 0.09658275307980727
0 0.3290385645420461 0.1252919121585431 0.09190680235672208 0.08983395822174613
0 0.17057311194429567 0.875179432244242 0.09970005356186411 0.10530262453133388
0 0.1796089983931442 0.3928950187466524 0.09160149973219067 0.0965773968934119
1 0.1511381896089985 0.6942153186930904 0.13189608998393143 0.192019282271023
0 0.18416443492233533 0.13385913229780402 0.09398500267809336 0.08515800749866097
0 0.17337707552222814 0.7518050348152117 0.09035350830208898 0.08910551687198716
0 0.03927691483663628 0.7613283342260311 0.07855382967327255 0.08656668452062127
1 0.04040974825923939 0.46751740760578475 0.08081949651847878 0.15253883235136578
0 0.6324638457418319 0.2463069094804499 0.09690412426352471 0.09044991965720399
0 0.039799143010176785 0.5063015532940547 0.07959828602035357 0.08910016068559179
0 0.1746223888591323 0.5081708623460096 0.089105516871987 0.0965773968934119
0 0.762319228709159 0.7599062667380825 0.1111194429566144 0.1020728441349759
0 0.32697375468666307 0.3779405463310123 0.09096946973754694 0.09035350830208895
0 0.04158543117300487 0.134121585431173 0.08317086234600975 0.09710230316014995
0 0.47131494376004285 0.12918585966791643 0.0887895018746652 0.08930905195500805
0 0.4802570969469737 0.2645340117836101 0.10094268880557049 0.09159614354579543
0 0.3163792179967862 0.6268719871451528 0.08598821638993033 0.09470808784145698
0 0.32323513658275305 0.25020621317621855 0.0822495982860206 0.08785752544188552
0 0.04045527584359934 0.26397429030530256 0.08091055168719868 0.08786288162828065
