0 0.6074165707710012 0.16055811277330265 0.10231300345224376 0.10063291139240506
0 0.30991081703107015 0.13888952819332567 0.1283947065592633 0.11761795166858457
0 0.154487917146145 0.9362773302646721 0.11162255466052934 0.10995397008055251
0 0.44988492520138096 0.6719792865362485 0.10402761795166877 0.10402761795166854
0 0.30436996547756046 0.26705408515535095 0.0927445339470656 0.0844188722669735
0 0.6014902186421174 0.8068527042577676 0.10194476409666269 0.09331415420023015
0 0.6054085155350978 0.9338032220943614 0.1187571921749138 0.10270425776754895
0 0.15357594936708863 0.6874194476409666 0.10666858457997704 0.11054660529344065
0 0.4550057537399309 0.9342635212888377 0.11990794016110481 0.10592635212888381
0 0.6085500575373992 0.2827100115074799 0.11042577675489085 0.09154200230149596
0 0.4530782508630611 0.8043153049482165 0.11582278481012638 0.1029919447640967
0 0.15608745684695058 0.5320397008055237 0.11310701956271585 0.10562140391254313
0 0.9070397008055237 0.4247123130034522 0.09993670886075952 0.08327963176064446
0 0.6059896432681242 0.6803164556962025 0.1071461449942464 0.09460299194476397
0 0.7591024165707708 0.9433457997698503 0.1026697353279632 0.0953222094361335
0 0.302819332566168 0.802704257767549 0.10920598388952796 0.10460299194476413
0 0.307451093210587 0.3945914844649022 0.10408515535097822 0.10126582278481015
0 0.7529545454545454 0.8191225546605293 0.09497698504027634 0.0906041426927502
0 0.1540333716915996 0.808722669735328 0.10909090909090917 0.10661680092059848
0 0.3030207134637515 0.9387514384349828 0.10627157652474095 0.09614499424626008
0 0.7613348676639814 0.6734752589182968 0.10471806674338321 0.09436133486766399
0 0.9028768699654774 0.3047899884925201 0.09493670886075958 0.08661104718066744
0 0.9037082853855005 0.16737917146144993 0.0932738780207133 0.09160529344073644
0 0.9170943613348675 0.5466110471806674 0.09715765247410826 0.09021864211737639
0 0.7610558112773301 0.5446001150747987 0.10239930955120818 0.10059263521288844
0 0.46299482163406214 0.15050345224395856 0.09745109321058687 0.09088032220943613
0 0.15819907940161107 0.39033371691599544 0.11835443037974698 0.11254315304948222
0 0.7549683544303797 0.42727272727272725 0.10211162255466044 0.1004602991944764
0 0.3072497123130034 0.5277905638665132 0.10115074798619117 0.10276179516685845
0 0.7547353279631761 0.29348676639815885 0.10095512082853861 0.0895512082853855
0 0.7550201380897583 0.1685356731875719 0.09306674338319905 0.08533371691599538
0 0.6076495972382049 0.5388147295742233 0.11932681242807812 0.1031760644418872
0 0.45539413118527045 0.5302042577675489 0.09845224395857309 0.09199654775604148
0 0.30226697353279625 0.678463751438435 0.10373993095512068 0.09907940161104727
0 0.45440161104718063 0.4055811277330265 0.09510932105868825 0.08837744533947074
0 0.16101841196777908 0.26852704257767546 0.11743383199079409 0.10483314154200225
0 0.16028768699654772 0.13931242807825087 0.11792865362485619 0.11027042577675489
0 0.9019677790563866 0.94331415420023 0.09726121979286524 0.09249712313003437
0 0.4560184119677791 0.277180667433832 0.09970080552359016 0.0938319907940161
0 0.901288837744534 0.8176352128883775 0.10085155350978108 0.09326812428078247
0 0.5993210586881474 0.41938434982738787 0.09689298043728416 0.09413118527042577
0 0.9047583429228998 0.6869505178365938 0.10100115074798628 0.09330264672036823
