0 0.039077956989247285 0.6993387096774193 0.07815591397849457 0.09590322580645175
0 0.18109677419354844 0.6949059139784947 0.09121505376344076 0.08912365591397846
0 0.33225000000000005 0.697513440860215 0.09538172043010743 0.09433870967741916
1 0.7271075268817203 0.6886666666666666 0.1852043010752687 0.1073870967741935
0 0.4735080645161291 0.70427688172043 0.08910215053763437 0.09123118279569899
0 0.4693252688172043 0.8285967741935484 0.08912365591397846 0.08964516129032268
0 0.3265134408602151 0.8246881720430107 0.09225268817204309 0.09017204301075263
0 0.1810940860215054 0.8332876344086022 0.0943387096774195 0.08547849462365588
0 0.03986021505376349 0.8335510752688172 0.07972043010752698 0.09746774193548396
0 0.32068817204301076 0.9500725806451612 0.08255913978494644 0.08818817204301062
0 0.47830107526881716 0.9589731182795698 0.10132258064516139 0.0809784946236559
0 0.03872580645161289 0.9596290322580645 0.07745161290322577 0.07966666666666661
0 0.17514516129032257 0.9579112903225807 0.08693548387096765 0.08310215053763433
0 0.791456989247312 0.7029731182795699 0.09456989247311856 0.0864623655913979
0 0.6310806451612904 0.9461586021505378 0.09726881720430139 0.09079032258064519
