0 0.09525030525030524 0.21242979242979235 0.10466422466422444 0.10056166056166056
0 0.4117796092796092 0.06326617826617827 0.07775946275946269 0.07775335775335769
0 0.2571428571428572 0.06680097680097678 0.0972039072039071 0.08836385836385838
0 0.2553754578754579 0.2161355311355311 0.10073870573870561 0.10073260073260072
0 0.5551678876678877 0.06798840048840049 0.09760073260073283 0.07916361416361423
0 0.4044474969474969 0.21829365079365085 0.09547619047619038 0.09119047619047614
0 0.09167887667887659 0.07598595848595852 0.09642246642246646 0.08819902319902323
0 0.7014072039072038 0.07848595848595852 0.10780830280830285 0.10395604395604395
0 0.7165781440781441 0.2103021978021978 0.11691697191697197 0.11486568986568976
0 0.5637606837606837 0.20729853479853477 0.11664224664224686 0.11133699633699642
