1 0.12340686274509798 0.571046918767507 0.08385854341736694 0.13628151260504195
1 0.21988970588235301 0.5715371148459384 0.08102591036414564 0.13404061624649855
1 0.31740196078431376 0.5704604341736694 0.08284313725490211 0.13517857142857145
1 0.410031512605042 0.5658385854341738 0.09289215686274503 0.13741946778711475
1 0.5058473389355743 0.5649492296918768 0.09810924369747909 0.13816176470588246
1 0.6012447478991597 0.5648949579831932 0.10875700280112047 0.13197478991596634
1 0.5978501400560223 0.5654079131652662 0.11418767507002797 0.13298669467787103
1 0.6871148459383755 0.5620360644257704 0.12422969187675077 0.1340791316526611
1 0.7762044817927172 0.5614128151260503 0.13711484593837547 0.13589985994397757
1 0.8610819327731093 0.5610171568627451 0.1544467787114848 0.1327205882352942
1 0.03057598039215688 0.834264705882353 0.06115196078431376 0.30102941176470605
1 0.11188025210084034 0.835654761904762 0.08861344537815141 0.29682773109243704
1 0.21677170868347342 0.8210276610644257 0.0785714285714286 0.31894607843137246
1 0.3209033613445378 0.8312202380952382 0.08284313725490211 0.29815476190476187
1 0.430234593837535 0.8245973389355742 0.07412464985994394 0.2956232492997199
1 0.5426820728291317 0.8302258403361344 0.07920168067226883 0.30099789915966396
1 0.6415091036414565 0.8388883053221289 0.0802170868347339 0.2784068627450981
1 0.7538340336134454 0.821390056022409 0.0855392156862746 0.3051260504201681
1 0.8516456582633055 0.8203431372549019 0.0873249299719887 0.2926470588235294
1 0.944502801120448 0.8150735294117646 0.08963585434173656 0.3057072829131653
1 0.03885679271708681 0.5724299719887955 0.07771358543417362 0.13686274509803908
