0 0.2525341574495771 0.028506831489915455 0.09271958360442435 0.05701366297983091
0 0.09176317501626544 0.28011385816525697 0.09838646714378678 0.10027976577748851
0 0.29738126219908917 0.08426154847104755 0.09145738451528962 0.0876772934287573
0 0.8022121014964216 0.1773975276512687 0.09536759921925826 0.09687703318152238
0 0.3424040338321404 0.19329212752114514 0.09158750813272609 0.089316851008458
0 0.5244144437215356 0.09211450878334412 0.08394925178919949 0.08458035133376708
0 0.03925829538061153 0.4444176968119713 0.07851659076122305 0.0933506831489916
1 0.7016005204944697 0.05022771633051402 0.1913207547169815 0.10045543266102804
0 0.6300650618087186 0.0858067664281067 0.0820559531554976 0.08206245933636963
0 0.23076122316200395 0.1951854261548471 0.093858165256994 0.09461288223812625
1 0.06930383864671437 0.21552049446974628 0.10533506831489892 0.19805465191932345
0 0.570224463240078 0.17664281067013662 0.08855562784645399 0.08628497072218604
1 0.4670299284320104 0.0658783344176968 0.18437865972674036 0.1317566688353936
0 0.7599999999999999 0.06499349381912815 0.083318152244632 0.08332465842550434
0 0.6803545868575146 0.17437215354586857 0.09839297332465813 0.09990891346779437
0 0.41028301886792456 0.10444372153545867 0.07379960962914789 0.07884189980481446
0 0.46010084580351335 0.1815614834092388 0.09234222511385803 0.09158100195185423
