1 0.5571316818774448 0.45321707953063894 0.1811864406779662 0.26573011734028695
1 0.4128911342894394 0.4568578878748369 0.12567796610169485 0.26027379400260736
0 0.42876466753585396 0.832486962190352 0.11133637548891788 0.1037874837027379
1 0.511988265971317 0.13364080834419817 0.17273794002607556 0.12270534550195554
1 0.1792861799217732 0.7949413298565841 0.12108865710560626 0.4088135593220338
0 0.4316818774445892 0.960710560625815 0.0919165580182529 0.07727509778357232
0 0.5661277705345502 0.13987614080834415 0.11059973924380703 0.10554106910039118
0 0.40984028683181223 0.028490873533246443 0.1010104302477185 0.05698174706649289
1 0.05811929595827899 0.82496740547588 0.11623859191655798 0.34876140808344197
0 0.4261440677966101 0.6881127770534551 0.10617340286831806 0.10237940026075633
