0 0.09037561576354679 0.5805141625615764 0.1164655172413795 0.10548645320197048
0 0.549375 0.6031773399014778 0.09591748768472874 0.09413793103448283
0 0.08585899014778335 0.45452586206896545 0.10695197044334977 0.08912561576354676
0 0.08140394088669939 0.3261853448275862 0.10160098522167488 0.09269088669950738
0 0.08229371921182266 0.1791286945812808 0.09982142857142837 0.09803571428571427
0 0.2418257389162561 0.8805418719211823 0.09090517241379314 0.0891256157635466
0 0.24182881773399012 0.7245720443349754 0.09447044334975373 0.08734605911330051
0 0.24628078817733995 0.5819704433497537 0.08912561576354666 0.08733990147783251
0 0.23593596059113303 0.45166256157635465 0.10243842364532024 0.08524630541871922
0 0.6995720443349754 0.8892149014778324 0.09060960591133033 0.08021551724137933
0 0.23737068965517238 0.30835899014778323 0.09981527093596053 0.09624999999999997
0 0.24890394088669948 0.16040024630541874 0.09097290640394103 0.09097290640394089
0 0.6951139162561578 0.7518103448275862 0.09357758620689681 0.08466748768472906
0 0.3981557881773399 0.8776046798029558 0.08046182266009855 0.07922413793103442
0 0.3897383004926108 0.333112684729064 0.10028940886699497 0.08309729064039409
0 0.3840055418719212 0.2077524630541872 0.08739532019704459 0.07736453201970443
0 0.5593657635467981 0.8834759852216748 0.08596059113300485 0.07879926108374379
0 0.5457573891625617 0.7459359605911329 0.08309113300492614 0.08596059113300504
0 0.6870443349753693 0.21855911330049263 0.09849753694581287 0.0870566502463054
0 0.6887807881773399 0.3489839901477833 0.08784482758620682 0.08121921182266012
0 0.5514870689655172 0.4576108374384236 0.08739532019704412 0.08524630541871922
0 0.6972752463054187 0.4838146551724138 0.09037561576354697 0.0862253694581281
0 0.5479064039408867 0.3404895320197044 0.09168719211822665 0.09169334975369456
0 0.5468318965517242 0.19972598522167487 0.0809421182266011 0.0766440886699507
0 0.6892333743842366 0.6274291871921183 0.09803571428571435 0.09269088669950748
0 0.39473522167487685 0.6046490147783251 0.10843596059113296 0.1088054187192118
0 0.08541871921182254 0.7226816502463054 0.10408866995073889 0.10336822660098524
0 0.3992302955665024 0.7454125615763547 0.10301724137931044 0.10018472906403948
0 0.0829679802955665 0.8704371921182266 0.1014039408866994 0.09900246305418729
0 0.3902924876847291 0.46565270935960595 0.0970012315270934 0.08593596059113295
