0 0.3247546728971963 0.27052862149532714 0.09300233644859822 0.08453855140186918
0 0.7872634345794394 0.680286214953271 0.09847546728971969 0.1018107476635515
0 0.7821407710280375 0.8276781542056074 0.10820677570093458 0.09639602803738322
0 0.3213200934579438 0.5383528037383177 0.10876168224299053 0.09957943925233642
0 0.7914456775700934 0.9537003504672897 0.11326518691588776 0.0914310747663553
0 0.48275992990654204 0.158758761682243 0.10383761682242998 0.101875
0 0.3201693925233644 0.6795852803738317 0.10198598130841117 0.09900700934579432
0 0.630554906542056 0.6919334112149533 0.10842289719626186 0.09860981308411204
0 0.46915887850467297 0.6959579439252336 0.11261682242990635 0.12107476635514013
0 0.6382067757009345 0.286536214953271 0.10164719626168228 0.09199766355140182
0 0.4709404205607477 0.8225116822429905 0.10835280373831778 0.10275700934579418
0 0.9411331775700935 0.5591442757009346 0.10878504672897212 0.100052570093458
0 0.32240070093457945 0.4004234813084112 0.12365654205607499 0.12789135514018699
0 0.04150700934579436 0.39354556074766356 0.08301401869158873 0.12140186915887846
0 0.4680023364485982 0.9487149532710282 0.11369158878504666 0.10140186915887851
0 0.1734345794392523 0.2765040887850468 0.09766355140186916 0.09339369158878509
0 0.17584696261682242 0.14988317757009345 0.11629672897196257 0.09369158878504673
0 0.9355841121495326 0.697353971962617 0.09873831775700942 0.09466121495327114
0 0.1742260514018692 0.947873831775701 0.11872079439252337 0.1030841121495327
0 0.4751985981308411 0.2953679906542056 0.09730140186915873 0.09665887850467286
0 0.04228971962616821 0.5254964953271029 0.08457943925233642 0.12856308411214953
0 0.4765157710280374 0.5475613317757009 0.1038726635514019 0.10417640186915883
0 0.1705607476635514 0.8197721962616822 0.10747663551401866 0.10484813084112155
0 0.9357943925233646 0.8333060747663552 0.10469626168224284 0.09565420560747655
0 0.16981016355140188 0.5484433411214953 0.1104380841121495 0.11245911214953268
0 0.6246728971962616 0.4214077102803739 0.10537383177570092 0.10815420560747659
0 0.6291092289719625 0.15893107476635515 0.09299649532710272 0.09130841121495327
0 0.3148773364485981 0.9360455607476638 0.133913551401869 0.12674065420560754
0 0.9340829439252337 0.9572897196261682 0.10239485981308412 0.08425233644859818
0 0.47620327102803744 0.4173014018691589 0.09595794392523375 0.09460280373831775
0 0.1758878504672897 0.39584988317757014 0.13530373831775705 0.12453855140186913
0 0.32505257009345795 0.15284754672897197 0.09969626168224287 0.09319509345794393
0 0.7795064252336449 0.16480140186915887 0.10014602803738318 0.09503504672897196
0 0.1703533878504672 0.6973831775700934 0.10846378504672886 0.10242990654205594
0 0.31869158878504683 0.8014602803738318 0.14100467289719631 0.13808411214953265
0 0.6354818925233645 0.5492377336448598 0.12213200934579432 0.10806658878504687
0 0.6243370327102804 0.8199007009345796 0.11818341121495342 0.11393691588785038
0 0.7866647196261681 0.30064836448598137 0.09730140186915891 0.09490654205607477
0 0.7863697429906541 0.4241092289719627 0.11441004672897187 0.09886098130841126
0 0.6289077102803738 0.9475408878504674 0.12276869158878521 0.10375000000000006
0 0.9326197429906542 0.16992114485981308 0.09469042056074753 0.09299649532710277
0 0.9317757009345794 0.30941880841121494 0.09637850467289716 0.08792640186915883
0 0.9360017523364487 0.43116238317757005 0.10145443925233659 0.08454439252336449
