0 0.5247076023391813 0.5908414554905783 0.10897335932423652 0.0982651072124756
0 0.35998375568551017 0.5971410006497727 0.10330734243014963 0.09322936972059777
1 0.20330734243014942 0.35120532813515276 0.12245614035087705 0.141358024691358
0 0.5196718648473034 0.32816439246263807 0.09133853151397023 0.08567251461988307
0 0.03177712800519816 0.8599740090968161 0.06355425601039633 0.08241715399610165
0 0.3577777777777779 0.46044834307992205 0.09385315139701104 0.08692657569850554
0 0.6843924626380767 0.584541910331384 0.09953216374269 0.09575048732943474
0 0.18138726445743997 0.3115204678362573 0.08768680961663422 0.08012995451591946
0 0.19273879142300196 0.5961955815464587 0.0951202079272254 0.09133853151397005
1 0.3655490578297595 0.48622157244964265 0.11181286549707602 0.13018193632228722
0 0.6843924626380767 0.584541910331384 0.09953216374269 0.09575048732943474
1 0.03828460038986352 0.6090545808966862 0.07656920077972704 0.132287199480182
1 0.21025016244314493 0.4922547108512021 0.11023391812865505 0.12661468486029892
1 0.5201429499675114 0.35997400909681615 0.10813515269655632 0.1422612085769981
0 0.03083170890188437 0.7202891487979206 0.06166341780376874 0.08083820662768036
0 0.19159194282001302 0.4681416504223521 0.09221572449642614 0.08692657569850554
