0 0.6302855603448277 0.9481977370689655 0.09747844827586234 0.09098599137931031
0 0.1793292025862069 0.8350835129310346 0.0945420258620691 0.08566271551724132
0 0.038084590517241355 0.7008459051724137 0.07616918103448271 0.09610991379310363
0 0.17933189655172424 0.6964035560344828 0.0914116379310344 0.08931573275862065
0 0.47237338362068976 0.7057947198275861 0.08929418103448275 0.09142780172413807
0 0.3308108836206897 0.6990167025862069 0.09558728448275856 0.0945420258620688
0 0.17336745689655172 0.9588981681034484 0.0871228448275861 0.08112607758620695
0 0.037731681034482746 0.9606196120689655 0.07546336206896549 0.07768318965517251
0 0.7910075431034483 0.7044881465517241 0.09477370689655205 0.08664870689655177
0 0.47717672413793094 0.9599622844827587 0.1015409482758621 0.0789978448275862
0 0.46818157327586196 0.8303825431034482 0.08931573275862065 0.08983836206896552
0 0.038868534482758677 0.8353475215517241 0.07773706896551735 0.09767780172413809
0 0.3192241379310345 0.952120150862069 0.08273706896551748 0.08837823275862085
1 0.726519396551724 0.6901508620689655 0.18560344827586203 0.10761853448275856
0 0.32506196120689657 0.8264655172413793 0.0924515086206897 0.09036637931034489
