0 0.31181294042280583 0.20112427930813576 0.0931582319026264 0.08508007687379882
0 0.6198526585522101 0.11510890454836638 0.08694426649583588 0.08570787956438179
0 0.8813741191543882 0.5174215246636771 0.09502242152466375 0.09439461883408067
0 0.5313549007046765 0.18590967328635485 0.09129404228058924 0.08570787956438176
0 0.5103555413196669 0.02649583600256247 0.09479180012812319 0.05299167200512494
0 0.5818449711723255 0.44876681614349784 0.08694426649583598 0.08390134529148004
0 0.4345195387572069 0.4453267136450993 0.09390775144138386 0.08674567584881504
0 0.6957431133888532 0.8587636130685459 0.08317104420243437 0.07601537475976955
0 0.07754324151185137 0.20256566303651508 0.08272261370916074 0.08049327354260082
0 0.958670723894939 0.6047341447789879 0.08137732222934028 0.09041639974375383
0 0.4310313901345291 0.6016463805253042 0.08853299167200526 0.08585522101217173
0 0.2233151825752722 0.28713965406790526 0.09129404228058934 0.08819346572709795
0 0.3496989109545162 0.5045035233824471 0.08694426649583588 0.09191543882126844
1 0.8720115310698271 0.459093529788597 0.1252017937219732 0.19942985265855248
1 0.4338052530429211 0.062088404868673897 0.11625880845611791 0.12417680973734779
1 0.23169442664958356 0.08176489429852657 0.10552850736707235 0.16352978859705314
1 0.4508424087123639 0.3643593850096092 0.12370916079436266 0.21239590006406145
1 0.34948750800768746 0.4373959000640616 0.10284433055733516 0.21239590006406167
1 0.7548046124279308 0.0700064061499039 0.12731582319026258 0.1400128122998078
1 0.6302530429212044 0.0718705957719411 0.0957014734144779 0.1437411915438822
1 0.6954932735426008 0.13597693786034593 0.10309417040358757 0.16333119795003204
1 0.7551153106982703 0.6809417040358744 0.12296604740550923 0.22481742472773875
1 0.6153811659192825 0.710752722613709 0.10681614349775782 0.2335105701473414
1 0.691457399103139 0.7663356822549648 0.11489429852658542 0.24158872517616908
0 0.6977930813581038 0.18342408712363872 0.08880845611787323 0.08446508648302362
0 0.6151921844971173 0.7880108904548366 0.09129404228058942 0.09005124919923109
0 0.7748750800768738 0.7686579115951313 0.08421524663677135 0.0827226137091609
0 0.4287988468930173 0.10436899423446507 0.08764253683536227 0.08951953875720693
1 0.9343465727098015 0.3790582959641256 0.13002562459961547 0.18780269058295956
1 0.9365791159513133 0.058513773222293425 0.12556053811659196 0.11702754644458685
0 0.6143657911595132 0.26360666239589997 0.0867456758488148 0.08763613068545807
0 0.2174727738629084 0.1406374119154388 0.08674567584881494 0.07869955156950681
0 0.6970884048686738 0.35616271620755924 0.08764253683536186 0.08495836002562478
0 0.7856245996156309 0.27254644458680327 0.08942985265855216 0.0876425368353619
0 0.8634304932735425 0.18445547725816783 0.08764253683536186 0.09211402946828955
0 0.9635874439461883 0.0896604740550929 0.07154388212684169 0.09569506726457405
0 0.5204644458680333 0.5077482383087765 0.0867456758488151 0.08406790518898143
1 0.09278347213324793 0.12841127482383088 0.0835426008968609 0.19674567584881478
0 0.7819442664958359 0.10890134529147984 0.08695067264573995 0.07825112107623311
0 0.9607046764894299 0.4394811018577836 0.07730941704035874 0.0912876361306855
