0 0.6017245989304812 0.9571711229946523 0.09394117647058832 0.08458823529411767
0 0.4500641711229947 0.6966336898395721 0.1042032085561498 0.09849732620320868
0 0.5991096256684493 0.6955989304812834 0.10057219251336884 0.09539037433155091
0 0.7517860962566845 0.6911898395721925 0.09072727272727281 0.08864705882352936
0 0.3025721925133691 0.6930053475935829 0.11197860962566851 0.08605347593582885
0 0.9021310160427808 0.693783422459893 0.09487165775401064 0.09383422459893029
0 0.1589705882352941 0.6971524064171123 0.10783422459893041 0.09124598930481298
0 0.7458663101604278 0.953451871657754 0.08647058823529401 0.08398395721925143
0 0.03671390374331549 0.9532887700534758 0.07342780748663098 0.09235294117647055
0 0.8906310160427807 0.9449919786096258 0.08211764705882367 0.08771657754010694
0 0.30464438502673796 0.8257219251336899 0.10264705882352927 0.10782887700534775
0 0.03412299465240639 0.6994839572192513 0.06824598930481278 0.09487165775401084
0 0.1610454545454546 0.8257219251336898 0.10679679144385043 0.09954010695187168
0 0.8964251336898397 0.8202780748663101 0.09175935828877015 0.08968983957219245
0 0.03567914438502675 0.8246844919786096 0.0713582887700535 0.09539037433155073
0 0.45515508021390383 0.9518529411764706 0.09954010695187158 0.09522459893048114
0 0.7517834224598929 0.8288315508021391 0.09383422459893058 0.0850213903743315
0 0.6014438502673797 0.8290935828877005 0.09901604278074877 0.09694652406417126
0 0.4549919786096256 0.8296096256684492 0.1057593582887701 0.10835294117647057
