0 0.971890402075227 0.8583009079118028 0.05492217898832669 0.0822568093385216
0 0.8299546044098574 0.8624935149156938 0.08120622568093386 0.07492217898832683
0 0.9655544747081711 0.44404345006485085 0.06759403372243836 0.07649156939040211
0 0.9704247730220492 0.7188878080415044 0.057853437094682124 0.08068093385214017
0 0.826079766536965 0.5962905317769132 0.08612840466926068 0.08110246433203624
0 0.6791763942931258 0.5966050583657587 0.09063553826199754 0.08959143968871598
0 0.6718417639429313 0.45043450064850843 0.09063553826199726 0.08539559014267177
0 0.9625389105058365 0.5840337224383918 0.07362516212710764 0.08675745784695206
0 0.6915369649805448 0.7340823605706874 0.08382619974059664 0.07806095979247739
1 0.9663391699092087 0.6078696498054474 0.06602464332036312 0.13202983138780813
1 0.859591439688716 0.6139591439688715 0.13957198443579766 0.12196498054474696
1 0.8687062256809339 0.8698378728923476 0.1376848249027235 0.11064850843060958
0 0.8265110246433203 0.7251297016861219 0.08120622568093386 0.08513618677042803
0 0.8289105058365758 0.46017833981841766 0.08927367055771725 0.07795719844357987
