0 0.4187629937629938 0.9025337837837838 0.08634095634095647 0.08126299376299373
0 0.6894282744282745 0.878877338877339 0.09674636174636192 0.10218295218295231
0 0.41415540540540524 0.16027546777546778 0.10279106029106028 0.10531185031185034
0 0.8375675675675675 0.2724194386694387 0.07981288981288992 0.08525467775467786
0 0.5567697505197505 0.2857796257796257 0.09130457380457392 0.08525987525987527
1 0.41317827442827454 0.8272895010395012 0.09141891891891891 0.20823804573804594
0 0.41552494802494805 0.4024142411642411 0.09432432432432432 0.09976611226611223
0 0.5564968814968815 0.15977390852390852 0.0962370062370064 0.09422557172557172
0 0.6968659043659043 0.28064189189189187 0.08404365904365883 0.08162681912681907
0 0.13374740124740128 0.39835239085239094 0.09926195426195442 0.0917047817047817
0 0.970220893970894 0.2863227650727651 0.05851871101871129 0.08888253638253638
0 0.6921491683991684 0.7591580041580042 0.08767671517671513 0.08646569646569661
0 0.7026169438669438 0.1595192307692308 0.09120062370062373 0.08263513513513514
0 0.8487448024948024 0.03693087318087316 0.09220893970893958 0.07386174636174632
1 0.5533575883575883 0.48329261954261954 0.09795218295218293 0.1480197505197505
1 0.27336018711018706 0.7059719334719334 0.09287422037422037 0.17486486486486494
0 0.4093659043659044 0.03944906444906443 0.10127858627858637 0.07889812889812886
0 0.27589916839916834 0.7720010395010395 0.08489604989604997 0.07908523908523903
0 0.13803794178794168 0.6446595634095634 0.09577442827442828 0.08924636174636182
1 0.13226351351351348 0.3670140332640332 0.10108627858627849 0.14453742203742195
0 0.12845893970893976 0.1564968814968815 0.10379937629937643 0.0967463617463618
0 0.6981964656964658 0.41088097713097715 0.08888773388773392 0.09371621621621617
0 0.8431990644490646 0.15120582120582118 0.08918399168399187 0.08717255717255719
1 0.13748960498960497 0.5916502079002078 0.09238045738045751 0.16543139293139286
0 0.831218814968815 0.7555301455301455 0.08646049896049901 0.09372141372141392
0 0.9688305613305616 0.15498440748440745 0.061299376299376304 0.08666320166320167
0 0.8411954261954262 0.3963695426195426 0.08827442827442832 0.08767671517671523
0 0.9665930353430353 0.40060550935550937 0.06577442827442849 0.09251039501039511
1 0.40995322245322247 0.5990514553014552 0.09926195426195403 0.18598232848232846
0 0.9635706860706862 0.7494828482328482 0.0718191268191268 0.08042099792099792
0 0.26802754677754675 0.1564968814968815 0.09976611226611218 0.10480249480249486
0 0.5542281704781705 0.0381912681912682 0.09774948024948008 0.0763825363825364
0 0.1264423076923077 0.0379391891891892 0.10480769230769223 0.0758783783783784
0 0.4162214137214137 0.6575623700623701 0.10135135135135138 0.09194386694386696
0 0.6933575883575883 0.5227416839916839 0.08646569646569634 0.09371621621621613
0 0.7026195426195427 0.034410083160083184 0.08818087318087314 0.06882016632016637
0 0.8309147609147608 0.6379261954261954 0.08344074844074834 0.09190228690228701
0 0.4143139293139294 0.28178794178794186 0.09674636174636168 0.09795218295218293
1 0.670569126819127 0.7032744282744282 0.12798856548856558 0.18633056133056133
0 0.2660135135135136 0.03466216216216219 0.10883575883575893 0.06932432432432438
0 0.5545919958419959 0.5209277546777547 0.09311330561330572 0.08646049896049893
