0 0.18209424083769643 0.05816753926701572 0.11518324607329845 0.11633507853403144
0 0.18589005235602088 0.1830366492146597 0.11062827225130871 0.11821989528795808
0 0.18816753926701563 0.3110732984293194 0.1242931937172775 0.12277486910994762
0 0.46555497382198957 0.06558115183246072 0.10040837696335066 0.1002722513089005
0 0.4594476439790577 0.1952329842931937 0.09797382198952886 0.09992146596858635
0 0.45874345549738227 0.3130104712041885 0.1168586387434557 0.10748691099476437
0 0.32478010471204194 0.060657068062827245 0.1094973821989528 0.10403664921465972
0 0.8653848167539265 0.0819502617801047 0.091502617801047 0.08594240837696326
0 0.8706675392670156 0.20020680628272253 0.09505235602094246 0.08492670157068066
0 0.8706884816753927 0.3206492146596858 0.0980261780104711 0.10058638743455497
0 0.7305235602094241 0.0852356020942408 0.08879581151832448 0.08376963350785338
0 0.7251937172774869 0.2022329842931938 0.08627225130890069 0.08731413612565446
0 0.733586387434555 0.321782722513089 0.10801047120418862 0.10398429319371731
0 0.5869816753926702 0.08194240837696336 0.08845549738219916 0.08895287958115188
0 0.5963429319371728 0.19943717277486908 0.10417277486910985 0.09861256544502613
0 0.3288219895287958 0.18185863874345545 0.12570680628272246 0.11753926701570683
0 0.32 0.30698952879581154 0.12209424083769653 0.12413612565445038
0 0.6014214659685865 0.3171465968586387 0.11014136125654451 0.10361256544502623
