0 0.4188366960907944 0.21821563682219425 0.08875788146279942 0.08655737704918032
1 0.08076292559899112 0.39689785624211854 0.13496847414880198 0.20171500630517028
1 0.696172761664565 0.1477994955863808 0.16283732660781855 0.17017654476670865
1 0.581749684741488 0.13826292559899114 0.17750945775535953 0.18924968474148796
1 0.30778373266078185 0.15880201765447668 0.07995586380832312 0.17457755359394694
0 0.31064312736443894 0.2200504413619168 0.09095838587641857 0.09168978562421193
1 0.4797919293820933 0.14706809583858765 0.1540353089533415 0.17163934426229496
1 0.37783417402269853 0.15329760403530895 0.13790037831021434 0.1797099621689787
0 0.17733921815889028 0.301125472887768 0.09046658259773012 0.09107818411097102
1 0.8010655737704919 0.14816519546027743 0.18924337957124848 0.16796973518285
0 0.11692622950819669 0.46548234552332907 0.09022068095838569 0.08581967213114766
0 0.7463461538461538 0.19988020176544766 0.09535308953341713 0.09682219419924334
0 0.8644388398486759 0.20281210592686003 0.09242118537200486 0.09388398486759135
0 0.039546027742749075 0.5260214375788146 0.07909205548549815 0.07930643127364427
1 0.1379760403530895 0.23882723833543504 0.13936948297604032 0.19218158890290016
0 0.5328972257250945 0.20684741488020178 0.08948928121059249 0.0887515762925599
0 0.6396185372005044 0.20208070617906684 0.08581967213114747 0.08361916771752832
