0 0.61603441040705 0.35465169953839704 0.09912715065044057 0.09037767519932856
0 0.2470394460763743 0.8102370960973563 0.17978598405371374 0.17006714225765837
0 0.06642677297524133 0.8059819555182544 0.13285354595048265 0.16399076793957193
0 0.61389634913974 0.812056231640789 0.17006714225765845 0.15670163659253053
0 0.7827465379773395 0.8163092740243391 0.14091061686949244 0.1603483004616031
0 0.07007133864876207 0.4792152748636173 0.14014267729752414 0.15670163659253047
0 0.07128409567771711 0.6438145195132186 0.14256819135543422 0.1530591691145615
0 0.24582459085186736 0.6438145195132186 0.17006294586655465 0.1530591691145615
0 0.24339488040285354 0.48164288711707925 0.17006294586655465 0.15913134704154425
0 0.4262169534200588 0.64685060847671 0.16399076793957193 0.15670583298363405
0 0.6157175828787242 0.49500629458665546 0.1737096097356272 0.1542761225346203
0 0.6126793957196812 0.6523164078892153 0.17006714225765845 0.1433403273185061
0 0.7882144355853965 0.6517100293747378 0.14698699118757866 0.1518464120856065
0 0.7876059588753673 0.5223373898447335 0.0898908938313052 0.08503566932438099
0 0.7836697440201427 0.37287452790600084 0.09328997062526244 0.09183382291229544
0 0.7720079731430968 0.2183592110784725 0.08746537977339486 0.08892152748636173
0 0.7814834242551406 0.05801091061686949 0.08600503566932426 0.08892152748636173
0 0.6014561477129668 0.05436424674779689 0.09620646244229974 0.08746118338229122
0 0.6109315988250106 0.19357742341586237 0.10057910197230385 0.09183801930339908
0 0.4272597566093161 0.04707721359630717 0.0889215274863618 0.08454469156525386
0 0.42580360889634905 0.20232270247587078 0.11224506924045331 0.10058329836340749
0 0.42871800251783465 0.35756819135543433 0.10932857742341595 0.10786823331934536
0 0.2523394880402854 0.32403692824171215 0.11515316827528335 0.11370541334452368
0 0.24942089802769613 0.1673373898447335 0.11515736466638693 0.10932857742341584
0 0.2399454469156525 0.03979018044481746 0.08746118338229125 0.07871590432228283
0 0.06210449013848085 0.04051825430130088 0.09037767519932852 0.07142677297524129
0 0.06866554762903908 0.1753545950482585 0.10641208560637849 0.10203944607637436
0 0.060648342425514 0.33861938732689884 0.10495593789341173 0.104951741502308
