0 0.03627906976744188 0.5482526712759271 0.07255813953488376 0.07905719673161518
1 0.3005311125078567 0.18218730358265242 0.07970458830923975 0.1740289126335637
1 0.3703614079195474 0.17670018856065367 0.13746700188560654 0.17914519170333137
1 0.47199874292897553 0.17049025769956003 0.15355122564424867 0.17109993714644867
1 0.5736360779384035 0.1617127592708988 0.1769516027655565 0.18865493400377112
1 0.6876995600251415 0.17121935889377748 0.1623255813953489 0.16964173475801372
1 0.7922627278441233 0.17158390949088625 0.18864864864864883 0.1674418604651163
0 0.8554368321810183 0.2260590823381521 0.09213073538654921 0.09358893777498423
0 0.7377152734129477 0.2231363922061596 0.09505342551854153 0.09651791326209921
0 0.6313230672532998 0.22532998114393463 0.08554996857322428 0.08335637963544934
0 0.5249371464487742 0.23008170961659333 0.08920804525455672 0.08847265870521683
0 0.4112350722815838 0.24141420490257703 0.08847894406033938 0.08628535512256444
0 0.30338152105593974 0.24324324324324326 0.09067253299811424 0.09140163419233194
