0 0.8507625075346595 0.13204942736588302 0.08792646172393008 0.08623267028330314
0 0.7415340566606389 0.21980409885473182 0.08521398432790826 0.08318866787221212
0 0.6796503918022905 0.3105997588908981 0.08657022302591917 0.09300180831826385
0 0.5923990355635924 0.3892254370102471 0.08522001205545511 0.09130198915009059
0 0.8368474984930682 0.6186045810729355 0.08896925858951177 0.08893911995177826
0 0.35034659433393617 0.6208499095840869 0.09658227848101267 0.09617842073538273
1 0.36156118143459925 0.5461512959614225 0.11780590717299586 0.220886075949367
0 0.030003013863773343 0.23667872212176005 0.060006027727546686 0.08667872212176006
1 0.03141952983725136 0.17940928270042195 0.06283905967450272 0.18582278481012654
1 0.34801386377335747 0.11179626280892103 0.1085533453887885 0.1691380349608197
1 0.5956298975286316 0.3328360458107294 0.11009041591320062 0.1781133212778783
1 0.664352019288728 0.2644665461121156 0.12271247739602159 0.1605786618444845
1 0.7236075949367088 0.17926763110307414 0.12902350813743213 0.1683001808318265
1 0.8322965641952984 0.09336648583484025 0.12761904761904752 0.1661904761904762
1 0.8259855334538878 0.561787221217601 0.12201326100060281 0.1998493068113322
0 0.3382127787823991 0.15640144665461123 0.0866847498493068 0.08478601567209153
