1 0.2612606837606838 0.39451709401709395 0.11579487179487181 0.20763247863247858
1 0.818173076923077 0.37004700854700856 0.10326923076923082 0.1813589743589743
1 0.9213824786324786 0.36020299145299145 0.11878205128205141 0.18792735042735043
1 0.713474358974359 0.3760106837606838 0.10505982905982919 0.19567094017094014
1 0.6004209401709403 0.37601282051282053 0.08775641025641032 0.1944871794871796
1 0.2534722222222222 0.7531410256410256 0.12494444444444441 0.36246153846153845
1 0.37401709401709404 0.38824358974358975 0.10147863247863245 0.19508547008547011
1 0.5448034188034189 0.7444807692307692 0.10886324786324782 0.3204059829059829
1 0.4167628205128205 0.7834508547008547 0.1249444444444445 0.3760726495726498
1 0.48796367521367523 0.38198290598290596 0.09073931623931616 0.1944786324786325
1 0.6746965811965812 0.7562329059829062 0.10886324786324782 0.3538076923076924
1 0.7916004273504273 0.7283910256410256 0.11009829059829064 0.34515811965811966
