0 0.6973356079404467 0.8958343672456577 0.09128411910670009 0.08081265508684865
0 0.3902450372208437 0.4727078163771712 0.08515508684863526 0.0793858560794044
0 0.07344292803970216 0.8742183622828783 0.10755583126550876 0.10513647642679891
0 0.3893083126550869 0.6073728287841192 0.08948511166253106 0.09165632754342427
0 0.24331265508684866 0.16159429280397022 0.09165012406947907 0.09165012406947891
0 0.6869199751861043 0.6320998759305211 0.09876550868486351 0.09338089330024826
0 0.23169354838709674 0.3106544665012406 0.10055831265508677 0.09696650124069477
0 0.5481482630272952 0.4610173697270471 0.08804590570719589 0.08588089330024812
0 0.6928442928039704 0.7574069478908187 0.09427419354838737 0.08529776674937965
0 0.6950217121588089 0.487416253101737 0.0910483870967744 0.0868672456575682
0 0.3794199751861042 0.20929900744416874 0.08804590570719617 0.07794044665012406
0 0.5434584367245658 0.20121277915632751 0.08154466501240716 0.07721464019851114
0 0.23024813895781643 0.4550248138957816 0.10320099255583132 0.08588089330024812
0 0.5513957816377171 0.5995781637717122 0.08588089330024798 0.07866004962779179
0 0.24066997518610422 0.5863027295285359 0.08978908188585595 0.08799007444168729
0 0.2361848635235732 0.7299658808933003 0.0951736972704715 0.0879962779156328
0 0.3851954094292804 0.3355924317617866 0.10103598014888338 0.08371588089330029
0 0.08490384615384601 0.7352388337468982 0.09227667493796528 0.08978287841191065
0 0.6864640198511166 0.3515818858560794 0.08849875930521078 0.08182382133995042
0 0.5489143920595532 0.885545905707196 0.11892059553349862 0.1135235732009925
0 0.23258064516129037 0.8808219602977667 0.09878411910669958 0.1023387096774193
0 0.07546215880893299 0.180462158808933 0.10056451612903204 0.0987655086848635
0 0.07456575682382122 0.32861352357320095 0.10235732009925558 0.09338089330024812
0 0.542375930521092 0.7514888337468982 0.08370967741935491 0.08660049627791572
0 0.08989454094292809 0.5893362282878412 0.10475186104218369 0.09727047146401989
0 0.5445409429280397 0.3430241935483871 0.0923697270471465 0.09237593052109179
0 0.684714640198511 0.2201861042183623 0.09923076923076928 0.08770471464019854
0 0.07905397022332517 0.457909429280397 0.10774813895781642 0.08978908188585609
0 0.39116004962779166 0.740167493796526 0.1001861042183623 0.09733250620347393
