1 0.5320042530568847 0.6595162147793726 0.19744816586921862 0.07894736842105263
1 0.5411749069643806 0.7644072301967039 0.21249335459861796 0.07299308878256253
1 0.5337852206273258 0.4225677830940989 0.22578415736310495 0.1056353003721425
1 0.5389154704944177 0.8691387559808611 0.20414673046251994 0.08426368952684749
1 0.5410419989367358 0.5380116959064327 0.21063264221158973 0.08963317384370026
0 0.6099840510366826 0.3916374269005848 0.09994683678894209 0.08989898989898987
0 0.6138330675172781 0.511241360978203 0.101945773524721 0.09148856990962258
0 0.6080382775119618 0.6408001063264221 0.09192982456140357 0.08925571504518864
0 0.7362785752259436 0.41321105794790003 0.09650186071238682 0.0903242955874535
0 0.7401993620414674 0.7679319510898458 0.09113769271663968 0.07913875598086126
0 0.7342982456140351 0.30152844231791603 0.09472089314194583 0.08688463583200425
0 0.6176395534290271 0.7546172248803827 0.10815523657628923 0.09721956406166932
0 0.605515683147262 0.17481392876129717 0.09606060606060592 0.08381180223285488
0 0.7378256246677298 0.8837905369484316 0.08894205209994697 0.08847421584263686
0 0.7349946836788943 0.5328575225943648 0.08950026581605491 0.0809090909090909
0 0.6083838383838384 0.2862333864965444 0.10063795853269575 0.09462519936204146
0 0.7287373737373738 0.1856858054226475 0.09145667198298801 0.08204678362573097
0 0.7356858054226474 0.645023923444976 0.09237107921318448 0.07952153110047841
0 0.6117038809144071 0.8684928229665071 0.09387028176501847 0.08318447634237103
