0 0.8205889884763123 0.3149007682458387 0.09011523687579999 0.0923495518565941
1 0.3392765685019206 0.22259923175416133 0.12102432778489099 0.1706786171574904
1 0.6512227912932139 0.22061459667093467 0.12139564660691414 0.1452368758002561
1 0.19242957746478875 0.4850064020486556 0.10861075544174142 0.12475032010243281
0 0.8213924455825865 0.43353072983354674 0.09652368758002561 0.08669014084507042
0 0.33778489116517296 0.4536683738796415 0.09247119078104993 0.08564660691421254
0 0.1639916773367478 0.30693341869398205 0.08639564660691426 0.07895006402048659
0 0.5022567221510884 0.5821414852752881 0.10736875800256074 0.09681818181818173
0 0.9653841229193343 0.3040268886043534 0.0679513444302176 0.08862996158770806
0 0.33995838668373884 0.588348271446863 0.10178617157490412 0.09185659411011524
0 0.6595902688860434 0.5759346991037131 0.09806658130601785 0.09434058898847635
0 0.6595902688860434 0.5759346991037131 0.09806658130601785 0.09434058898847635
1 0.1855889884763124 0.3460339308578745 0.12065300896286799 0.13927656850192055
0 0.4972951344430217 0.3233322663252241 0.08999359795134454 0.0844110115236876
0 0.1740460947503201 0.46124839948783614 0.09085787451984627 0.08564660691421254
1 0.34544174135723427 0.479062099871959 0.11016645326504483 0.12826504481434053
0 0.17517605633802819 0.5874167733674777 0.09371959026888599 0.08999359795134444
1 0.49775928297055055 0.354673495518566 0.10654289372599249 0.14016645326504484
0 0.6563636363636365 0.4392797695262484 0.0997951344430216 0.09681818181818187
0 0.3307106274007682 0.16643085787451986 0.10055057618437895 0.09123559539052495
0 0.6527144686299616 0.18300256081946223 0.10650448143405866 0.09384122919334188
1 0.9557042253521127 0.3502048655569783 0.08731113956466081 0.1556594110115237
1 0.8111139564660692 0.47151408450704224 0.11171574903969272 0.15014724711907815
