0 0.9147919075144508 0.8195895953757225 0.09189595375722553 0.08796531791907516
0 0.9158583815028903 0.42667630057803463 0.10039884393063571 0.08366473988439302
0 0.9116763005780344 0.3061994219653179 0.09537572254335258 0.08701156069364162
0 0.9125115606936417 0.16815317919075143 0.09370520231213843 0.09202890173410404
0 0.4598554913294797 0.28019364161849714 0.09436994219653169 0.09080346820809251
0 0.46212427745664747 0.5326560693641618 0.09890751445086708 0.09242196531791913
0 0.4577456647398843 0.6727485549132949 0.08820809248554908 0.08593641618497107
0 0.62378612716763 0.545950867052023 0.10247398843930618 0.09436416184971098
0 0.6119393063583815 0.41784971098265894 0.0891965317919075 0.08529479768786123
0 0.6270289017341041 0.2793815028901734 0.08885549132947966 0.08269364161849714
0 0.6121589595375722 0.15727745664739887 0.09202890173410404 0.09035838150289019
0 0.9234508670520234 0.5533265895953757 0.10262427745664744 0.0990115606936417
0 0.9131329479768785 0.949901734104046 0.09297109826589571 0.08847398843930626
0 0.7669132947976879 0.9489797687861271 0.10709826589595388 0.10088439306358372
0 0.7677601156069362 0.8173901734104047 0.09534682080924842 0.1020635838150288
0 0.7692196531791907 0.5454335260115608 0.09404624277456634 0.08959537572254336
0 0.47100289017341046 0.15343641618497111 0.09541618497109806 0.09347398843930636
0 0.7686676300578035 0.6748843930635838 0.09745086705202315 0.09404624277456664
0 0.6121531791907513 0.9463005780346821 0.09979768786127177 0.09861271676300581
0 0.3059537572254336 0.6726300578034682 0.09537572254335264 0.09369942196531791
0 0.31180635838150284 0.5329450867052024 0.09704624277456642 0.09540462427745666
0 0.310971098265896 0.3932080924855491 0.10541040462427724 0.09705202312138735
0 0.31014161849710986 0.2710635838150289 0.0936936416184972 0.09035838150289016
0 0.6103265895953757 0.683586705202312 0.10038728323699403 0.09191329479768774
0 0.7601589595375721 0.16560693641618496 0.09407514450867052 0.09236994219653177
0 0.4562023121387283 0.9415982658959536 0.10361849710982679 0.08454913294797706
0 0.6088381502890173 0.81321387283237 0.1025317919075145 0.0990057803468209
0 0.4581127167630057 0.41362427745664737 0.09460693641618505 0.08720231213872827
0 0.9171213872832371 0.6809161849710983 0.09435838150289019 0.09200578034682066
0 0.3151531791907514 0.14640173410404622 0.0870115606936418 0.07864161849710982
0 0.7661127167630057 0.42387283236994217 0.08979768786127189 0.0794104046242774
0 0.45427745664739894 0.8019364161849711 0.10751445086705201 0.0947398843930635
0 0.7672254335260116 0.2958526011560694 0.08460115606936414 0.07718497109826596
