0 0.39960648148148137 0.7980298353909465 0.1017335390946502 0.10422839506172839
0 0.6851028806584363 0.6648791152263375 0.08727366255144033 0.08527263374485587
0 0.95886316872428 0.7927932098765432 0.08124485596707824 0.08577160493827167
0 0.5404835390946502 0.7975334362139918 0.09524691358024702 0.09325617283950631
0 0.5382381687242799 0.6691203703703704 0.09674382716049366 0.09175925925925937
0 0.11684927983539099 0.7942901234567902 0.10273148148148162 0.09575102880658436
0 0.6794084362139918 0.9171579218106996 0.08317901234567883 0.080787037037037
0 0.8242361111111112 0.7890534979423869 0.08826646090534981 0.08627572016460901
0 0.8186625514403292 0.909020061728395 0.0789917695473253 0.08437757201646079
0 0.5407536008230452 0.9222427983539093 0.09036522633744869 0.0843827160493827
0 0.9608693415637861 0.6738451646090534 0.07723251028806588 0.08728909465020589
0 0.11485339506172838 0.6706147119341563 0.10372942386831266 0.08777263374485612
0 0.2549819958847736 0.7942901234567902 0.09873971193415627 0.10372427983539097
0 0.25298868312757206 0.6666255144032922 0.1077160493827161 0.08277777777777781
0 0.9602391975308642 0.9227803497942386 0.0784927983539097 0.08796810699588495
0 0.3997633744855968 0.918292181069959 0.09575102880658432 0.0969444444444446
0 0.6851003086419754 0.7972813786008232 0.09026234567901245 0.08178497942386823
0 0.8297247942386833 0.6673739711934157 0.09126028806584358 0.09026234567901217
0 0.39486625514403295 0.6701157407407407 0.10023662551440346 0.09474794238683142
