0 0.03698327037236912 0.9613653534808418 0.07396654074473824 0.07618996222342164
0 0.17202914193200214 0.9596411225040474 0.08726389638424166 0.0796384241770103
0 0.7906691851052348 0.7056287101996762 0.09492714516999487 0.0867889908256881
0 0.3297274689692391 0.700148407987048 0.09574203993524007 0.09469508904479207
0 0.17800323799244477 0.6975310307609283 0.09155963302752287 0.08946033459255251
1 0.7260766324878575 0.6912682137075014 0.18590393955747433 0.10779276848354008
0 0.6296869940636806 0.9497328656233136 0.09763626551538081 0.09113329735563942
0 0.037336751214247135 0.7019805720453318 0.07467350242849427 0.09626551538046425
0 0.17800053966540746 0.8364355099838101 0.09469508904479242 0.08580140313005931
0 0.3239692390717755 0.8278035617916891 0.09260118726389643 0.09051268213707506
0 0.46732056125202365 0.8317269293038315 0.08946033459255251 0.0899838100377766
0 0.31812196438208307 0.9536616297895304 0.08287101996762032 0.08852131678359423
0 0.4763302752293578 0.960706961683756 0.10170534268753381 0.07750674581759305
0 0.038121964382083165 0.8366999460334592 0.07624392876416633 0.09783594171613608
0 0.4715191581219644 0.7069373988127361 0.0894387479762548 0.09157582298974641
