0 0.7192779056386651 0.8308889528193325 0.08466628308400487 0.07495397008055237
0 0.577560414269275 0.31815592635212886 0.08567318757192177 0.08567894131185268
0 0.5775517836593785 0.5644764096662831 0.0923878020713462 0.08968929804372845
0 0.5738751438434984 0.8211910241657078 0.09437859608745672 0.07830840046029913
0 0.5762313003452244 0.9460097813578826 0.09101265822784795 0.07898158803222088
0 0.4245368239355581 0.5670339470655927 0.10108745684695047 0.09239930955120822
0 0.7091944764096663 0.3260932105868815 0.08208285385500565 0.07589182968929804
0 0.1458199079401612 0.4247123130034522 0.09993670886075952 0.08327963176064446
0 0.4297669735327963 0.31126294591484466 0.09371116225546597 0.07764672036823939
0 0.573204833141542 0.43897008055235903 0.09573072497123142 0.09169159953970075
0 0.7185817031070195 0.9554085155350979 0.09160529344073656 0.08803222094361336
0 0.14165707710011496 0.3047899884925201 0.09493670886075949 0.08661104718066744
0 0.14248849252013807 0.16737917146144993 0.09327387802071327 0.09160529344073644
0 0.7075719217491369 0.20422324510932105 0.09203682393555813 0.08134637514384349
0 0.15587456846950523 0.5466110471806674 0.09715765247410824 0.09021864211737639
0 0.7151237054085156 0.4534148446490218 0.08444764096662853 0.08056962025316457
0 0.4359263521288837 0.9454113924050633 0.09268124280782505 0.08535673187571927
0 0.577566168009206 0.6933256616800921 0.0910471806674337 0.09304948216340604
0 0.4319073647871117 0.6998849252013809 0.09304372842347526 0.08365937859608741
0 0.417373417721519 0.18878308400460297 0.09573647871116248 0.08297468354430379
0 0.2860529344073648 0.42203682393555814 0.09571921749136945 0.07965477560414269
0 0.429614499424626 0.8243958573072497 0.09121979286536246 0.08273878020713457
0 0.28835730724971226 0.5464902186421174 0.09800345224395854 0.08699654775604145
0 0.1407479861910241 0.94331415420023 0.09726121979286537 0.09249712313003437
0 0.2928653624856157 0.9437284234752589 0.10563866513233625 0.08929804372842354
0 0.1400690448791715 0.8176352128883775 0.10085155350978121 0.09326812428078247
0 0.5722036823935559 0.19163406214039125 0.08433831990794045 0.08163406214039129
0 0.4260960874568469 0.4397871116225546 0.09569044879171457 0.08831990794016116
0 0.2865477560414269 0.8180868814729575 0.09495972382048327 0.09267548906789405
0 0.2865477560414269 0.6807192174913694 0.0982968929804374 0.08896432681242822
0 0.1435385500575373 0.6869505178365938 0.10100115074798616 0.09330264672036823
0 0.2873935558112773 0.288132911392405 0.09326812428078242 0.08993670886075945
0 0.7096173762945915 0.5862744533947065 0.09160529344073647 0.08661104718066763
0 0.29817031070195626 0.14987917146144994 0.0850057537399311 0.08500575373993095
0 0.7151121979286538 0.7024971231300345 0.08743958573072522 0.07911392405063289
