0 0.08641143911439113 0.8293972939729398 0.09897293972939733 0.08943419434194336
0 0.4127183271832718 0.9669526445264452 0.11333333333333319 0.06486469864698638
1 0.14960639606396064 0.8105842558425584 0.19675276752767532 0.11590405904059041
0 0.4071063960639606 0.8399876998769988 0.09658671586715886 0.09062730627306262
0 0.7486531365313652 0.8379704797047971 0.11268142681426839 0.09837638376383766
0 0.9142712177121769 0.8433610086100862 0.11208487084870848 0.10314268142681436
0 0.5648031980319804 0.8472847478474785 0.09121771217712181 0.08466789667896694
1 0.15210332103321034 0.9387884378843787 0.19388683886838867 0.12119311193111933
1 0.30200492004920054 0.9430719557195572 0.18458794587945884 0.11262607626076267
0 0.24324108241082412 0.9673370233702335 0.09959409594095946 0.06409594095940968
0 0.08655289052890523 0.965190651906519 0.09701722017220173 0.0683886838868388
