0 0.5552667534157449 0.26493493819128167 0.09271958360442402 0.08704619388418992
1 0.7811808718282369 0.7652244632400781 0.128178269355888 0.23541964866623294
1 0.245566037735849 0.15672413793103446 0.09900455432661033 0.16618737800910854
0 0.4569193233571892 0.5284027325959663 0.09537410540013021 0.08810019518542636
0 0.3322966818477553 0.28038711776187375 0.09461288223812608 0.08640858815875081
0 0.6065452179570592 0.5318965517241379 0.0883018867924527 0.08521145087833464
0 0.8025894599869876 0.856782693558881 0.08553025374105404 0.08401431359791807
1 0.9544437215354586 0.11071893298633706 0.08981132075471696 0.16651268705270011
1 0.6445055302537411 0.7966135328562134 0.11117111255692894 0.23804163955757957
0 0.5245087833441768 0.45888744307091744 0.0877944046844502 0.0908262849707221
0 0.6404131424853612 0.876437865972674 0.09271958360442421 0.09145738451528934
0 0.5345738451528952 0.08525374105400135 0.09173715029277807 0.08901106050748206
0 0.8097690305790501 0.18672413793103448 0.0883083929733247 0.07947299934938183
1 0.45773584905660375 0.1236759921925829 0.11770982433311653 0.16131424853610934
1 0.1100878334417697 0.2084320104098894 0.08357189329863372 0.20183474300585555
1 0.7233441769681196 0.2125211450878334 0.10748210800260254 0.15667534157449572
0 0.24241704619388413 0.36774560832791153 0.09271958360442421 0.08957059206245928
0 0.9107514638906961 0.6016232921275212 0.09650618087182825 0.09586857514638913
0 0.7309889394925179 0.11124918672739105 0.08023422251138584 0.07644762524398178
0 0.7243038386467144 0.2624105400130124 0.09019518542615494 0.08578399479505525
0 0.544206245933637 0.5917989590110606 0.08810019518542636 0.085380611581002
1 0.378825634352635 0.5183376707872478 0.11117111255692921 0.21144437215354578
1 0.9510832791151594 0.4611385816525701 0.09653220559531549 0.18964216005204945
0 0.45110930383864667 0.18212101496421598 0.08901106050748242 0.09091737150292778
0 0.45337670787247875 0.6871633051398828 0.08991541964866641 0.08719583604424205
0 0.7235881587508133 0.43784645413142487 0.089011060507482 0.08628497072218626
0 0.3707742355237475 0.5885035783994795 0.0883018867924527 0.09335068314899168
0 0.6451463890696161 0.19302862719583602 0.0883018867924527 0.08704619388418995
1 0.901509433962264 0.5383051398828888 0.12817176317501627 0.1974951203643463
0 0.892527651268705 0.2634580351333767 0.0890110605074821 0.09355237475601817
0 0.7222218607677292 0.9482953806115809 0.08446974625894607 0.07720234222511417
1 0.4587833441769682 0.44675016265452183 0.09547169811320734 0.2184189980481459
1 0.04339947950553028 0.20532856213402734 0.08679895901106056 0.19527651268705273
0 0.8135068314899153 0.3529245283018867 0.09082628497072225 0.08901106050748205
1 0.7164378659726741 0.8548178269355887 0.11378659726740421 0.2445738451528951
0 0.6395738451528953 0.34384515289525047 0.08810019518542607 0.08900455432661024
0 0.23923552374756013 0.21373129472999347 0.08476903057905005 0.07871828236824985
0 0.2849544567338972 0.5289004554326611 0.09309694209499016 0.09158100195185451
0 0.09436890045543263 0.2818510084580352 0.08401431359791794 0.08175016265452173
