0 0.8455920205920205 0.884687902187902 0.08921492921492923 0.08920849420849424
0 0.9657689832689831 0.7472522522522522 0.06717503217503232 0.08983268983269
1 0.9626190476190475 0.3821525096525096 0.07347490347490349 0.25397039897039886
1 0.7334266409266409 0.7130694980694982 0.14348133848133848 0.15409266409266414
0 0.8209491634491635 0.08637709137709139 0.08370012870012869 0.08213642213642205
1 0.3091441441441441 0.7294498069498069 0.1953281853281853 0.1448841698841698
1 0.8478989703989704 0.3852702702702703 0.14223294723294733 0.2539639639639638
1 0.8620945945945946 0.07702702702702706 0.1422972972972972 0.11319176319176326
0 0.5424742599742599 0.8798648648648648 0.08750965250965247 0.08707850707850699
0 0.8371074646074647 0.6184942084942084 0.10031531531531516 0.09132561132561132
0 0.691936936936937 0.7572586872586873 0.0883783783783784 0.0844787644787647
0 0.6840797940797941 0.07949485199485198 0.08858429858429875 0.08421492921492929
0 0.2356756756756757 0.7743564993564994 0.07561132561132564 0.07935649935649944
0 0.6964446589446589 0.8866473616473616 0.09582368082368073 0.10330759330759327
0 0.4022393822393822 0.8862709137709138 0.09132561132561123 0.0920785070785072
1 0.7011036036036036 0.39247104247104253 0.14875804375804383 0.2470785070785071
0 0.8378539253539254 0.7465701415701416 0.08920849420849414 0.09108108108108096
0 0.9680534105534107 0.07881917631917633 0.06260617760617748 0.10555341055341055
0 0.5411550836550836 0.7675611325611326 0.09305662805662794 0.09824967824967844
