0 0.2922068965517242 0.6874907161803714 0.11108753315649875 0.08536870026525194
0 0.7378461538461538 0.6856896551724138 0.0900053050397878 0.08794164456233414
0 0.731973474801061 0.9458647214854112 0.08578249336870021 0.08331564986737398
0 0.03244297082228115 0.9469522546419098 0.0648859416445623 0.09411671087533148
0 0.5889787798408487 0.9511087533156498 0.09319363395225469 0.08702387267904492
0 0.8755862068965518 0.9374721485411142 0.08146419098143254 0.08701856763925725
0 0.44357559681697617 0.9470344827586208 0.0987480106100795 0.09997877984084887
0 0.5887002652519895 0.8224960212201592 0.09822811671087543 0.0961750663129974
0 0.14974801061007956 0.6916047745358089 0.10697612732095484 0.09051989389920438
0 0.8813342175066312 0.8137506631299735 0.091029177718833 0.08897612732095486
0 0.43852519893899206 0.6910901856763926 0.10337400530503993 0.09771352785145897
0 0.73784350132626 0.822236074270557 0.09308753315649872 0.08434482758620684
0 0.44341379310344814 0.8230079575596816 0.10491777188328917 0.10749071618037136
0 0.1518063660477454 0.8191511936339523 0.10594694960212217 0.09874801061007968
0 0.5863846153846154 0.6900636604774535 0.09977188328912459 0.09463129973474815
0 0.8869946949602122 0.688262599469496 0.09411671087533148 0.09308753315649854
0 0.29426259946949596 0.8191511936339523 0.10183023872679035 0.10697082228116721
