1 0.6052801120448179 0.5769030112044818 0.09091736694677874 0.12936624649859935
1 0.16792717086834735 0.5796866246498599 0.1588235294117647 0.13115196078431365
1 0.25601365546218485 0.5777853641456583 0.14003851540616244 0.1312009803921569
1 0.33773109243697474 0.5780917366946778 0.1276330532212885 0.1320448179271708
1 0.4210329131652662 0.5812692577030812 0.10866246498599451 0.12464635854341743
1 0.5097006302521008 0.5781197478991598 0.10875700280112037 0.13257002801120454
1 0.786922268907563 0.571046918767507 0.08385854341736694 0.13628151260504195
1 0.883405112044818 0.5715371148459384 0.08102591036414558 0.13404061624649855
1 0.9695728291316525 0.5704604341736694 0.06015406162465004 0.13517857142857145
1 0.12070553221288514 0.8349877450980392 0.08917016806722688 0.28615196078431365
1 0.21067752100840337 0.8302748599439775 0.0850805322128852 0.2989250700280113
1 0.3002450980392157 0.8414128151260505 0.08046218487394956 0.28394607843137254
1 0.4942051820728292 0.8355672268907564 0.092233893557423 0.2979901960784312
1 0.5932790616246498 0.8333508403361344 0.08615196078431371 0.2979901960784313
1 0.6810836834733894 0.834264705882353 0.0871673669467787 0.30102941176470605
1 0.7753956582633053 0.835654761904762 0.08861344537815133 0.29682773109243704
1 0.8802871148459384 0.8210276610644257 0.07857142857142863 0.31894607843137246
1 0.9713235294117646 0.8312202380952382 0.056652661064425826 0.29815476190476187
1 0.3784628851540616 0.8361922268907563 0.08919467787114845 0.2919082633053221
1 0.6992524509803921 0.5724299719887955 0.08395308123249294 0.13686274509803908
