0 0.7427654639175255 0.3997989690721649 0.09091237113402045 0.0943917525773196
0 0.7380077319587629 0.17740463917525773 0.09769587628865965 0.09161340206185567
0 0.6188324742268043 0.38619587628865976 0.09921134020618576 0.09773195876288661
0 0.6235953608247423 0.5002938144329897 0.10085051546391792 0.09172164948453605
0 0.6216443298969071 0.6239123711340206 0.1011134020618556 0.09313402061855659
0 0.6175438144329898 0.28137886597938144 0.09027319587628896 0.0958505154639175
0 0.7394742268041237 0.29213917525773203 0.0735360824742268 0.06798969072164947
0 0.62280412371134 0.7407706185567011 0.09415463917525765 0.08785051546391745
0 0.6161365979381443 0.16649226804123712 0.09205670103092775 0.08638659793814434
0 0.6209278350515464 0.8440128865979383 0.08876288659793805 0.09080927835051536
0 0.6284948453608247 0.9557216494845363 0.10379381443298986 0.08752577319587623
0 0.7540386597938146 0.9616443298969071 0.09958247422680429 0.07568041237113421
1 0.5315927835051546 0.4197422680412371 0.2074329896907217 0.08855670103092778
1 0.5383298969072164 0.5208762886597939 0.2167422680412371 0.09453608247422676
1 0.5342448453608247 0.6339690721649485 0.20996391752577317 0.08463917525773197
1 0.5493298969072166 0.7433247422680412 0.20443298969072157 0.07231958762886585
0 0.7437268041237113 0.8512010309278351 0.09110309278350495 0.09165979381443289
1 0.5444793814432989 0.8447731958762885 0.19350515463917514 0.08917525773195878
1 0.551701030927835 0.955360824742268 0.20402061855670084 0.08824742268041251
0 0.4851314432989691 0.16695876288659794 0.08942783505154654 0.08350515463917524
0 0.7471108247422681 0.7449072164948455 0.09527319587628909 0.08343298969072169
0 0.7461649484536083 0.6309252577319588 0.09083505154639189 0.08369587628865983
0 0.7437654639175256 0.5122963917525772 0.10373711340206189 0.08781958762886592
