1 0.48102531645569613 0.49894303797468353 0.10516455696202538 0.31146413502109704
1 0.6233206751054853 0.5197067510548523 0.11371308016877638 0.3212362869198312
1 0.7656160337552742 0.5294789029535865 0.11982278481012665 0.33833333333333326
1 0.7760590717299579 0.2326729957805907 0.0964894514767934 0.16000421940928267
1 0.6703459915611815 0.22412447257383966 0.10027848101265836 0.16000421940928267
1 0.9656835443037975 0.5502426160337552 0.06778902953586484 0.318789029535865
1 0.259337552742616 0.4928354430379746 0.08928270042194089 0.30657383966244717
1 0.8737721518987343 0.5306983122362869 0.12580590717299572 0.34321940928270045
1 0.3747616033755274 0.5007763713080169 0.09539662447257385 0.3175696202531646
1 0.18299789029535862 0.2796983122362869 0.2737172995780591 0.3200126582278481
