1 0.36999999999999994 0.48780638852672753 0.11217731421121258 0.13060625814863103
0 0.03351043024771836 0.8627770534550196 0.06702086049543672 0.08268578878748403
0 0.5246251629726205 0.32923402868318125 0.09163624511082151 0.08595176010430249
1 0.20722946544980445 0.3523500651890482 0.12285528031290728 0.14181877444589303
0 0.6898826597131681 0.5864471968709256 0.09985658409387221 0.09606258148631029
0 0.03256192959582793 0.7226368970013037 0.06512385919165586 0.08110169491525426
1 0.5250977835723599 0.3611473272490222 0.1084876140808345 0.14272490221642772
0 0.6898826597131681 0.5864471968709256 0.09985658409387221 0.09606258148631029
0 0.1966264667535854 0.598138852672751 0.09543024771838322 0.09163624511082141
0 0.18523794002607566 0.31253585397653194 0.08797262059973929 0.08039113428943943
0 0.028637548891786147 0.5870795306388527 0.057275097783572294 0.08720990873533244
0 0.02424054758800518 0.4463591916558018 0.04848109517601036 0.076890482398957
1 0.21419491525423737 0.4938591916558018 0.11059322033898313 0.12702737940026082
0 0.364416558018253 0.5990873533246415 0.10364406779661035 0.09353324641460241
0 0.19547588005215127 0.4696675358539765 0.09251629726205986 0.08720990873533252
0 0.36220338983050854 0.4619491525423729 0.09415906127770535 0.08720990873533244
1 0.0400391134289439 0.6110397653194264 0.0800782268578878 0.13271838331160374
0 0.5296773142112126 0.5927672750977835 0.10932855280312904 0.09858539765319423
