0 0.35999048826886487 0.6034020291693089 0.10327837666455289 0.09958782498414717
0 0.5050697526949905 0.7315789473684211 0.09589727330374141 0.0977425491439442
0 0.5004565630944832 0.5944895370957515 0.09774254914394401 0.10266328471781865
0 0.3653772986683575 0.8774571972098922 0.08941027266962587 0.09294863665187059
1 0.4434939759036145 0.06404882688649334 0.16802790107799617 0.1193595434369054
1 0.7472637920101457 0.7046607482561825 0.18855421686746957 0.13278376664552916
1 0.3470989220038047 0.3784527584020291 0.12225110970196569 0.25317691819911203
1 0.1423493975903614 0.7009638554216867 0.1111160431198478 0.4018008877615726
0 0.4961572606214332 0.07011414077362076 0.10758402029169299 0.1026632847178187
1 0.48740646797717196 0.37491122384273945 0.17624603677869385 0.25848446417247944
0 0.8079930247305009 0.7402441344324666 0.10003170577045027 0.10003170577045017
1 0.04080532656943558 0.7243500317057706 0.08161065313887116 0.3779327837666456
1 0.48740646797717196 0.37491122384273945 0.17624603677869385 0.25848446417247944
0 0.6569086873811034 0.8585225110970197 0.09589727330374159 0.09713379835129976
