0 0.6838772264631041 0.8597519083969466 0.08258905852417302 0.07548346055979671
0 0.689147582697201 0.19010496183206108 0.07194656488549608 0.06638040712468184
0 0.7633301526717557 0.7660591603053435 0.08788167938931309 0.08171119592875302
0 0.9568447837150128 0.09603053435114506 0.08503816793893125 0.09502544529262096
0 0.9476304071246817 0.6075 0.08613867684478387 0.08978371501272249
1 0.9349554707379135 0.06249045801526718 0.1288167938931297 0.12498091603053436
1 0.8181552162849873 0.13386132315521626 0.1332061068702292 0.17227735368956737
1 0.6836132315521628 0.1400763358778626 0.10922391857506357 0.1527480916030534
1 0.597029262086514 0.2168924936386769 0.07992366412213732 0.17139312977099241
0 0.42101781170483454 0.6044338422391856 0.0879134860050892 0.08525445292620872
0 0.4188008905852417 0.11063613231552161 0.08702926208651428 0.08889312977099237
1 0.7689567430025445 0.22932569974554706 0.10230279898218847 0.16624681933842247
1 0.927264631043257 0.5383969465648853 0.12796437659033089 0.21328244274809166
1 0.4261100508905851 0.07484096692111958 0.11914122137404581 0.14968193384223916
1 0.7412181933842239 0.6816221374045801 0.11396310432569984 0.2249745547073793
1 0.678686386768448 0.7674681933842238 0.10730916030534328 0.23533078880407135
1 0.5121755725190841 0.4429580152671755 0.10582697201017813 0.1961068702290075
1 0.35269720101781166 0.4407410941475827 0.12432569974554697 0.20943384223918576
1 0.4318829516539439 0.5191825699745546 0.09768447837150125 0.2286704834605596
0 0.3393765903307888 0.5117843511450383 0.08288804071246834 0.07473918575063598
0 0.6030693384223919 0.2687595419847328 0.08613867684478368 0.0870229007633588
1 0.08683842239185757 0.13458651399491098 0.07777353689567428 0.19610687022900763
0 0.6852131043256997 0.3606679389312977 0.087029262086514 0.08436386768447858
0 0.7731297709923663 0.2776367684478371 0.08880407124681929 0.08702926208651396
0 0.8503912213740455 0.19016221374045797 0.087029262086514 0.09146946564885496
0 0.07000318066157758 0.2081456743002545 0.08214376590330781 0.07993002544529257
0 0.5098250636132315 0.5111927480916031 0.08613867684478387 0.08347964376590333
