0 0.154487917146145 0.11406789413118527 0.11162255466052934 0.10995397008055227
0 0.7535788262370541 0.2455293440736479 0.1103797468354428 0.10302646720368236
0 0.453998849252014 0.24617376294591486 0.10903337169159957 0.10868814729574212
0 0.6076524741081702 0.24372842347525892 0.12013808975834307 0.11588032220943602
0 0.6054085155350978 0.11159378596087462 0.1187571921749138 0.10270425776754892
0 0.4550057537399309 0.11205408515535098 0.11990794016110481 0.10592635212888371
0 0.7591024165707708 0.12113636363636363 0.1026697353279632 0.0953222094361334
0 0.3030207134637515 0.11654200230149594 0.10627157652474095 0.09614499424626
0 0.9012773302646719 0.2533716915995397 0.11314154200230152 0.1035212888377444
0 0.9019677790563866 0.12110471806674335 0.09726121979286524 0.09249712313003454
0 0.29609321058688143 0.24314729574223246 0.1162830840046029 0.11010356731875713
