1 0.5438651102464332 0.4456776913099871 0.18024643320363173 0.2643514915693905
1 0.055509079118028555 0.790541504539559 0.11101815823605711 0.4176199740596626
1 0.191352140077821 0.795749027237354 0.1128858625162125 0.383715953307393
0 0.7172146562905318 0.94026588845655 0.09807392996108981 0.09933852140077803
0 0.4135570687418936 0.6793547341115435 0.10562256809338515 0.10184824902723748
0 0.5644714656290531 0.9463651102464333 0.1107587548638132 0.10597276264591421
0 0.5572114137483787 0.6702399481193255 0.09996108949416332 0.10499351491569404
0 0.5528145265888458 0.1339623865110246 0.1100259403372243 0.10499351491569395
0 0.7106776913099871 0.13457846952010377 0.09423476005188086 0.09053177691309984
0 0.419066147859922 0.9557263294422826 0.09143968871595336 0.08725032425421525
1 0.49895590142671864 0.12775940337224384 0.17184176394293119 0.12206874189364447
1 0.1053566796368353 0.7861835278858625 0.07770428015564183 0.40437743190661474
1 0.8096206225680934 0.7829118028534371 0.1928339818417637 0.13579766536964952
1 0.4003728923476005 0.4492996108949415 0.1250259403372243 0.2589234760051879
1 0.5438651102464332 0.4456776913099871 0.18024643320363173 0.2643514915693905
0 0.8717282749675743 0.8193028534370946 0.10230220492866406 0.10230220492866415
0 0.5619293125810637 0.8104409857328145 0.09807392996108953 0.09996108949416342
0 0.41616407263294414 0.822979896238651 0.11075875486381326 0.10324902723735391
