1 0.37360849943587815 0.6139657766077472 0.0953779616397142 0.1351899210229409
1 0.4736160210605491 0.6093625423091388 0.10463708160962772 0.1432831891688605
1 0.16701767581797664 0.6107897705904476 0.07717939074840177 0.150154193305754
1 0.857169988717563 0.6025817976682963 0.16698382850695764 0.1425535915757804
1 0.9514497931553216 0.8612467092892065 0.09634825122226387 0.2767544189544943
1 0.8472094772470853 0.8617901466716811 0.10342233922527255 0.2756675441895449
1 0.7388886799548703 0.874853328318917 0.09145167356148928 0.24954118089507335
1 0.6278431741256112 0.880842421963144 0.10233546446032336 0.23756299360661903
1 0.519522376833396 0.8617901466716811 0.09689356901090627 0.2756675441895449
1 0.37360849943587815 0.6139657766077472 0.0953779616397142 0.1351899210229409
1 0.26974426476118846 0.6107258367807447 0.0896878525761563 0.14919142534787508
1 0.06430236931177136 0.6177247085370441 0.07839037232042106 0.1376306882286574
1 0.7639996239187665 0.6004475366679203 0.15312899586310663 0.15181647235802925
1 0.6725028206092517 0.6036761940579166 0.14182399398270024 0.14401278676194068
1 0.5709721699887176 0.6078412937194433 0.11681459195186168 0.14175253854832645
