0 0.7461807036247334 0.8261807036247335 0.09353411513859285 0.08474946695095943
0 0.8960474413646056 0.6915644989339019 0.09456823027718549 0.09353411513859256
0 0.45033848614072486 0.8269562899786781 0.10542110874200432 0.1080063965884862
0 0.7461833688699361 0.6889792110874201 0.09043710021321964 0.0883635394456289
0 0.5939952025586355 0.6933742004264392 0.10025053304904041 0.09508528784648203
0 0.5963219616204691 0.8264418976545842 0.0986993603411515 0.09663646055437114
0 0.03241471215351809 0.6972468017057569 0.06482942430703618 0.09456823027718557
0 0.30047174840085283 0.8230810234541578 0.10231876332622587 0.10748400852878473
0 0.8845842217484009 0.9419696162046909 0.08185501066098093 0.0874360341151387
0 0.03499733475479743 0.9514952025586353 0.06999466950959486 0.09456823027718549
0 0.15733208955223885 0.8230810234541579 0.10645522388059718 0.09922174840085296
0 0.8903598081023455 0.8176545842217484 0.09146588486140747 0.08940298507462682
0 0.03396588486140726 0.8220469083155649 0.06793176972281452 0.09508528784648185
0 0.5966018123667376 0.9556716417910447 0.09364072494669519 0.08744136460554361
0 0.1552638592750533 0.6949227078891258 0.10748933901918967 0.0909541577825161
0 0.7402825159914713 0.9504024520255865 0.08619402985074609 0.0837153518123666
0 0.4454264392324095 0.6944056503198294 0.10386993603411526 0.09818230277185513
0 0.29840618336887 0.6907889125799574 0.1116204690831557 0.08577825159914716
0 0.4505010660980811 0.9504077825159916 0.09922174840085288 0.09811833688699348
