0 0.7154396551724139 0.7016896551724138 0.08733908045977028 0.07902298850574711
0 0.1490804597701149 0.819051724137931 0.08468965517241385 0.07911494252873567
0 0.15222126436781594 0.6811522988505747 0.08548850574712642 0.08317816091954015
0 0.28821264367816096 0.287801724137931 0.09316091954022983 0.08983333333333332
0 0.7079080459770113 0.20398850574712646 0.09193103448275873 0.08125287356321838
0 0.7095287356321839 0.32571839080459775 0.08198850574712632 0.07580459770114943
0 0.7174568965517242 0.4515603448275862 0.08435057471264382 0.08047701149425283
0 0.7196005747126437 0.829933908045977 0.08456896551724166 0.07486781609195407
0 0.5710574712643679 0.6920402298850574 0.08751724137931043 0.08856321839080462
0 0.4329252873563218 0.9366379310344828 0.09987356321839065 0.09649425287356307
0 0.43495402298850566 0.821580459770115 0.08174712643678177 0.07890804597701132
0 0.5687298850574714 0.19141379310344828 0.09217241379310344 0.08154022988505749
0 0.4309224137931035 0.691551724137931 0.09621264367816114 0.09850574712643684
0 0.5713936781609195 0.3111235632183908 0.0988793103448277 0.09891379310344824
0 0.14680172413793113 0.4242241379310345 0.0998218390804598 0.08318390804597695
0 0.4300833333333334 0.5685086206896551 0.09120114942528736 0.09654597701149423
0 0.575396551724138 0.945258620689655 0.09355172413793081 0.09614942528735632
0 0.5755689655172415 0.4354137931034482 0.09320689655172397 0.09618390804597694
0 0.5785833333333332 0.5679367816091955 0.09118965517241359 0.09780459770114949
0 0.15185057471264368 0.5526465517241379 0.10703448275862082 0.10344252873563205
0 0.4309482758620689 0.4362643678160919 0.11051724137931054 0.1101149425287356
0 0.5804339080459769 0.8304022988505747 0.09684482758620708 0.09183908045977007
0 0.2898649425287356 0.5473275862068966 0.09651149425287348 0.08982758620689657
0 0.2890344827586207 0.6804252873563218 0.09485057471264362 0.08983908045977006
0 0.42425287356321845 0.19390804597701147 0.09321839080459786 0.08551724137931033
0 0.2956925287356321 0.9482614942528736 0.10150000000000012 0.09646551724137914
0 0.42458908045977006 0.3017672413793104 0.10527011494252887 0.0958333333333334
0 0.29399137931034486 0.15635632183908046 0.09487931034482767 0.09820689655172414
0 0.28687356321839086 0.42155172413793107 0.09560919540229891 0.07956321839080466
0 0.7099511494252875 0.5856005747126437 0.0915000000000001 0.08651149425287363
0 0.2923706896551724 0.8218390804597702 0.08484482758620694 0.08318390804597704
0 0.1490804597701149 0.9485890804597699 0.08245977011494254 0.0796724137931034
0 0.14347413793103447 0.1671867816091954 0.09316666666666648 0.09149999999999998
0 0.1426436781609194 0.3044396551724138 0.09482758620689655 0.08651149425287355
0 0.718905172413793 0.9548850574712645 0.09150000000000001 0.08908045977011494
