0 0.9071264367816091 0.819051724137931 0.0846896551724137 0.07911494252873567
0 0.9102672413793101 0.6811522988505747 0.08548850574712649 0.08317816091954015
0 0.6028936781609194 0.1563735632183908 0.09150000000000001 0.08983908045977013
0 0.6176781609195402 0.2777758620689655 0.08834482758620678 0.08221839080459774
0 0.6144540229885058 0.5428132183908045 0.10188505747126424 0.09382183908045973
0 0.14824712643678165 0.3969798850574713 0.0985632183908046 0.09132758620689663
0 0.29927873563218393 0.39677586206896553 0.09648850574712634 0.09483908045977019
0 0.16157471264367823 0.27327873563218386 0.09857471264367818 0.0924080459770115
0 0.1503735632183908 0.5298563218390804 0.10810344827586216 0.11143678160919532
0 0.30094540229885053 0.26950574712643677 0.09648850574712665 0.08983908045977014
0 0.6044022988505747 0.6721637931034482 0.1065057471264369 0.09306321839080461
0 0.4514655172413793 0.27858333333333335 0.09382758620689646 0.09028160919540229
0 0.9048477011494255 0.4242241379310345 0.09982183908045995 0.08318390804597695
0 0.6012643678160919 0.7977298850574712 0.10195402298850584 0.09672413793103439
0 0.1478735632183908 0.9357758620689655 0.11977011494252879 0.12143678160919548
0 0.2893103448275863 0.9291379310344826 0.12310344827586193 0.11149425287356307
0 0.9098965517241379 0.5526465517241379 0.10703448275862097 0.10344252873563205
0 0.7484683908045977 0.8118591954022989 0.09981034482758629 0.10314367816091949
0 0.7609770114942528 0.6685057471264367 0.12517241379310357 0.1118390804597701
0 0.4553793103448277 0.5254425287356321 0.10165517241379324 0.10019540229885063
0 0.4505660919540229 0.4104137931034483 0.09239655172413802 0.08503448275862073
0 0.7584482758620689 0.4164655172413793 0.1109195402298851 0.09890804597701149
0 0.6068390804597702 0.4087816091954023 0.09701149425287375 0.09813793103448276
0 0.4600488505747126 0.15091666666666667 0.09986781609195405 0.0896609195402299
0 0.7504252873563217 0.30329310344827587 0.09740229885057469 0.09502298850574713
0 0.7550287356321839 0.17545689655172414 0.1068390804597698 0.09678735632183907
0 0.3026149425287357 0.6571264367816092 0.1198275862068966 0.12310344827586213
0 0.3017816091954022 0.5290229885057471 0.11149425287356322 0.10977011494252877
0 0.1470402298850575 0.8085344827586207 0.10810344827586216 0.1164942528735632
0 0.9071264367816091 0.9485890804597699 0.08245977011494245 0.0796724137931034
0 0.9015201149425288 0.1671867816091954 0.09316666666666656 0.09149999999999998
0 0.9006896551724136 0.3044396551724138 0.09482758620689662 0.08651149425287355
0 0.15453735632183915 0.14556034482758623 0.08651149425287355 0.07486781609195407
0 0.3075948275862068 0.1455603448275862 0.08651149425287373 0.07818965517241379
