0 0.7692589175891758 0.8182226322263223 0.11268757687576883 0.09837638376383775
0 0.10358241082410828 0.8113653136531365 0.09897293972939733 0.08943419434194345
0 0.4225584255842559 0.8185209102091021 0.0965928659286592 0.09062115621156208
0 0.5802583025830258 0.8292558425584255 0.09121771217712163 0.08466174661746621
1 0.16918819188191883 0.8016851168511685 0.19675276752767523 0.11590405904059041
1 0.16990467404674056 0.9334471094710947 0.19389298892988932 0.1318757687576877
1 0.32337023370233703 0.9359501845018452 0.18458794587945873 0.12686961869618685
0 0.944689421894219 0.8098769987699876 0.10939114391143902 0.1031488314883149
0 0.5822816728167282 0.967380073800738 0.10388683886838884 0.06400984009840091
0 0.42473862238622384 0.9579366543665437 0.11332718327183294 0.08289667896678965
0 0.9431980319803198 0.9602275522755228 0.11237392373923727 0.07831488314883135
0 0.7715928659286593 0.96179889298893 0.1116113161131611 0.0751722017220172
0 0.2621279212792128 0.9557472324723247 0.09959409594095943 0.08727552275522754
0 0.10372386223862239 0.9578936039360393 0.09701722017220174 0.0829827798277984
