0 0.7184635416666666 0.2773828125 0.0870963541666665 0.08028645833333328
0 0.7582259114583334 0.185966796875 0.07876953124999986 0.07801432291666663
0 0.8752408854166668 0.1715755208333333 0.08255208333333333 0.08104166666666668
1 0.9554361979166667 0.20611328125000003 0.08782552083333335 0.1954036458333334
0 0.9422721354166665 0.27511067708333337 0.09542968750000001 0.08937500000000005
1 0.7141634114583333 0.11295572916666669 0.1570507812499999 0.16032552083333348
1 0.81013671875 0.12931315104166669 0.15050781250000003 0.1668684895833333
0 0.48567382812500004 0.27018880208333335 0.10724609375 0.10634114583333347
0 0.8316927083333333 0.2751106770833333 0.08937499999999995 0.08179687500000007
1 0.9142936197916667 0.11022786458333328 0.14505859375000002 0.15923177083333326
1 0.5991015624999999 0.12004557291666666 0.1668619791666666 0.17667968749999993
0 0.5446484375 0.18180338541666666 0.09088541666666665 0.09391927083333346
0 0.6042838541666666 0.2715071614583333 0.09542968750000001 0.0946158854166668
0 0.6574934895833333 0.16286783854166673 0.08179687499999994 0.08331380208333339
