0 0.08441627751834554 0.8751934623082055 0.09312875250166801 0.09545697131420966
0 0.19306871247498336 0.8829553035356907 0.09623749166110726 0.09701134089392931
0 0.41547698465643756 0.8571747831887924 0.10024016010673764 0.09916611074049377
0 0.5440160106737825 0.8617545030020013 0.08892595063375593 0.09000667111407608
0 0.49039026017344906 0.7766044029352902 0.08838559039359585 0.08353569046030679
0 0.42059706470980646 0.714356237491661 0.08030020013342228 0.08623082054703121
0 0.5491327551701135 0.6968378919279521 0.0862308205470315 0.08245496997998673
0 0.6000633755837225 0.7779486324216144 0.08138092061374243 0.07760507004669775
0 0.6550366911274184 0.8733422281521014 0.09323549032688465 0.09593062041360907
0 0.7535990660440292 0.8582221480987325 0.09768512341561024 0.08907938625750496
0 0.8555837224816545 0.8477418278852568 0.09581054036024 0.09281521014009346
0 0.7081254169446298 0.7708305537024682 0.08683122081387583 0.08196797865243498
0 0.6587224816544361 0.6952301534356238 0.0770980653769181 0.07822548365577055
0 0.8144129419613076 0.7682121414276184 0.09132088058705796 0.08645763842561693
0 0.7579019346230821 0.6735223482321548 0.07635090060040041 0.07897264843228824
0 0.961157438292195 0.8608739159439626 0.07635090060040003 0.09450300200133442
0 0.9328085390260175 0.7683989326217477 0.08764509673115428 0.08608405603735812
0 0.8763909272848566 0.6817811874583055 0.10024016010673807 0.09571714476317542
0 0.42536691127418275 0.5234823215476986 0.09745830553702475 0.09296864576384258
0 0.5616744496330887 0.5232555036691128 0.09790527018011982 0.09881254169446285
0 0.6829352901934622 0.5187658438959307 0.10509673115410278 0.10240160106737826
0 0.7873582388258838 0.5203335557038026 0.11542361574382937 0.104643095396931
0 0.8949199466310874 0.5221314209472981 0.11228152101400973 0.10643762508338869
0 0.9630720480320212 0.42422615076717807 0.07252168112074724 0.08039359573048714
0 0.8589926617745164 0.4296130753835891 0.09251501000667134 0.08218812541694485
0 0.7516511007338225 0.4280420280186791 0.08802535023348883 0.07904603068712483
0 0.624996664442962 0.4343295530353568 0.08353569046030669 0.07814543028685807
0 0.4913875917278187 0.4376984656437624 0.09116744496330875 0.08488325550366933
0 0.4475983989326216 0.3406871247498332 0.09611741160773847 0.0902735156771179
0 0.5636924616410939 0.34136424282855227 0.09206804536357585 0.09611074049366226
0 0.6827118078719145 0.3406871247498331 0.09745830553702452 0.08668445630420282
0 0.8057705136757839 0.3411340893929287 0.08129419613075359 0.07679786524349556
0 0.9090760507004673 0.3532054703135423 0.08691794529686465 0.08614409606404276
0 0.9720113408939293 0.04200466977985325 0.05464309539693122 0.0840093395597065
0 0.5130587058038693 0.061047364909940026 0.0937758505670449 0.08989993328885922
0 0.854176117411608 0.062631754503002 0.08413609072715139 0.08414276184122756
0 0.7458472314876584 0.0690993995997331 0.0860773849232821 0.0867244829886591
0 0.628822548365577 0.08174116077384921 0.07567044696464337 0.08084056037358228
0 0.44474983322214817 0.17478318879252835 0.09623749166110722 0.09701134089392936
0 0.55922281521014 0.17284189459639765 0.09390927284856565 0.091581054036024
0 0.6799032688458971 0.16081387591727822 0.09468312208138738 0.09390260173448965
0 0.7928185456971314 0.15577051367578387 0.09080053368912597 0.08847231487658432
0 0.9057404936624415 0.15344229486324215 0.10088725817211441 0.10244162775183453
