0 0.508348308668076 0.4474207188160677 0.08625264270613112 0.08283298097251587
0 0.6548044397463002 0.44400369978858356 0.08795983086680764 0.08198202959830873
0 0.790375264270613 0.44934196617336153 0.09095137420718817 0.08326109936575055
0 0.37819503171247354 0.9514138477801267 0.09666490486257927 0.09077695560253686
0 0.3660227272727272 0.7053514799154335 0.09297568710359402 0.08854651162790689
0 0.3689746300211417 0.5850845665961945 0.09886892177589844 0.08559196617336132
0 0.3634434460887949 0.4504281183932347 0.09370507399577187 0.08485200845665959
0 0.21697674418604662 0.4607584566596195 0.08854122621564481 0.08337737843551797
0 0.22066860465116273 0.5887737843551797 0.10034355179704013 0.09739957716701893
0 0.22509513742071877 0.7038768498942918 0.10034883720930242 0.09149577167019021
0 0.2291516913319238 0.8318948202959832 0.10551268498942926 0.09370507399577159
0 0.7914429175475687 0.5610015856236786 0.08795983086680774 0.08454016913319226
0 0.07826374207188162 0.5884038054968288 0.09887420718816076 0.0892811839323465
0 0.07274048625792813 0.4570665961945031 0.10106236786469347 0.09371035940803392
1 0.37281183932346734 0.9159989429175476 0.10760042283298095 0.15125792811839314
0 0.5246617336152221 0.8433324524312897 0.09149048625792806 0.0826374207188163
0 0.5235544397463002 0.9536310782241015 0.08632663847780112 0.0892917547568707
0 0.5087975687103593 0.6950237843551796 0.07894820295983074 0.08411733615221993
0 0.804254756871036 0.812502642706131 0.10418604651162791 0.1024788583509513
0 0.6612103594080337 0.8114349894291754 0.09735729386892192 0.09010042283298088
0 0.7950739957716703 0.688245243128964 0.08668076109936579 0.08540169133192384
0 0.6565142706131079 0.689526955602537 0.0905232558139536 0.08796511627906989
0 0.5181686046511628 0.5787209302325581 0.09906448202959844 0.10205073995771663
0 0.6556580338266383 0.5616437632135307 0.09137949260042273 0.08668076109936579
