0 0.8294895968790638 0.16724967490247075 0.0845708712613783 0.08299089726918064
1 0.741056566970091 0.8004616384915475 0.1449739921976593 0.15569570871261382
0 0.6991352405721717 0.8451105331599479 0.08929778933680102 0.0853576072821849
1 0.8710630689206763 0.15780234070221072 0.14377763328998705 0.11436931079323803
0 0.4064239271781534 0.9641482444733419 0.0922756827048114 0.07040312093628087
0 0.5481176853055917 0.9621749024707412 0.08842002600780234 0.07434980494148223
0 0.842516254876463 0.0359297789336801 0.08352405721716522 0.0718595578673602
0 0.84657022106632 0.8343107932379714 0.09013654096228865 0.09202860858257479
0 0.23812743823146945 0.8623862158647595 0.07639791937581275 0.08018205461638495
0 0.6911963589076724 0.16029583875162545 0.08950585175552683 0.08509102730819251
1 0.8567197659297788 0.4692522756827048 0.14371261378413536 0.25660598179453825
0 0.8458159947984395 0.7049024707412223 0.10135890767230153 0.09227568270481144
0 0.5467847854356307 0.8555201560468141 0.09402470741222364 0.09927178153446062
0 0.8543888166449934 0.9640734720416123 0.0901430429128739 0.07055266579973986
0 0.6877893368010403 0.03902470741222366 0.08973992197659292 0.07804941482444731
0 0.7036898569570871 0.9615019505851755 0.09682054616384901 0.07569570871261383
0 0.970614434330299 0.835 0.05747074122236683 0.09076723016905094
1 0.7083972691807542 0.4765279583875163 0.15030559167750326 0.24964889466840054
1 0.3123602080624187 0.8170123537061118 0.19736020806241866 0.14639141742522743
