1 0.08160440293529021 0.1496097398265511 0.12294196130753833 0.16362241494329552
1 0.7637991994663109 0.87474649766511 0.10839893262174777 0.24917278185456979
1 0.685010006671114 0.8082755170113408 0.1184656437625083 0.25033355570380256
1 0.8392328218812541 0.8211274182788525 0.13187458305536998 0.267098065376918
1 0.5067611741160775 0.6439959973315543 0.1374583055370245 0.24585723815877256
1 0.49726150767178123 0.14891927951967981 0.12739826551034036 0.1743428952635091
0 0.13041694462975317 0.3097698465643763 0.09157438292194808 0.0908005336891262
0 0.06212141427618413 0.2007271514342895 0.0869246164109406 0.08381587725150108
0 0.053585723815877284 0.6660640426951301 0.09623082054703136 0.08458972648432263
0 0.14089392928619074 0.5822481654436291 0.09390260173448964 0.09080720480320209
0 0.11295196797865248 0.9155703802535025 0.08148765843895935 0.07915943962641742
0 0.6123615743829219 0.8282655103402268 0.08847231487658441 0.08304202801867928
0 0.6872515010006671 0.9016044029352904 0.08924616410940595 0.08691794529686447
0 0.7629186124082722 0.9663775850567046 0.09313542361574394 0.06591060707138097
0 0.8447931954636424 0.9144096064042696 0.10011340893929296 0.08458972648432263
0 0.4971114076050699 0.7331954636424284 0.10166777851901272 0.10244162775183453
0 0.48702468312208136 0.20119412941961312 0.10632421614409585 0.10632421614409598
0 0.4028218812541695 0.11155770513675785 0.0838158772515011 0.0776050700466979
