0 0.7825174216027874 0.10984901277584201 0.10813588850174227 0.10011614401858297
0 0.3060975609756097 0.22796167247386753 0.13693379790940777 0.1408246225319396
0 0.3148083623693379 0.08812427409988387 0.14761904761904746 0.1290940766550524
0 0.1621312427409988 0.1044976771196283 0.11891986062717769 0.10993612078977928
0 0.45978513356562134 0.10963995354239262 0.12212543554006985 0.11858304297328691
0 0.9326422764227642 0.2552526132404182 0.10314750290360065 0.0962311265969803
0 0.6092334494773519 0.10568815331010453 0.1140534262485483 0.11764808362369335
0 0.1573751451800233 0.2375435540069686 0.1217189314750291 0.13188153310104522
0 0.46341463414634143 0.23797909407665502 0.12288037166085974 0.12833914053426249
0 0.7786817653890825 0.24641405342624853 0.10545876887340287 0.10689314750290357
0 0.9241492450638793 0.11761033681765394 0.0961498257839724 0.09567363530778167
0 0.6155632984901278 0.23318815331010448 0.12590011614401872 0.12862950058072006
