0 0.29271213073538654 0.606891891891892 0.10236957888120674 0.09871150219987444
0 0.5870175989943432 0.8597674418604653 0.095053425518542 0.09627906976744165
0 0.43194217473287244 0.5980578252671276 0.09688246385920794 0.10175989943431804
1 0.4190069138906349 0.38041169076052805 0.17469516027655568 0.25620993086109367
1 0.4190069138906349 0.38041169076052805 0.17469516027655568 0.25620993086109367
0 0.4276807039597737 0.07829666876178501 0.10663733500942792 0.1017598994343181
1 0.05434318038969205 0.7441829038340665 0.1086863607793841 0.4048334380892521
0 0.4365147705845381 0.733940917661848 0.09505342551854186 0.09688246385920803
1 0.2799340037712131 0.3839220615964802 0.12117536140791949 0.25094908862350707
1 0.37548082966687624 0.07228472658705216 0.16654934003771207 0.11830923947203004
