1 0.9542216312056739 0.837627659574468 0.09084751773049635 0.31205673758865254
1 0.32625354609929075 0.8442996453900709 0.0954645390070922 0.30692553191489363
1 0.8653244680851063 0.5681790780141844 0.15745035460992926 0.13441489361702127
1 0.028758865248226916 0.5797375886524823 0.05751773049645383 0.13860992907801406
1 0.11228723404255311 0.5789911347517731 0.08478723404255314 0.13670567375886525
1 0.21035460992907803 0.5781418439716312 0.07822695035460986 0.13713475177304962
1 0.30994680851063827 0.5758581560283688 0.08854609929078029 0.14067375886524824
1 0.4049113475177305 0.5732216312056737 0.08599290780141848 0.13885460992907797
1 0.4974822695035462 0.5730851063829787 0.0981560283687944 0.13808510638297855
1 0.6080709219858157 0.5822890070921986 0.08493617021276594 0.11535815602836876
1 0.6855372340425533 0.5738546099290781 0.12240070921985821 0.12650354609929085
1 0.7733333333333334 0.5661666666666667 0.1395744680851066 0.14314893617021274
1 0.10179078014184395 0.8459237588652482 0.08726950354609925 0.2989397163120568
1 0.22058333333333333 0.8428563829787233 0.08494680851063836 0.30032269503546105
1 0.43265957446808506 0.8516276595744682 0.0862269503546099 0.27792198581560273
1 0.5356028368794327 0.8385549645390072 0.08106382978723406 0.31103191489361715
1 0.6406382978723405 0.8351648936170213 0.08453900709219858 0.31082624113475177
1 0.744095744680851 0.8371170212765957 0.09819148936170223 0.30281560283687925
1 0.8505673758865249 0.8351453900709219 0.09588652482269538 0.3149716312056736
