1 0.4617343173431734 0.8521463714637146 0.12284132841328428 0.24211562115621155
1 0.48022140221402204 0.15596248462484627 0.13055350553505551 0.1750615006150062
1 0.1384440344403445 0.5515375153751539 0.11590405904059044 0.2060270602706027
0 0.1323862238622386 0.1821186961869619 0.12580565805658053 0.10969864698646979
0 0.4807902829028289 0.19137146371463712 0.12579950799508002 0.12162361623616232
1 0.29886223862238626 0.6972601476014759 0.12650676506765088 0.22075645756457551
0 0.13033825338253388 0.7668542435424355 0.10314883148831477 0.10374538745387453
0 0.29760147601476017 0.7615067650676506 0.1120910209102092 0.114477244772448
0 0.30382226322263217 0.05390221402214021 0.12878843788437874 0.10780442804428042
0 0.3059594095940959 0.20501230012300115 0.1198400984009841 0.10731857318573185
0 0.3021894218942189 0.3555719557195573 0.11984009840098406 0.1132841328413286
0 0.1357349323493236 0.04807195571955717 0.12162976629766298 0.09614391143911434
1 0.632641451414514 0.8503659286592866 0.1335239852398521 0.25279827798277965
0 0.1309440344403444 0.6189852398523985 0.11507380073800719 0.11089790897908984
0 0.13040590405904057 0.3213714637146371 0.12222632226322248 0.12162361623616223
0 0.4674415744157443 0.933520910209102 0.11161131611316115 0.10817343173431725
0 0.6464514145141451 0.933520910209102 0.1176260762607627 0.1219126691266912
