0 0.8956816851960211 0.608458162668227 0.10588648332358094 0.10258045640725562
0 0.7545757753071972 0.48650087770626105 0.09691047396138106 0.08650672908133412
0 0.7536278525453481 0.612475131655939 0.09596255119953187 0.08792276184903446
1 0.7994411936805149 0.47093036863662957 0.1422644821533059 0.11844353423054414
0 0.20764189584552367 0.6176770040959626 0.0874546518431831 0.08414277355178452
0 0.35583674663545933 0.7382211819777648 0.09926857811585729 0.09359859566998227
0 0.4780368636629608 0.6214569923932124 0.09312463428905797 0.0794148624926858
0 0.48087185488589823 0.7394002340550029 0.08745465184318313 0.08461673493270931
0 0.6295435927442948 0.747203042715038 0.10115857226448212 0.09359859566998247
0 0.6217407840842599 0.6216939730836747 0.09785254534815688 0.08934464599180796
0 0.7661585722644823 0.7382211819777647 0.09548858981860738 0.09265067290813338
1 0.26834406085430074 0.5962317144528965 0.20713867758923343 0.12821533060269172
