0 0.6063124274099884 0.09983449477351913 0.10585365853658549 0.11301393728223004
0 0.31571138211382127 0.10597270615563299 0.11544134727061554 0.12505807200929162
0 0.9223983739837397 0.11351916376306616 0.09264808362369337 0.09219512195121952
0 0.9279732868757257 0.2587688734030198 0.09613240418118482 0.0891986062717771
0 0.3110452961672473 0.2402061556329849 0.12320557491289187 0.12632404181184684
0 0.7708478513356563 0.10868176538908245 0.10818815331010471 0.10011614401858296
0 0.46268873403019745 0.10206155632984901 0.1302555168408828 0.11968641114982571
0 0.462862950058072 0.23855981416957026 0.13106852497096416 0.12485481997677121
0 0.7757955865272939 0.2434901277584204 0.10894308943089423 0.09637630662020906
0 0.1598403019744484 0.23813298490127763 0.12177119628339145 0.12582462253193963
0 0.16333042973286882 0.10606562137049941 0.1176016260162603 0.12178281068524972
0 0.610917537746806 0.22793554006968644 0.11893147502903617 0.12043554006968647
