0 0.029400491400491367 0.4628083538083539 0.05880098280098273 0.08755282555282555
0 0.033152334152334116 0.23211547911547908 0.06630466830466823 0.0897739557739558
0 0.6403538083538083 0.803088452088452 0.08689926289926295 0.07831449631449641
1 0.5568501228501228 0.3954791154791155 0.2045307125307127 0.0857002457002457
0 0.7548304668304668 0.1712800982800983 0.09348402948402929 0.08377886977886978
0 0.030027027027027035 0.5747690417690418 0.06005405405405407 0.08751351351351361
1 0.562093366093366 0.49614250614250616 0.21104668304668306 0.0837837837837839
0 0.7607002457002456 0.3815233415233415 0.09727272727272715 0.08481572481572477
1 0.5583218673218674 0.5982800982800982 0.20483046683046674 0.08373464373464373
0 0.642081081081081 0.7021842751842753 0.08576412776412755 0.08231449631449635
0 0.6449336609336609 0.4746707616707617 0.09489926289926291 0.0834840294840296
0 0.754857493857494 0.4943685503685503 0.08399508599508615 0.08369533169533165
1 0.5615356265356265 0.7051597051597052 0.21058968058968072 0.0696805896805898
0 0.6386511056511055 0.3706216216216216 0.09262407862407844 0.08804422604422606
0 0.7585085995085996 0.8163734643734644 0.07823587223587225 0.07942014742014754
1 0.5589999999999999 0.7968869778869778 0.20750368550368548 0.08124324324324324
1 0.5663415233415232 0.905945945945946 0.21689926289926278 0.08245700245700242
0 0.0343882063882064 0.9096216216216215 0.0687764127764128 0.09941031941031958
0 0.6427223587223587 0.9132285012285013 0.10048157248157277 0.08824570024570004
0 0.6409336609336609 0.26743980343980345 0.09719901719901704 0.09204914004914004
0 0.762235872235872 0.7096167076167076 0.09115479115479115 0.0822899262899263
0 0.6377936117936117 0.16024815724815725 0.09205896805896803 0.08232432432432431
0 0.029796068796068793 0.7954717444717446 0.059592137592137585 0.0888304668304668
0 0.6397911547911548 0.5918525798525799 0.08690417690417652 0.08459950859950863
0 0.027695331695331647 0.3538157248157248 0.05539066339066329 0.08881081081081081
0 0.02792628992628989 0.1326068796068796 0.05585257985257978 0.0821867321867322
0 0.764110565110565 0.6002678132678132 0.09752825552825561 0.0898820638820639
1 0.5578574938574938 0.2899017199017199 0.20654545454545467 0.09233415233415236
0 0.7559336609336608 0.2802088452088452 0.09127764127764125 0.08538083538083541
0 0.7672506142506142 0.9220270270270269 0.10334643734643749 0.0896560196560197
0 0.030508599508599528 0.6841597051597051 0.061017199017199056 0.08770024570024572
