0 0.35195460277427476 0.905264817150063 0.0889029003783102 0.09242118537200496
1 0.4296279949558639 0.09647225725094577 0.16707440100882723 0.11868221941992421
0 0.4908543505674653 0.7602143757881463 0.09535308953341741 0.09718789407314002
0 0.6418316519546028 0.8864375788146281 0.09535308953341778 0.09658259773013851
1 0.3337799495586381 0.40909205548549804 0.12155737704918028 0.25174022698612847
1 0.03294451450189155 0.7562452711223203 0.0658890290037831 0.36880832282471615
0 0.7920586380832282 0.7688303909205548 0.09946406052963434 0.09946406052963434
0 0.3465983606557376 0.632764817150063 0.10269230769230765 0.09902269861286273
1 0.47329129886506943 0.4055706179066836 0.17524590163934436 0.25701765447667096
1 0.12878310214375788 0.7229602774274906 0.1171122320302647 0.3997667087011351
0 0.48626733921815896 0.6239029003783102 0.09718789407313984 0.10208070617906684
0 0.4819924337957125 0.10250315258511976 0.10697351828499367 0.1020807061790669
1 0.7316740226986128 0.7334489281210592 0.18748423707440073 0.13203026481714986
1 0.47329129886506943 0.4055706179066836 0.17524590163934436 0.25701765447667096
