0 0.6728451531682753 0.4727339488040286 0.18585816198069657 0.1652077213596307
0 0.47787872429710454 0.46848300461603015 0.17492656315568614 0.1712840956777171
0 0.2962715065044062 0.464232060428032 0.14941250524548882 0.16520772135963072
0 0.12134704154427194 0.46909148132605966 0.13969785984053718 0.14577003776751993
0 0.12438522870331514 0.3002391942929081 0.15791859001258918 0.1530591691145615
0 0.3072052035249685 0.30145404951741506 0.1494167016365926 0.15062945866554758
0 0.6770981955518254 0.1496118338229123 0.17735207721359628 0.16034830046160295
0 0.862956357532522 0.1490033571128829 0.1676332354175408 0.163990767939572
0 0.6899328577423416 0.03105958875367184 0.1108015107007974 0.06211917750734368
1 0.6910071338648763 0.8309085186739404 0.20541334452370966 0.3373436844313889
1 0.18020142677297524 0.8254427192614351 0.281947125472094 0.34827528325639956
1 0.08770457406630298 0.8211917750734369 0.17540914813260597 0.35677717163239603
