1 0.035242982823627984 0.7045412651864266 0.07048596564725597 0.17447842480100553
1 0.19647046501885218 0.6950397989107667 0.13597402597402602 0.16619187264348553
1 0.28663175534143265 0.6909007121910348 0.138902387934646 0.17253456221198155
1 0.37216589861751154 0.6848051948051949 0.14620863007959786 0.16619187264348553
1 0.45452869710934235 0.6894260578131546 0.14523669878508602 0.15009635525764545
1 0.5329953917050692 0.6774926686217008 0.15498114788437367 0.16229157938835356
1 0.60853581901969 0.6750565563468789 0.16375785504817758 0.1583912861332216
1 0.683590280687055 0.6701843317972349 0.1627817343946378 0.15449518223711772
1 0.8332111436950146 0.9019773774612484 0.0766108085462927 0.19520737327188928
1 0.769757017176372 0.9046103896103895 0.09123586091328044 0.18994134897360707
1 0.6457708420611648 0.9104587348135734 0.0853833263510683 0.17824465856723917
1 0.5542438206954335 0.908118977796397 0.08831168831168842 0.1829241726015919
1 0.42616254713028906 0.9066568914956011 0.0824884792626726 0.18584834520318386
1 0.3439945538332635 0.9092878089652283 0.07368663594470044 0.18058651026392955
