0 0.4645180023228802 0.6758739837398375 0.08861788617886168 0.086335656213705
0 0.9205574912891985 0.3076219512195122 0.09581881533101055 0.0874157955865273
0 0.6063124274099884 0.9389750290360046 0.10585365853658549 0.11301393728223012
0 0.4760133565621371 0.15305458768873403 0.1018408826945412 0.09873403019744482
0 0.6105400696864111 0.8102555168408827 0.11225319396051117 0.10703832752613249
0 0.3126132404181184 0.8118844367015099 0.11260162601626017 0.11842624854819979
0 0.4683217189314751 0.8071486643437863 0.09703832752613237 0.0922299651567944
0 0.6074738675958188 0.6813850174216027 0.10932636469221815 0.10365272938443675
0 0.6219947735191638 0.5449970963995354 0.11930894308943112 0.11345528455284565
0 0.6165040650406505 0.42621080139372824 0.10243902439024385 0.10321138211382108
0 0.626991869918699 0.287691637630662 0.11844367015098727 0.11574332171893147
0 0.16952961672473874 0.14182636469221835 0.1096051103368178 0.10949477351916376
0 0.6214053426248549 0.1597444831591173 0.1123112659698025 0.11065040650406505
0 0.31571138211382127 0.9410017421602787 0.11544134727061554 0.11683507549361194
0 0.9213966318234611 0.17243612078977932 0.09414053426248539 0.09245644599303134
0 0.16378919860627175 0.3871486643437863 0.1112020905923345 0.09933797909407668
0 0.9247590011614403 0.4251567944250871 0.10086527293844377 0.08405342624854821
0 0.15762485481997673 0.6816666666666665 0.1072473867595819 0.10104529616724736
0 0.9331416957026714 0.5534291521486644 0.10159117305458777 0.09453542392566791
0 0.9278977932636469 0.6859349593495935 0.08638792102206706 0.08405342624854821
0 0.9194773519163764 0.822938443670151 0.1007433217189315 0.09628339140534271
0 0.9223983739837397 0.9526596980255517 0.09264808362369337 0.09219512195121962
0 0.7750725900116144 0.16653019744483158 0.10444250871080132 0.10657955865272935
0 0.7754442508710802 0.29721835075493613 0.10602206736353056 0.10790940766550526
0 0.7784146341463414 0.4235133565621371 0.10774680603948891 0.10544715447154478
0 0.7804297328687572 0.67862950058072 0.11649245063879206 0.10557491289198608
0 0.03392276422764225 0.25797909407665504 0.0678455284552845 0.10692218350754933
0 0.03559814169570265 0.1300871080139373 0.0711962833914053 0.11206736353077816
0 0.7708478513356563 0.9478222996515678 0.10818815331010471 0.10011614401858294
0 0.46268873403019745 0.9403890824622533 0.1302555168408828 0.11806039488966316
0 0.31718350754936125 0.15001451800232288 0.09557491289198601 0.08487224157955865
0 0.3159088269454124 0.2724680603948897 0.09476771196283396 0.09106852497096399
0 0.03524970963995357 0.3894308943089431 0.07049941927990715 0.11312427409988379
0 0.3201509872241581 0.3924506387921022 0.10859465737514518 0.10685249709639959
0 0.16448315911730546 0.5258042973286875 0.10492450638792092 0.10286295005807199
0 0.32114982578397216 0.5367915214866436 0.10557491289198617 0.10484901277584208
0 0.16333042973286882 0.9418670150987223 0.1176016260162603 0.11510452961672482
0 0.3108391405342624 0.6830371660859464 0.10934378629500573 0.11285714285714281
0 0.1604761904761905 0.8147270615563299 0.10957026713124277 0.12773519163763072
0 0.4677497096399536 0.5392131242740998 0.10170150987224158 0.10101626016260165
0 0.4673344947735192 0.41227351916376304 0.09715447154471557 0.09508130081300799
0 0.16788327526132407 0.2744018583042973 0.10894889663182356 0.10624854819976773
0 0.4689605110336817 0.2849883855981417 0.10178861788617899 0.09824622531939606
