0 0.2142303433001108 0.578624953857512 0.12288667404946478 0.11220007382798074
1 0.9029254337393873 0.7234182355112587 0.1859320782576596 0.10258397932816536
0 0.9168604651162789 0.12467700258397933 0.07730158730158739 0.0742045035068291
0 0.6598246585455888 0.7314322628276116 0.09510151347360658 0.08868955334071611
0 0.5161018826135105 0.7276928755998524 0.0961683277962347 0.08548541897379112
0 0.5123624953857512 0.07532853451458102 0.0972388335179031 0.09082687338501291
0 0.5139645625692137 0.2051605758582503 0.09830933923957169 0.09403469915097822
0 0.37504983388704316 0.19447582133628644 0.10471760797342178 0.0918973791066814
0 0.3745164267257291 0.06838316722037653 0.09937615356220013 0.08976005906238464
0 0.0672997416020672 0.05235326688815061 0.10044665928386846 0.1004466592838686
0 0.22545035068290886 0.05502583979328165 0.09830564784053157 0.08655223329641934
0 0.22277962347729796 0.18432262827611665 0.10151347360649685 0.09083056478405316
0 0.2158324104835732 0.325906238464378 0.10044296788482829 0.08976005906238471
0 0.21956995201181248 0.45199704688076775 0.10579180509413075 0.09190107050572165
0 0.21102436323366566 0.7191435954226651 0.12929863418235513 0.11326688815060913
1 0.8959800664451828 0.6101495016611296 0.1827242524916944 0.08334809892949424
0 0.059822812846068635 0.45520487264673304 0.09403469915097813 0.08976005906238466
0 0.06569767441860462 0.325374677002584 0.090826873385013 0.08441491325212254
0 0.3697065337763013 0.735171650055371 0.09617201919527503 0.08762643041712802
0 0.3691731266149871 0.5930527870062754 0.09723883351790334 0.08976005906238471
0 0.5155684754521963 0.5999981543004799 0.0972425249169434 0.08869324473975632
0 0.7800406053894426 0.4829900332225914 0.0940346991509781 0.08976005906238471
0 0.9088021410114433 0.4824547803617572 0.09296788482834971 0.08228128460686612
0 0.9280361757105945 0.3526208933185677 0.08228128460686585 0.08548541897379103
0 0.7832447397563677 0.35743078626799557 0.09403469915097828 0.0908305647840531
0 0.7832465854558879 0.23240863787375415 0.0918973791066814 0.08655223329641935
0 0.7730933923957181 0.12074197120708748 0.08655592469545971 0.08121077888519748
0 0.6496733111849391 0.2211886304909561 0.09617201919527518 0.08976005906238464
0 0.6400553709856036 0.09883720930232559 0.09403469915097838 0.0929641934293097
