0 0.14907222222222233 0.3702972222222223 0.0950111111111111 0.10017222222222222
1 0.6842388888888887 0.6774833333333333 0.1913777777777779 0.20747777777777776
1 0.11954166666666677 0.6828333333333333 0.13680555555555554 0.19916666666666663
0 0.29093333333333327 0.6129833333333334 0.08918888888888886 0.09823333333333342
0 0.14764999999999998 0.2310861111111111 0.08983333333333322 0.08724999999999998
0 0.3019222222222222 0.3547861111111111 0.09435555555555562 0.09371666666666673
0 0.45163611111111107 0.0967722222222222 0.0920944444444444 0.09263333333333335
0 0.3040638888888889 0.0927333333333333 0.09532777777777783 0.09317777777777779
0 0.4609111111111111 0.23715833333333336 0.1047000000000001 0.09500555555555555
0 0.2912583333333334 0.738688888888889 0.09241666666666658 0.10017777777777793
0 0.29804444444444445 0.22229722222222223 0.08531111111111138 0.09112777777777792
0 0.1439 0.4898638888888889 0.09242222222222204 0.10017222222222222
0 0.13970000000000002 0.8705333333333334 0.1034111111111113 0.10922222222222236
0 0.44766111111111107 0.35931388888888893 0.09371111111111126 0.09888333333333349
0 0.43700000000000006 0.7322249999999999 0.085311111111111 0.08596111111111118
0 0.1426083333333333 0.7425666666666667 0.0937166666666667 0.09242222222222234
0 0.6187833333333334 0.21825277777777777 0.1005111111111114 0.09381666666666659
0 0.15379722222222225 0.1016194444444445 0.09748333333333348 0.0883277777777778
0 0.7534722222222222 0.7509694444444445 0.11525555555555515 0.10587222222222231
