0 0.3881811224489795 0.791515306122449 0.10090306122448983 0.1033775510204082
0 0.24473724489795912 0.7878061224489796 0.09793367346938767 0.10287755102040834
0 0.24276020408163274 0.6611836734693878 0.10683673469387762 0.08210204081632645
0 0.5281760204081632 0.9147142857142855 0.08962755102040819 0.08369387755102035
0 0.6713469387755102 0.6594515306122449 0.08656122448979596 0.08457653061224478
0 0.3834795918367348 0.6646454081632652 0.09941836734693889 0.09397448979591844
0 0.3883367346938776 0.9107959183673472 0.09496938775510194 0.09615306122448973
0 0.10575255102040815 0.6651403061224489 0.1028826530612244 0.0870561224489797
0 0.9448698979591835 0.7863214285714285 0.08457653061224478 0.08507142857142862
0 0.6656989795918369 0.909670918367347 0.08249999999999985 0.08012755102040807
0 0.9488392857142859 0.668344387755102 0.08455612244897974 0.08657653061224498
0 0.9524005102040816 0.9152474489795919 0.09417857142857163 0.08725000000000001
0 0.8093443877551022 0.7826122448979591 0.08754591836734714 0.08557142857142858
0 0.1077321428571429 0.7878061224489796 0.10189285714285727 0.09496938775510214
0 0.671344387755102 0.7907729591836736 0.08952551020408173 0.08111734693877547
0 0.8147882653061225 0.6619260204081633 0.09051530612244893 0.08952551020408145
0 0.5256811224489797 0.663658163265306 0.09595408163265293 0.09101020408163277
0 0.5279081632653062 0.7910229591836735 0.09446938775510218 0.09249489795918371
0 0.8038163265306121 0.9015994897959184 0.07834693877551037 0.08368877551020422
