0 0.7124338282763073 0.2666623628147192 0.08636539703034202 0.07961265332472556
1 0.6577792123950936 0.20224983860555204 0.1790574564234989 0.1783666881859264
1 0.5551420271142673 0.1997482246610717 0.19032278889606202 0.17336346029696578
0 0.48159780503550675 0.25952872821174955 0.10634602969657847 0.10544867656552628
0 0.8247127178825048 0.26440929632020665 0.08862491930277597 0.08111039380245327
0 0.9343641058747579 0.26440929632020665 0.09462879276952868 0.08862491930277601
0 0.5992123950936088 0.2608360232408005 0.09462879276952878 0.0938218205293739
1 0.7653453841187862 0.20620723047127185 0.15629438347320834 0.1817495158166559
1 0.9548063266623629 0.19569076823757267 0.08909619109102651 0.20278244028405434
1 0.8614783731439639 0.20282763072950297 0.1397675919948353 0.17499031633311815
