1 0.3686220621683093 0.41832259287338897 0.09613722517058382 0.13626611068991665
1 0.9510633055344959 0.6948862774829415 0.0971152388172856 0.3335860500379076
1 0.7368100833965125 0.7058586050037907 0.09217968157695224 0.3006709628506443
1 0.8459931766489764 0.6948862774829415 0.10424564063684615 0.33139499620924934
1 0.16038665655799847 0.41512130401819564 0.07779378316906757 0.1513495072024261
1 0.3686220621683093 0.41832259287338897 0.09613722517058382 0.13626611068991665
1 0.6698957543593631 0.407951099317665 0.14295299469294917 0.14515921152388175
1 0.7621209249431388 0.404696739954511 0.1543479909021989 0.15302501895375284
1 0.2639310083396513 0.41505686125852914 0.0904018195602728 0.15037907505686135
1 0.8560329795299468 0.40684799090219864 0.1683131159969675 0.14368840030326
1 0.5675568612585292 0.41214935557240334 0.11774450341167556 0.14288097043214557
1 0.4694257012888552 0.4136827141774071 0.10547005307050797 0.14442380591357082
1 0.05685367702805156 0.4221114480667172 0.07901440485216057 0.13872630780894613
