0 0.4029994614970382 0.5283252557889068 0.08645126548196011 0.08044157242864836
0 0.848866451265482 0.4003769520732365 0.08570274636510508 0.08569736133548735
1 0.7244507269789985 0.35733710285406567 0.12478729133010241 0.16395799676898226
0 0.549168012924071 0.538850296176629 0.08457189014539573 0.0833225632740979
1 0.5938718362950997 0.35635433494884217 0.13982767905223478 0.16598815293484107
0 0.5349353796445881 0.14883952611739362 0.08119009154550343 0.07442649434571894
0 0.7229617662897146 0.8907592891760904 0.08660204631125464 0.08299407646742046
0 0.7050080775444265 0.3921674744211092 0.09742595584275716 0.09743134087237476
1 0.4449488422186322 0.3636537425955842 0.162380183091007 0.1549326871297791
0 0.11873182552504039 0.6558535271943996 0.09652665589660742 0.09111470113085621
0 0.862924071082391 0.7630236941303178 0.09096392030156163 0.08119009154550343
0 0.4034194938072159 0.40233441033925693 0.09919224555735066 0.08561658589122242
0 0.2730802369413032 0.7872886375875069 0.09833064081852445 0.09562197092084013
0 0.5547845988152935 0.38885837372105536 0.09197092084006467 0.09665051157781368
0 0.5710177705977383 0.7716693591814755 0.09246095853527196 0.08569736133548726
0 0.7156246634356489 0.6452019386106624 0.08441033925686597 0.08444803446418962
1 0.5773694130317717 0.11110123855681202 0.1376467420570813 0.13080775444264947
0 0.13597469036079698 0.9006677436725901 0.08419493807215937 0.07893376413570265
0 0.4296876682821756 0.8921136241249328 0.08389876144318795 0.07577275175013466
0 0.865479267635972 0.9007431340872373 0.08870759289176103 0.0834464189553042
0 0.10696015078082931 0.406693591814755 0.08870759289176092 0.0826925148088315
0 0.715032310177706 0.7646903607969844 0.07778675282714058 0.07413031771674766
1 0.1713947226709747 0.36526655896607424 0.17980613893376413 0.14397415185783521
0 0.38428109854604203 0.027234787291330127 0.09271943995691984 0.05446957458266025
1 0.18767635971997845 0.5805142703284869 0.19329563812600972 0.20904146472805607
0 0.5674098007539041 0.6342487883683361 0.09396876682821767 0.08645126548196015
0 0.2478486806677437 0.2671217016693592 0.10023155627355955 0.08248249865374263
0 0.2585487345180399 0.6510500807754444 0.07642972536348953 0.07517501346257427
0 0.5841733979536887 0.8814243403338718 0.09021001615508882 0.09397415185783502
0 0.0794857296715132 0.0309773828756058 0.09240172320947768 0.0619547657512116
0 0.8540549273021003 0.65702746365105 0.07968766828217555 0.07592891760904688
0 0.8580236941303178 0.5139499192245558 0.10493268712977913 0.10858912224017231
1 0.859728056004308 0.3511389337641357 0.09705438879913836 0.16012385568120607
0 0.7015212708669898 0.5324582660204632 0.08419493807215947 0.08043618739903072
0 0.4316343564889607 0.760638126009693 0.09197092084006457 0.07949919224555742
1 0.30572159396876686 0.23745826602046313 0.1754065697361336 0.1284221863220248
0 0.422380183091007 0.6470140010770059 0.09562735595045767 0.09291868605277342
