0 0.6233245660178852 0.08673066806943713 0.10863755917937916 0.09691215149921095
1 0.4209626512361915 0.08403471856917412 0.18784850078905868 0.08001052077853756
0 0.737101525512888 0.20519989479221468 0.08375591793792751 0.08502367175170972
0 0.7623724355602315 0.32639137296159915 0.12838506049447682 0.11483429773803265
0 0.48763808521830615 0.07585744345081537 0.11004734350341917 0.10184639663335081
1 0.422225144660705 0.3168595476065229 0.1865860073645448 0.09736980536559715
1 0.42133087848500794 0.19137296159915837 0.1897422409258287 0.09037348763808517
0 0.4914176749079432 0.31445291951604426 0.11392425039452903 0.09953182535507626
0 0.49138611257233034 0.19031299316149403 0.11138874276696467 0.09351394003156234
0 0.7413019463440292 0.09571541294055762 0.09677538137822202 0.08789584429247758
0 0.6238479747501313 0.31084955286691224 0.10517096265123609 0.09807995791688585
0 0.6182272488164124 0.1905602314571278 0.10252498684902661 0.09221988427143617
