0 0.23120171673819745 0.2835591661557327 0.0891600245248313 0.08261802575107294
0 0.23169527896995715 0.1552881667688535 0.09229307173513177 0.07987124463519314
0 0.7100153280196198 0.16682403433476392 0.09761496014714896 0.09584304107909257
0 0.725787860208461 0.2963396689147762 0.0942489270386265 0.08771305947271613
0 0.7097823421213979 0.4432127529123237 0.09461066830165539 0.09047210300429184
0 0.39054567749846725 0.5599509503372164 0.0905211526670757 0.07986511342734522
0 0.7223482526057634 0.57908951563458 0.10869405272838739 0.10009196811771912
0 0.8753709380748007 0.30048436541998774 0.10568976088289421 0.11206621704475782
0 0.06437768240343349 0.7019313304721031 0.12875536480686697 0.1188841201716738
0 0.711833231146536 0.8545984058859596 0.11587982832618023 0.11030042918454937
0 0.8670754138565299 0.8625597792765174 0.12066217044757796 0.11714898835070511
0 0.07195892090741877 0.1366400980993256 0.10648068669527903 0.09226241569589211
0 0.874190680564071 0.43807173513182096 0.10769466584917231 0.1072900061312078
0 0.8733537706928264 0.703408951563458 0.11931330472103008 0.12109135499693442
0 0.552820355610055 0.4280809319435929 0.109196811771919 0.10668301655426124
0 0.05582464745554872 0.833077866339669 0.11164929491109744 0.11753525444512562
0 0.06839362354383818 0.27418761496014715 0.11361128142244019 0.10827713059472717
0 0.22280809319435937 0.8474862047823422 0.13844267320662185 0.1331085223789087
0 0.05836909871244631 0.5513182096873084 0.10803188228080933 0.11158798283261802
0 0.38166768853464134 0.7054874310239116 0.11538933169834438 0.1188841201716738
0 0.06980380134886566 0.41361128142244025 0.12783568362967504 0.12814224402207236
0 0.2236971183323116 0.9629061925199265 0.13666462293071743 0.07296137339055782
0 0.7142918454935622 0.7250705088902514 0.1082893930104233 0.10105456774984667
0 0.5508736971183325 0.5649877375843041 0.10491109748620484 0.09803188228080943
0 0.39320662170447573 0.4161894543225016 0.08874310239117121 0.08697118332311471
0 0.3905456774984672 0.2839638258736971 0.09762109135499705 0.08873697118332312
0 0.3949816063764561 0.15528816676885343 0.09229307173513206 0.08341508277130594
0 0.5484671980380135 0.2972011036174126 0.10009809932556707 0.09631514408338442
0 0.562050889025138 0.16098712446351932 0.09768853464132429 0.09562231759656652
0 0.874095646842428 0.17210913549969342 0.08559166155732674 0.07310852237890864
0 0.22637032495401596 0.5643868792152054 0.09228694052728387 0.0851931330472104
0 0.23120171673819745 0.4155119558553034 0.09272838749233604 0.08143470263641943
