0 0.3228066588785046 0.27297897196261683 0.0968983644859815 0.0894392523364486
0 0.04173481308411218 0.3889602803738318 0.08346962616822436 0.11530373831775695
0 0.16985981308411213 0.6616617990654206 0.14275700934579447 0.13080023364485976
0 0.6291092289719625 0.15893107476635515 0.09299649532710272 0.09130841121495327
0 0.9326197429906542 0.16992114485981308 0.09469042056074753 0.09299649532710277
0 0.17172897196261688 0.9351051401869158 0.13528037383177577 0.12862149532710296
0 0.32015771028037376 0.6795706775700935 0.09417056074766346 0.09319509345794386
0 0.9360017523364487 0.43116238317757005 0.10145443925233659 0.08454439252336449
0 0.31723130841121483 0.8190741822429907 0.10677570093457955 0.10285630841121489
0 0.1666617990654205 0.7987441588785046 0.13884929906542043 0.133177570093458
0 0.31732476635514023 0.9497429906542059 0.10357476635514029 0.09934579439252327
0 0.32533002336448597 0.3989427570093458 0.09432827102803755 0.09557242990654213
0 0.04173481308411218 0.5184579439252337 0.08346962616822436 0.12663551401869155
0 0.3222955607476636 0.5344304906542057 0.09702102803738336 0.0956483644859813
0 0.7772692757009347 0.17179030373831775 0.09921144859813091 0.08937500000000001
0 0.7854848130841121 0.2979556074766355 0.11606308411214938 0.10724299065420564
0 0.17226635514018696 0.5371933411214953 0.11142523364485994 0.10172313084112158
0 0.1749007009345794 0.39829731308411215 0.10985981308411198 0.10205023364485982
0 0.1773452102803739 0.15429030373831779 0.10360397196261689 0.09465537383177572
0 0.17538843457943917 0.2711331775700934 0.10155957943925226 0.10021028037383181
0 0.47386098130841114 0.7960864485981308 0.1474883177570093 0.13411214953271025
0 0.48375 0.15386974299065423 0.1097196261682241 0.1057535046728972
0 0.47716121495327113 0.2850963785046729 0.09536214953271042 0.09175817757009344
0 0.47718165887850467 0.4094947429906542 0.11360397196261675 0.10243574766355139
0 0.48093457943925233 0.5309053738317757 0.13813084112149535 0.11788551401869167
0 0.4769859813084113 0.6597546728971962 0.14392523364485985 0.13084112149532712
0 0.621571261682243 0.9455841121495329 0.11783878504672884 0.10766355140186915
0 0.32898072429906533 0.1479410046728972 0.08792640186915907 0.07946845794392522
0 0.777205023364486 0.4364807242990654 0.10569509345794409 0.09654789719626172
0 0.7721057242990654 0.6979702102803739 0.12335864485981309 0.12437500000000001
0 0.035140186915887835 0.26207359813084113 0.07028037383177567 0.09807242990654205
0 0.7704059579439252 0.8308703271028038 0.11476051401869189 0.09339953271028045
0 0.0461156542056075 0.13864485981308414 0.092231308411215 0.10483644859813085
0 0.7736098130841121 0.9489193925233647 0.128644859813084 0.10099299065420571
0 0.6238639018691589 0.8189164719626169 0.11326518691588804 0.11391939252336451
0 0.6310601635514018 0.6831191588785047 0.12111565420560778 0.10642523364485967
0 0.6295969626168225 0.547301401869159 0.1221612149532709 0.11789719626168227
0 0.6283878504672897 0.4173481308411215 0.1047897196261683 0.10186915887850474
0 0.6363084112149532 0.28866822429906547 0.10544392523364488 0.09626168224299063
0 0.9387383177570094 0.5617143691588785 0.11357476635514012 0.10519275700934574
0 0.9316413551401869 0.6943341121495328 0.10662383177570109 0.10221962616822439
0 0.9294626168224299 0.8293808411214952 0.1037850467289718 0.09602803738317751
0 0.9315245327102802 0.9615157710280373 0.09739485981308399 0.07580023364485985
0 0.9317757009345794 0.30941880841121494 0.09637850467289716 0.08792640186915883
0 0.4758177570093457 0.9340245327102804 0.1391355140186914 0.13078271028037397
0 0.041910046728971966 0.656892523364486 0.08382009345794393 0.1268691588785046
