1 0.655125247198418 0.06015491100856953 0.18680949241924852 0.12030982201713906
1 0.23822346736980882 0.6996769940672379 0.09649967040210936 0.2460382333553067
1 0.16697099538562943 0.6686849044166117 0.10224785761371133 0.17510217534607797
1 0.8380949241924851 0.37355965721819384 0.1959789057350033 0.217811470006592
1 0.7299901120632828 0.3645056031641397 0.19278180619644014 0.1943770599868161
1 0.615758075148319 0.3597132498352011 0.16881344759393543 0.18586025049439675
0 0.056090969017798385 0.4232234673698089 0.09330257086354646 0.09393539881344763
1 0.561704021094265 0.44997692814765994 0.17147659854976946 0.20769281476598564
1 0.4557251153592617 0.4558371786420567 0.1533750823994727 0.21620962425840465
1 0.10717534607778513 0.286753460777851 0.14112722478576148 0.1709492419248518
0 0.15354976928147657 0.3443111404087015 0.08742913645352676 0.08665787738958475
0 0.40470006591957813 0.5375642715886619 0.08205669083717868 0.07899143045484508
0 0.5063085036255768 0.5245286750164799 0.0996967699406726 0.09738958470665765
0 0.04988464073829925 0.5932696110744892 0.08926170072511556 0.09303889255108759
0 0.6167402768622281 0.518394858272907 0.09816084377060008 0.0897231377719184
0 0.7264007910349373 0.5249110085695452 0.09355306526038236 0.08589321028345424
0 0.6792386288727752 0.4236849044166118 0.09279499011206314 0.07822017139090302
0 0.8391298615688859 0.5310448253131179 0.09202373104812145 0.08895847066578785
0 0.8057712590639419 0.4317369808833224 0.09432432432432404 0.08052076466710617
0 0.9096802900461436 0.4512920237310481 0.0766842452208306 0.0720896506262361
0 0.9629466051417271 0.5195418589321029 0.07278839815425187 0.08895847066578766
0 0.04303230059327618 0.814789057350033 0.08606460118655236 0.08128543177323662
0 0.1504812129202373 0.8715359261700725 0.09202373104812123 0.08589321028345424
0 0.2609096901779828 0.7848780487804878 0.09509558338826615 0.08895187870797625
0 0.18727752142386284 0.726977587343441 0.07824653922214889 0.08052076466710617
0 0.13040540540540543 0.5044627554383652 0.08650626235992089 0.08291364535266958
1 0.391542518127884 0.4729268292682926 0.09276203032300585 0.2040738299274884
1 0.2521555702043507 0.2051779828609097 0.10672379696769918 0.20066578773895855
0 0.27491100856954515 0.2706229400131839 0.09968358602504966 0.10160184574818712
0 0.0664469347396178 0.06325642715886622 0.10214897824653926 0.09847066578773904
0 0.1895945945945946 0.18855965721819382 0.0889584706657879 0.08512195121951212
0 0.5288562953197099 0.18265655899802244 0.09279499011206323 0.09049439683586022
0 0.9519578114700066 0.0526664469347396 0.08441661173368444 0.08442320369149647
0 0.48323994726433755 0.07218852999340811 0.09266315095583406 0.08883322346736978
0 0.8203098220171393 0.07375411997363217 0.08313777191825959 0.08314436387607127
0 0.7132663150955834 0.0801450230718523 0.08505603164139741 0.08569545154911007
0 0.6481048121292023 0.170771259063942 0.09355965721819359 0.09278839815425177
0 0.5976301911667765 0.09263678312458798 0.07477257745550447 0.07988134475939343
0 0.8712623599208965 0.16348714568226763 0.09969017798286062 0.1012261041529334
0 0.4157415952537904 0.1845748187211602 0.09509558338826615 0.09586025049439686
0 0.7596802900461437 0.16578773895847068 0.08972313777191812 0.08742254449571515
1 0.0500065919578114 0.3610876730388927 0.1000131839156228 0.1921423862887278
1 0.1741265655899803 0.15053724456163478 0.10800263678312469 0.16423862887277524
0 0.211641397495056 0.4370929466051417 0.09969676994067227 0.09458141067897166
