1 0.8281803896920177 0.42030798240100564 0.13892520427404156 0.2480578252671275
0 0.9549371464487744 0.7738717787554997 0.08886863607793859 0.08774355751099948
0 0.8018573224387178 0.12836580766813324 0.08175361407919536 0.08022627278441223
0 0.8176398491514771 0.648108108108108 0.09798240100565676 0.08920175989943427
0 0.5298585795097424 0.9034003771213072 0.08547454431175354 0.08505342551854156
1 0.8420458830923948 0.11923318667504718 0.13898805782526702 0.11055939660590831
0 0.6758453802639849 0.7836455059710874 0.08632306725329979 0.08251414204902605
1 0.716370207416719 0.7404839723444375 0.14014456316781895 0.1505091137649277
1 0.9518604651162791 0.4172627278441231 0.09502199874292909 0.24806411062225003
1 0.9605436832181018 0.7401791326209931 0.0776555625392834 0.14868007542426157
