0 0.28643310082435 0.6034020291693089 0.10327837666455293 0.09958782498414717
0 0.4315123652504756 0.7315789473684211 0.09589727330374131 0.0977425491439442
0 0.4268991756499683 0.5944895370957515 0.09774254914394405 0.10266328471781865
0 0.2918199112238426 0.8774571972098922 0.08941027266962587 0.09294863665187059
1 0.36993658845909966 0.06404882688649334 0.16802790107799617 0.1193595434369054
1 0.6737064045656309 0.7046607482561825 0.18855421686746965 0.13278376664552916
1 0.2735415345592898 0.3784527584020291 0.12225110970196573 0.25317691819911203
1 0.06879201014584649 0.7009638554216867 0.11111604311984782 0.4018008877615726
0 0.4225998731769182 0.07011414077362076 0.10758402029169294 0.1026632847178187
1 0.413849080532657 0.37491122384273945 0.17624603677869377 0.25848446417247944
0 0.7344356372859859 0.7402441344324666 0.10003170577045017 0.10003170577045017
1 0.413849080532657 0.37491122384273945 0.17624603677869377 0.25848446417247944
0 0.5833512999365885 0.8585225110970197 0.09589727330374159 0.09713379835129976
