0 0.22391702257474067 0.19965527760829777 0.14215985356924954 0.13369737644905424
0 0.6949969493593655 0.05652837095790114 0.12544234289200726 0.11305674191580228
0 0.8614276998169615 0.20153142159853574 0.1302623550945698 0.13166564978645515
0 0.5364551555826724 0.1969798657718121 0.1345332519829164 0.12208663819402084
0 0.5275167785234899 0.05808419768151315 0.11989017693715678 0.1161683953630263
0 0.8635448444173275 0.06622330689444789 0.11930445393532647 0.11671751067724219
0 0.22037522879804755 0.0624161073825503 0.12946308724832217 0.1248322147651006
0 0.3781208053691275 0.2026082977425259 0.1288346552776085 0.1312080536912751
0 0.3793990237949968 0.06858450274557662 0.13101281269066498 0.12140329469188531
0 0.06262965222696765 0.05326418547895055 0.1252593044539353 0.1065283709579011
0 0.6956070774862722 0.19231238560097624 0.1406955460646735 0.1352043929225137
