1 0.5012229904926534 0.3375216076058773 0.1592653414001728 0.13103284356093342
1 0.6575950734658601 0.3284723422644771 0.17664217804667237 0.13465427830596377
1 0.029807692307692268 0.627824114088159 0.059615384615384535 0.352562662057044
1 0.43533491789109763 0.6104494382022473 0.09124027657735506 0.3149178910976664
1 0.4132649092480553 0.33426318063958516 0.158543647363872 0.14623595505617987
1 0.5287337942955921 0.599589455488332 0.094114088159032 0.31057044079516005
1 0.3444900605012965 0.6205855661192741 0.09194468452895431 0.3192610198789974
1 0.7774092480553155 0.5782346585998271 0.06877700950734668 0.29391961970613656
1 0.6221218668971478 0.5956071737251513 0.08687121866897148 0.3069533275713052
1 0.22467804667242872 0.6281871218668972 0.09556179775280887 0.3214304235090752
1 0.7289044943820224 0.3288353500432152 0.1947407087294728 0.13682368193604147
1 0.13309636992221258 0.6321694036300778 0.09918323249783914 0.33229040622299055
1 0.8501642178046672 0.5702700950734658 0.07818496110630956 0.2997104580812446
1 0.32494165946413145 0.3353522039757995 0.14985738980121002 0.1498573898012101
1 0.7075475367329299 0.5876447709593777 0.07963267070008631 0.3011581676750216
1 0.23806828003457223 0.3371607605877268 0.1455142610198789 0.1520311149524633
1 0.13925021607605872 0.33969317199654275 0.14044511668107168 0.15709593777009512
1 0.05623163353500427 0.3422277441659464 0.11246326707000855 0.1578176318063959
1 0.5855639585133968 0.32919619706136555 0.1614390665514262 0.13899740708729463
