0 0.17607853684776772 0.39028240989779456 0.0919956966110812 0.09699300699300692
0 0.4690398063474986 0.12543840774610002 0.08917159763313602 0.08969338353953739
0 0.3261511565357719 0.12152770306616457 0.0923023130715439 0.09022054868208716
0 0.18065357719203876 0.1301317912856375 0.09438945669714915 0.08552447552447555
0 0.03961269499731044 0.1303953738569123 0.07922538999462088 0.09752017213555673
0 0.0378187197417967 0.5041769768692846 0.0756374394835934 0.08948359332974716
0 0.16700376546530393 0.8746422807961268 0.10012910166756335 0.10575578267885963
1 0.03842119419042494 0.6970548682087143 0.07684238838084988 0.18841850457235074
0 0.16981979558902632 0.7507369553523401 0.0907423345884885 0.08948897256589579
0 0.3137520172135558 0.74698224852071 0.08948359332974712 0.0969983862291557
0 0.4548682087143626 0.7407235072619688 0.0826035502958579 0.08323292092522874
0 0.31343733189887024 0.6252662721893492 0.08635825712748786 0.09511565357719211
0 0.3240774610005379 0.37526358257127496 0.09136094674556221 0.0907423345884885
0 0.4651909628832705 0.3796476600322755 0.09073695535234015 0.09574502420656285
1 0.03843195266272186 0.46522592791823564 0.07686390532544372 0.1531952662721893
0 0.32032275416890804 0.24697955890263584 0.08260355029585824 0.08823561054330298
0 0.47802044109736413 0.2613690155997849 0.10137708445400762 0.09199031737493275
0 0.03847767616998385 0.26080688542227 0.0769553523399677 0.0882409897794513
0 0.1747014523937601 0.2554895104895105 0.08698224852070999 0.0844809037116729
1 0.1474852071005918 0.6928994082840236 0.13246369015599785 0.19284561592253904
0 0.7612963959117806 0.7588730500268962 0.11159763313609421 0.10251210328133416
0 0.6308821947283486 0.2430634749865519 0.09732114039806383 0.09083916083916078
0 0.0372942442173211 0.7603012372243142 0.0745884884346422 0.08693921463152234
0 0.04298278644432489 0.8833405056481979 0.08596557288864978 0.10513179128563752
0 0.1710704679935449 0.5060543302850995 0.08948897256589547 0.09699300699300697
1 0.6942603550295857 0.6877192038730499 0.18530392684238847 0.20089295320064543
