0 0.41498321208729705 0.2746446558477896 0.10756015668718519 0.11127028539451599
0 0.26801063234471184 0.5140850587576944 0.1052434247341912 0.09550083939563514
0 0.4194404029099048 0.8954840514829323 0.13895914941242293 0.12650251818690547
0 0.42075545607162834 0.7655232232792389 0.1391270285394515 0.12847229994404022
0 0.12093452714045883 0.9014689423614998 0.11987688864017897 0.11500279798545048
0 0.5549804141018467 0.907064913262451 0.11645215444879706 0.10976496922216022
0 0.41658086177951875 0.39689143816452155 0.09668718522663698 0.09922216004476776
0 0.717641298265249 0.2788919977616116 0.11054840514829305 0.10182428651371019
0 0.5627923894795748 0.4018746502518187 0.09838836038052581 0.0968662562954673
0 0.7194963626189144 0.5235842193620592 0.1086625629546725 0.11236149972020143
0 0.8602014549524343 0.6485394515948517 0.11373251259093471 0.1186793508673754
0 0.5658337996642417 0.15189423614997205 0.10607162842753226 0.10629546726357024
0 0.8558505875769448 0.5254029099048685 0.11180190263010643 0.10922775601566885
0 0.12222719641857868 0.3813066592053721 0.11705651930609977 0.11539451594851706
0 0.27302742025741455 0.1415416899832121 0.10945719082260764 0.09609960828203694
0 0.8498041410184666 0.9153441522104085 0.1036373810856182 0.09790710688304403
0 0.4052098489087857 0.644876888640179 0.10425293788472303 0.09753217683268037
0 0.1220201454952434 0.255400111919418 0.11717963066592056 0.11837716843872408
0 0.8490458869613878 0.7914773363178511 0.09675993284834913 0.09662003357582542
0 0.7178847229994404 0.4058282036933408 0.11745942921096816 0.10777280358142143
0 0.7133100167879126 0.15519865696698376 0.10033016228315604 0.09988808058198095
0 0.26764409625069957 0.2604840514829323 0.11245663122551763 0.10320649132624513
0 0.41947397873531067 0.1521964185786234 0.1023503077783996 0.10387800783435926
0 0.5518970341354225 0.7845467263570229 0.11050923335198656 0.10018466703973136
0 0.8506994963626188 0.2964325685506435 0.09233351986569668 0.08423614997202016
0 0.8515081141578064 0.1627895914941242 0.0907162842753215 0.08909345271404587
0 0.2663682148852826 0.7648768886401791 0.1349748181309456 0.1282204812534975
0 0.13058757694459996 0.13493005036373812 0.11208729714605496 0.10755456071628428
0 0.2673195299384443 0.6358142137660884 0.11908226077224379 0.11908226077224396
0 0.7215165081141578 0.6475321768326806 0.1158030218242865 0.11163961947397871
0 0.8547481813094573 0.4130665920537213 0.09719641857862346 0.08099608282036931
0 0.11900111919418024 0.7723335198656966 0.12452714045886959 0.1263010632344711
0 0.7179378847229995 0.7867291550083939 0.10920537213206503 0.10798545047565741
0 0.2686121992165641 0.8952574146614438 0.13621712367095673 0.1252098489087857
0 0.12327364297705651 0.5053217683268046 0.10720761052042525 0.11393396754336871
0 0.2666731952993845 0.3815640738668159 0.10212087297146039 0.10312814773363177
0 0.5564437604924454 0.6577140458869614 0.10390039171796286 0.09843872411863452
0 0.5719166200335758 0.2715948517067711 0.1097761611639619 0.10114157806379408
0 0.12134862898712935 0.6368970341354224 0.14376049244543934 0.13512590934527138
0 0.7175153889199777 0.9033212087297147 0.1250139899272524 0.12102406267487409
0 0.41661443760492445 0.5252909904868495 0.11986569669837728 0.12372132064913273
0 0.560134303301623 0.5283435926133184 0.10412982652490203 0.09473978735310577
