0 0.047027379400260826 0.0736375488917862 0.09405475880052165 0.09737940026075625
1 0.36503911342894396 0.47876792698826587 0.0917340286831811 0.20181225554106905
0 0.61875814863103 0.17996088657105608 0.09252281616688379 0.09176010430247716
0 0.12872555410690997 0.3566623207301174 0.08372229465449792 0.0819035202086048
1 0.49764341590612776 0.4554856584093871 0.18493481095176018 0.2283376792698826
0 0.7890547588005218 0.08401890482398956 0.08221642764015635 0.08222294654498051
0 0.16285202086049547 0.7284159061277705 0.07553455019556707 0.07735332464146008
0 0.10679595827900915 0.509954367666232 0.08554758800521511 0.08199478487614069
0 0.035651890482398994 0.5977770534550196 0.07130378096479799 0.09200782268578873
0 0.23065189048239892 0.7875684485006519 0.08736636245110821 0.0919165580182529
0 0.03971968709256849 0.4296153846153848 0.07943937418513698 0.09289439374185135
0 0.2497001303780965 0.27870599739243807 0.09857887874837049 0.10047588005215113
0 0.4107855280312907 0.0275847457627119 0.0929009126466755 0.0551694915254238
1 0.2106323337679269 0.7056192959582791 0.10374185136896992 0.23761408083441976
1 0.14101694915254248 0.6628455019556714 0.1010169491525424 0.18665580182529343
0 0.16532920469361145 0.1975521512385919 0.08797262059973943 0.08417861799217721
0 0.9192438070404171 0.06316492829204692 0.08348109517601 0.08348761408083452
0 0.45572033898305087 0.08247066492829211 0.09163624511082145 0.08784876140808344
0 0.6831975228161669 0.09033898305084741 0.08411342894393725 0.08474576271186439
0 0.8394426336375488 0.17275749674054758 0.09858539765319403 0.10010430247718381
1 0.625700782268579 0.06502933507170795 0.1847392438070404 0.1300586701434159
0 0.18713168187744456 0.4433311603650586 0.09859191655801808 0.09353324641460237
0 0.3889700130378097 0.19361147327249023 0.09404172099087342 0.09479791395045638
0 0.9565547588005217 0.17578878748370275 0.08558670143415888 0.09706649282920461
1 0.15003259452412002 0.15995110821382008 0.10680573663624524 0.1624185136897002
1 0.8614960886571055 0.05224250325945241 0.19383963494133008 0.10448500651890481
0 0.5688428943937418 0.10269230769230768 0.07394393741851377 0.07899608865710549
1 0.2271968709256845 0.21398631029986964 0.10554106910039089 0.1984419817470666
0 0.7290971316818774 0.17503259452411996 0.08872881355932197 0.08645371577574963
0 0.5008311603650586 0.19171447196870928 0.09176662320730114 0.08949152542372883
0 0.551900260756193 0.5332073011734026 0.11102346805736633 0.10920469361147327
0 0.3821740547588006 0.5386701434159061 0.09737288135593211 0.10192959582790095
