1 0.9254865860073646 0.75 0.14797475013150974 0.08001052077853774
0 0.4662835349815887 0.38109416096791165 0.09635455023671735 0.08837453971593903
1 0.9105865334034718 0.5318700683850606 0.17777485533929496 0.07478695423461343
0 0.34137296159915836 0.1437506575486586 0.11820094687006857 0.10492372435560231
1 0.9251972645975802 0.8573382430299844 0.14855339295107844 0.0903734876380852
0 0.46781167806417673 0.15322724881641242 0.0992214623882167 0.09526038926880585
0 0.4755786428195686 0.501991057338243 0.11956338769068908 0.11036822724881645
0 0.4689032088374539 0.6257469752761705 0.11498684902682782 0.10852709100473425
0 0.47884797475013147 0.2636086270384008 0.10346133613887441 0.10085218306154656
0 0.3355917937927407 0.25586270384008414 0.12610205155181498 0.11173592845870595
1 0.9239347711730668 0.6429247764334561 0.15107837980010505 0.08122041031036298
0 0.47024723829563386 0.7397659126775381 0.11489742240925833 0.10104681746449226
0 0.47269068911099427 0.8531009994739612 0.1227932667017361 0.10758022093634925
0 0.4734481851657022 0.9563229879011047 0.12054182009468703 0.08630194634402936
0 0.325312993161494 0.37744608100999477 0.0959179379274067 0.09645975802209363
