1 0.13428200129954507 0.7597173489278752 0.10076673164392458 0.1705328135152696
1 0.20296621182586097 0.7963027940220924 0.09796621182586092 0.23916829109811594
0 0.24239116309291747 0.37006822612085766 0.09825860948667986 0.10014944769330726
0 0.402953216374269 0.10284925276153352 0.09259909031838871 0.08881741390513323
0 0.04362573099415211 0.1656660168940871 0.08725146198830422 0.09706302794022101
0 0.11860948667966209 0.08250487329434698 0.0825211176088369 0.07936972059779068
0 0.5175990903183886 0.0883625730994152 0.08503573749187772 0.08504223521767387
0 0.7465756985055231 0.08489603638726444 0.09575048732943446 0.08819363222871995
0 0.15829434697855752 0.2891780376868096 0.08768680961663436 0.08390513320337877
0 0.9519168291098115 0.2674853801169591 0.09524366471734892 0.0967511371020142
0 0.9097595841455489 0.15522742040285897 0.08320987654320938 0.08321637426900595
0 0.3812085769980508 0.2852501624431449 0.09373619233268345 0.09448992852501635
0 0.4477420402859 0.17447043534762843 0.09133853151397019 0.08756335282651072
0 0.492706302794022 0.2833593242365173 0.09146848602988948 0.08920077972709552
0 0.09995126705653024 0.6005653021442495 0.08526965562053282 0.08172839506172828
1 0.7964035087719297 0.4705360623781676 0.19087069525666014 0.20976608187134524
0 0.928434048083171 0.6150909681611436 0.09143599740090978 0.09142949967511367
0 0.8691098115659519 0.5405295646523717 0.08599090318388514 0.08381416504223513
0 0.7799935022742043 0.17601364522417154 0.08194931773879127 0.08195581546458747
0 0.18002599090318386 0.5341585445094217 0.09827160493827145 0.09322936972059787
0 0.754269005847953 0.5258317089018842 0.0827290448343078 0.07836907082521131
0 0.03634178037686814 0.520487329434698 0.07268356075373628 0.0925925925925926
1 0.6886874593892138 0.4617153996101366 0.1996881091617936 0.18834307992202728
0 0.7896458739441194 0.6237979207277453 0.10776478232618548 0.10231968810916187
0 0.6744801819363223 0.18231319038336577 0.08384015594541899 0.08447043534762833
0 0.6851494476933073 0.6178102664067575 0.09687459389213758 0.09469785575048721
1 0.6171702404158546 0.12711500974658868 0.1841390513320338 0.18957764782326184
0 0.6102501624431449 0.27164392462638076 0.09222222222222205 0.09146198830409356
0 0.5822839506172839 0.6210786224821314 0.0892592592592595 0.0859909031838856
0 0.720230669265757 0.2667316439246264 0.08844054580896679 0.08617283950617277
1 0.6288434048083172 0.547699805068226 0.17575048732943463 0.20787524366471746
0 0.47289148797920744 0.6259746588693957 0.09034437946718654 0.08925925925925922
0 0.36295321637426897 0.634139051332034 0.09687459389213786 0.08599090318388569
1 0.35735542560103967 0.5694801819363221 0.0914359974009096 0.20115659519168286
0 0.5604970760233918 0.1946263807667316 0.07370370370370385 0.07873944119558145
0 0.830217673814165 0.2644639376218323 0.09826510721247532 0.0997790773229369
0 0.12402534113060429 0.4469168291098116 0.09361273554255992 0.09035087719298232
0 0.15450292397660817 0.817011046133853 0.08708252111760884 0.08163742690058466
0 0.22797595841455487 0.8839506172839504 0.09905782975958402 0.08708252111760893
1 0.5239603638726446 0.5458089668615984 0.1650357374918777 0.2053541260558805
0 0.03228719948018197 0.6881026640675764 0.06457439896036395 0.09170890188434032
1 0.8521994801819361 0.11704353476283301 0.1932098765432102 0.1587394411955815
1 0.4231741390513321 0.5521117608836906 0.14361923326835624 0.21165692007797274
1 0.2199610136452242 0.30555880441845357 0.10519818063677688 0.19779727095516578
1 0.14304743339831064 0.2516991552956465 0.1064587394411957 0.1618908382066277
