0 0.6186732570239333 0.9654214360041624 0.0967637877211238 0.06811654526534869
0 0.6119614984391258 0.3966545265348595 0.09197710718002063 0.09201873048907382
0 0.6164854318418312 0.8542455775234131 0.08656087408949005 0.07870967741935486
0 0.7334573361082208 0.18619146722164412 0.08990114464099906 0.07902185223725285
0 0.6216259105098855 0.7461966701352758 0.0908064516129031 0.07930280957336117
0 0.6180046826222685 0.5074037460978147 0.08957856399583797 0.08229968782518211
0 0.6143808532778356 0.6269484911550469 0.08112382934443296 0.08292924037460979
1 0.4253642039542143 0.7421956295525495 0.18798126951092592 0.08074921956295515
0 0.7390660770031218 0.6476612903225806 0.09543704474505695 0.0903173777315297
0 0.7437304890738815 0.7579994797086368 0.09713839750260134 0.09076482830385009
0 0.7388631633714879 0.8643704474505723 0.08283558792924034 0.08408949011446407
0 0.7586992715920917 0.9629084287200832 0.11727367325702376 0.07314255983350666
0 0.4890478668054109 0.7376014568158169 0.10067637877211243 0.08207075962539019
1 0.5471383975026015 0.9590790842872009 0.20832466181061401 0.0808012486992715
1 0.5417273673257024 0.8510145681581686 0.19771071800208115 0.0832986472424558
0 0.7331763787721125 0.5265140478668053 0.08283558792924044 0.07831425598335073
0 0.4908246618106139 0.6189828303850157 0.09804890738813757 0.0913579604578562
0 0.4878017689906348 0.5088033298647242 0.1004630593132152 0.09502601456815811
0 0.6125624349635796 0.17421436004162333 0.09323100936524463 0.08293444328824144
0 0.4822268470343393 0.38919094693028095 0.0962122788761707 0.09565556711758588
0 0.4816363163371488 0.2787278876170656 0.09624869927159199 0.08295005202913625
0 0.47769771071800204 0.17372528616024974 0.0968418314255981 0.08231009365244536
1 0.4204786680541104 0.6360561914672217 0.19130072840790832 0.08074921956295515
0 0.610127471383975 0.28770551508844955 0.09201352757544239 0.08475546305931321
0 0.7393678459937565 0.4115088449531738 0.08846514047866787 0.08312174817898033
0 0.7376430801248699 0.3012252861602497 0.09360041623309026 0.08495837669094695
