0 0.7780587307843909 0.751350019708317 0.13577059519117055 0.1266574694521089
0 0.9427433977138354 0.6189948758376035 0.11372487189594001 0.11752463539613718
0 0.9393200630666142 0.753064643279464 0.12057154119038223 0.1255143870713441
0 0.7843378005518329 0.6092983839180134 0.12553015372487183 0.12094599921166742
1 0.1738293259755617 0.7382321639731968 0.2785218762317698 0.12094994087504926
0 0.7866121403232164 0.46666929444225463 0.12779266850610954 0.12094599921166728
0 0.9541525423728814 0.17628104059913285 0.09090658257784785 0.09014189988175014
0 0.9594166338194717 0.029093417422152146 0.07199842333464726 0.05818683484430429
0 0.7888923925896728 0.16715214820654317 0.10040993299172263 0.09470634607804498
0 0.43688805675995274 0.6013086322428065 0.11067796610169484 0.11866771777690188
0 0.6223058730784391 0.4638175009854159 0.11410327158060705 0.09927079227433983
0 0.2851340165549862 0.16601103665746947 0.1243713046905794 0.11296018919984235
0 0.6137465510445409 0.3166259361450532 0.11067796610169489 0.1129601891998424
0 0.06434568387859677 0.7639061884115097 0.1186637761135199 0.11296018919984235
0 0.7911765865195113 0.3325995270003942 0.11638549467875461 0.10611351990540005
