0 0.9284433676559661 0.5446577831617202 0.07827983040581468 0.07750454270139316
0 0.6004391278013326 0.8529285281647485 0.08321623258631138 0.08666868564506362
1 0.35702301635372496 0.10849182313749242 0.11626287098728062 0.1662870987280437
0 0.43767110841914 0.5277468201090249 0.0789884918231377 0.07750454270139306
0 0.35663840096910954 0.6144155057540885 0.0860327074500303 0.08032707450030283
0 0.029097516656571752 0.24201695941853418 0.058195033313143504 0.08455481526347666
0 0.5268413082980011 0.30015142337976985 0.07961841308297982 0.08032707450030292
0 0.6029043004239855 0.3829436705027256 0.08391883706844351 0.09230769230769235
0 0.6888703815869169 0.30261659600242286 0.08956390066626313 0.0923076923076924
0 0.7653210175651121 0.23074803149606302 0.08462144155057547 0.08244094488188966
0 0.8682344033918836 0.1377347062386433 0.08173834039975762 0.07962447001817084
0 0.3489218655360389 0.16873712901271953 0.08032707450030278 0.07961841308298005
1 0.0394457904300424 0.17632041187159297 0.0788915808600848 0.19193821926105384
1 0.5992489400363415 0.7781859479103574 0.10992125984251964 0.2274560872198669
1 0.36079951544518474 0.5410054512416717 0.10146577831617198 0.22153846153846138
1 0.4432434887946699 0.4695578437310721 0.10230769230769224 0.1902483343428225
1 0.8368503937007875 0.5617231980617807 0.12345245305875249 0.20208964264082374
1 0.8947698364627499 0.479282253179891 0.1276741368867352 0.19616596002422762
1 0.5337068443367655 0.253519079345851 0.10908540278619012 0.15727437916414286
1 0.6736583888552391 0.26070563294972743 0.12175651120533014 0.16319200484554805
1 0.7319866747425803 0.1765748031496063 0.1336281041792855 0.16741974560872203
1 0.8414990914597213 0.0886371895820715 0.1276741368867353 0.1606541490006057
0 0.8537552998182919 0.6253361599030891 0.08533010296789811 0.08385221078134464
