1 0.09346249999999996 0.39376500000000003 0.09842499999999994 0.14329000000000003
1 0.49583499999999997 0.5023175 0.10131999999999997 0.1519750000000001
0 0.9143199999999998 0.31344250000000007 0.09423000000000015 0.08550500000000001
0 0.36057000000000006 0.3090800000000001 0.09306999999999994 0.09423000000000001
0 0.21984249999999997 0.18855000000000002 0.09597499999999991 0.10082000000000003
0 0.7613399999999998 0.6516850000000001 0.08026999999999995 0.08841000000000003
0 0.49761249999999996 0.3129199999999999 0.08783500000000001 0.08201999999999998
0 0.6323850000000001 0.30797750000000007 0.08084999999999987 0.07852499999999996
0 0.49551750000000017 0.5391325 0.08957500000000006 0.08317499999999992
0 0.6258125 0.6528474999999999 0.08143499999999988 0.082595
0 0.62523 0.88348 0.09307000000000012 0.09830000000000005
0 0.8928 0.7590025 0.07677999999999996 0.07736500000000007
0 0.6278475 0.7683099999999999 0.08434499999999993 0.0831800000000001
0 0.35581000000000007 0.06785249999999997 0.09743000000000009 0.09209500000000002
0 0.08557750000000004 0.18855000000000002 0.09985500000000014 0.09307000000000006
0 0.76774 0.30006750000000004 0.07678000000000015 0.08201500000000007
0 0.902395 0.4233825 0.08434000000000022 0.08899500000000005
0 0.7616325 0.76482 0.08317499999999992 0.09016000000000006
0 0.6290100000000001 0.5408775 0.08317999999999973 0.09015499999999997
0 0.7731575000000002 0.18345999999999998 0.08579500000000011 0.08386
0 0.9059724999999998 0.187095 0.08288499999999986 0.08337000000000004
0 0.6379175 0.19145750000000003 0.08773500000000006 0.07949499999999998
0 0.63792 0.06276250000000004 0.08483000000000009 0.08288499999999999
0 0.08363749999999999 0.06833749999999998 0.10082499999999991 0.08531500000000006
0 0.49735 0.19170249999999997 0.09258000000000016 0.090645
0 0.49516750000000015 0.06688499999999999 0.09403499999999987 0.08919000000000005
0 0.633665 0.4332675 0.08551000000000006 0.09015499999999993
0 0.77123 0.4193075 0.08492000000000005 0.08434500000000007
0 0.36173500000000003 0.42512249999999996 0.09073999999999999 0.09597499999999996
0 0.09066500000000002 0.4212150000000001 0.09549000000000013 0.08822000000000002
0 0.36041749999999995 0.192185 0.09888500000000001 0.10131000000000005
0 0.49522749999999993 0.6531399999999999 0.08666500000000009 0.09016000000000006
0 0.2179050000000001 0.06446000000000003 0.10470000000000006 0.08046000000000003
0 0.7784925 0.0651875 0.0887049999999999 0.08773499999999991
0 0.9098625 0.07147749999999996 0.08286500000000006 0.08484500000000002
