0 0.5570904790065052 0.19867534003548196 0.09312832643406266 0.0873329390892963
0 0.6994441159077468 0.20989946777055 0.09459491425192197 0.08360733293908928
0 0.7011117681845063 0.33515671200473096 0.08436428149024232 0.07800118273211118
0 0.7092696629213484 0.46464518036664704 0.086794795978711 0.08280898876404495
0 0.7071939680662331 0.7220224719101124 0.08986989946777073 0.08131283264340632
0 0.7107599053814311 0.9680662329982258 0.09415138971023068 0.06268480189237137
0 0.7015464222353638 0.6025694855115316 0.09415138971023068 0.08901833234772336
0 0.56581904198699 0.32699881726788876 0.08805440567711417 0.08806031933767
0 0.42252513305736256 0.9636162034299232 0.09070372560614995 0.07158486102897699
0 0.2770017740981668 0.9619012418687166 0.09415730337078636 0.07501478415138975
0 0.12099940863394436 0.9638231815493793 0.1053932584269662 0.07117090479006494
0 0.5649852158486102 0.4463157894736842 0.09247782377291545 0.09554109994086332
0 0.4221732702542874 0.7184565345949142 0.09036664695446513 0.09107037256061498
0 0.41274689532820813 0.45405677114133647 0.09314606741573055 0.08254287403903018
0 0.12813128326434067 0.5660881135422827 0.10842105263157902 0.10129509166173867
0 0.2726759314015375 0.1617445298639858 0.09934358367829699 0.10276759314015375
0 0.1259432288586634 0.7026138379657008 0.09138971023063273 0.08903607332939095
0 0.27271732702542867 0.5623299822590183 0.09244825547013598 0.09071555292726197
0 0.7123418095801303 0.8548403311649913 0.09903015966883506 0.08901833234772336
0 0.5690952099349497 0.965561797752809 0.08425783560023647 0.06769367238320524
0 0.5689444115907746 0.5809934949733885 0.08868716735659361 0.09383796570076881
0 0.12184210526315782 0.8385127143701951 0.09572442341809576 0.09340626848018925
0 0.41356889414547604 0.5858397397989356 0.09384387936132467 0.10105854523950314
0 0.5708190419869901 0.8544589000591366 0.09456534594914245 0.08765227675931404
0 0.5637551744529865 0.7163808397397989 0.0797989355411 0.08255470136014191
0 0.40841218214074515 0.19952099349497338 0.08393258426966314 0.07429923122412774
0 0.4139178001182732 0.3199142519219397 0.09631578947368417 0.07980484920165587
0 0.42200177409816675 0.8428326434062685 0.0772738024837375 0.0760851567120046
0 0.26758722649319927 0.29614133648728563 0.09586043761088106 0.09243642814902416
0 0.26620934358367837 0.4337670017740982 0.0983796570076878 0.08186871673565936
0 0.2718687167356594 0.6958633944411591 0.09072738024837379 0.08388527498521595
0 0.27186575990538137 0.8456534594914252 0.08730337078651688 0.08559432288586627
0 0.11865464222353636 0.1720313424009462 0.09586635127143683 0.09415138971023064
0 0.11780011827321102 0.31326138379657004 0.09757539917208753 0.08901833234772322
0 0.12207865168539336 0.4365168539325843 0.10271437019515083 0.08559432288586637
