1 0.46714440237966476 0.5827879935100053 0.10328826392644659 0.193526230394808
1 0.616365603028664 0.46233369388858847 0.10192536506219566 0.15402379664683613
0 0.04280962682531096 0.25257166035694967 0.08561925365062192 0.095949161709032
0 0.7716792861005949 0.12542725797728507 0.09489994591671182 0.08598702001081666
0 0.6196322336398052 0.12569226608977824 0.10014061654948632 0.09804759329367224
0 0.6176500811249325 0.5014954029204975 0.09689021092482432 0.08996755002704161
0 0.32765278528934555 0.7627528393726338 0.08833964305029757 0.08229313142239039
0 0.03692806922660896 0.6437506760411033 0.07385613845321792 0.08116279069767426
0 0.17973499188750677 0.37394808004326674 0.10328826392644687 0.09542455381287189
0 0.33506489994591665 0.9047863710113576 0.09694429421308816 0.08697674418604662
0 0.18362087614926992 0.8820335316387236 0.09393726338561387 0.09132504056246622
0 0.17423201730665228 0.12228231476473772 0.10800973499188768 0.10067063277447275
1 0.17819091400757162 0.3413385613845321 0.10518658734451045 0.150400216333153
0 0.4736668469442941 0.6436722552731204 0.10546241211465653 0.09567333693888591
0 0.4763115197404002 0.8985803136830719 0.08984315846403472 0.08455922120064885
0 0.03902379664683611 0.5385181179015683 0.07804759329367222 0.08305029745808545
0 0.3194618712817739 0.1222823147647377 0.1038128718226067 0.10905354245538135
0 0.47151703623580304 0.12621416982152514 0.1069605191995674 0.10958355868036784
0 0.9121038399134667 0.24290697674418607 0.08305029745808555 0.0887128177393187
0 0.6206814494321254 0.7590048674959438 0.08871822606814486 0.08740941049215781
0 0.18419956733369378 0.6302460789616008 0.09965927528393727 0.09286641427798814
0 0.6199161709031908 0.2568090859924283 0.09500811249323969 0.0887182260681449
0 0.1767901568415359 0.4955624661979447 0.10497025419145478 0.09891292590589507
0 0.4716819902650082 0.2526554894537588 0.10067063277447262 0.10192536506219581
0 0.9158788534342888 0.3718848025959978 0.0918550567874528 0.09123309897241758
0 0.1862871822606814 0.7586992969172526 0.09626284478096278 0.0887128177393185
0 0.9179637641968633 0.11677663601946996 0.09280151433207146 0.09070849107625745
0 0.905181179015684 0.6232395889670093 0.08682531097890739 0.09563007030827474
1 0.32501081665765275 0.6940454299621418 0.09664142779881016 0.18195781503515415
0 0.04237155219037319 0.7804083288263927 0.08474310438074638 0.0924878312601407
0 0.7607869118442401 0.7493888588426177 0.09123309897241758 0.08997295835586808
0 0.7656949702541915 0.25146295294753923 0.087452677122769 0.08493780421849649
0 0.4729421308815577 0.3781746890210924 0.09815035154137372 0.10381287182260675
0 0.04412114656571122 0.37604921579232015 0.08824229313142244 0.09646836127636556
0 0.7579556517036236 0.8739643050297459 0.1006706327744729 0.10632774472687946
0 0.7620443482963765 0.5033829096809086 0.0899729583558679 0.09751757706868575
0 0.767079502433748 0.3869848566792861 0.09249323958896707 0.09751757706868579
0 0.3248188209843158 0.5147187669010276 0.10330989724175228 0.09678204434829656
0 0.475551649540292 0.7604191454840453 0.08703623580313694 0.0828393726338561
0 0.04710113574905356 0.8840832882639263 0.09420227149810712 0.08606814494321251
0 0.9054975662520282 0.7456138453217956 0.08996755002704161 0.09752298539751231
1 0.6117306652244455 0.6954164413196322 0.11115197404002163 0.18943753380205514
1 0.32211195240670637 0.45656030286641425 0.11959437533802066 0.18483504597079503
1 0.738331530557058 0.6912385073012439 0.13318009734991887 0.19388858842617632
1 0.47050027041644144 0.8202839372633857 0.09512709572742012 0.21668469442942148
0 0.04176311519740402 0.12123309897241749 0.08352623039480804 0.09647376960519194
0 0.620797728501893 0.8827095727420227 0.1113628988642508 0.10570037858301805
