0 0.8480215123859193 0.6135202086049543 0.1016232073011733 0.09251629726205994
0 0.7009582790091266 0.7540938722294654 0.08953063885267273 0.08558018252933539
0 0.8566166883963493 0.8831844850065189 0.09037809647979132 0.09037157757496747
0 0.848777705345502 0.7432659713168188 0.09037157757496728 0.09226857887874829
1 0.7102444589308995 0.3845501955671448 0.1506975228161668 0.25029986962190354
0 0.23874837027379403 0.7714146023468057 0.07659713168187746 0.08039113428943943
0 0.7055247718383312 0.8851694915254237 0.09707301173402864 0.10465449804432851
0 0.5482105606258149 0.7645306388526727 0.09426988265971313 0.09953063885267299
0 0.8316525423728813 0.07446544980443286 0.08479139504563224 0.08320730117340279
0 0.40748370273794005 0.8847881355932202 0.09251629726205994 0.09327900912646692
1 0.3131747066492829 0.7259224250325944 0.19787483702737937 0.14677314211212508
1 0.7429889178617991 0.7093285528031291 0.14535202086049542 0.1561016949152543
0 0.6929986962190352 0.06749348109517599 0.0897392438070406 0.08531290743155157
1 0.8589537157757497 0.3772555410691004 0.1440873533246416 0.25727509778357227
1 0.8733344198174707 0.06499348109517604 0.14415254237288117 0.11466753585397657
0 0.5495469361147327 0.8782985658409387 0.08865058670143411 0.08821382007822665
