0 0.8157146503318021 0.04562276671771312 0.09056151097498721 0.08957120980091875
0 0.9422103113833588 0.41131444614599283 0.0861051556916795 0.0908575803981624
0 0.3902348136804492 0.41309086268504336 0.09263910158244004 0.097983665135273
0 0.8047371107708013 0.2854185809086269 0.07838693210821861 0.08373149566105165
0 0.9458626850433894 0.1700816743236345 0.0846197039305767 0.08511485451761104
0 0.24537263910158238 0.17156712608473712 0.09798366513527297 0.10293006636038797
0 0.8083001531393568 0.40715416028586016 0.08669729453802968 0.08611026033690662
0 0.10631699846860643 0.04883869321082183 0.10293517100561504 0.08710056151097505
0 0.6665492598264421 0.2934941296579888 0.08254211332312392 0.08016845329249617
0 0.8102679938744257 0.16637059724349157 0.08759060745278219 0.08561510974987241
0 0.10829760081674329 0.17156712608473712 0.10194486983154685 0.09501786625829511
0 0.9528866768759571 0.29907350689127105 0.09320571720265466 0.08729453802960696
0 0.6598392036753445 0.6455819295558958 0.08313935681470132 0.0843236345074018
0 0.672197549770291 0.1745354772843288 0.08957120980091897 0.08115875446656459
0 0.5286881061766208 0.17478560490045938 0.09451761102603382 0.09254211332312402
0 0.11349157733537522 0.40910158244002054 0.09748851454823904 0.09006636038795308
0 0.6631036242981112 0.5312685043389483 0.08492087799897892 0.09204185809086268
0 0.3888897396630933 0.17527820316488005 0.10095456865747834 0.10343032159264938
0 0.39341500765696785 0.9042751403777438 0.08479836651352751 0.07981112812659506
0 0.5265211842776928 0.6458805513016845 0.08847881572230729 0.09204696273608991
0 0.2433945890760593 0.04488004083716186 0.10689127105666163 0.08214395099540586
0 0.3890454313425218 0.29461970393057685 0.09501786625829502 0.0962021439509954
0 0.6592445125063808 0.8810413476263401 0.0950178662582952 0.10035732516590108
0 0.6678560490045943 0.42140632976008174 0.08729964267483413 0.09204185809086264
0 0.5289561000510464 0.29854007146503314 0.08967330270546202 0.08373660030627873
0 0.6619167942827973 0.7634609494640123 0.08611026033690662 0.08492087799897911
1 0.387930066360388 0.830375191424196 0.0897856049004594 0.2045176110260338
0 0.38418580908626854 0.04834354262378761 0.09946911689637579 0.09402246043899952
1 0.525604900459418 0.492524247064829 0.0962021439509953 0.14537519142419603
0 0.7985017866258296 0.7598979070954568 0.0849157733537518 0.09204696273608999
1 0.1120342011230219 0.37832312404287893 0.0992802450229708 0.141955079122001
0 0.5268172537008678 0.5294869831546708 0.09144971924451259 0.08491577335375189
1 0.11716692189892801 0.5989458907605921 0.09072996426748353 0.162475752935171
0 0.5264599285349668 0.04735579377233281 0.09600306278713613 0.0910566615620215
0 0.9498340990301175 0.052044410413476225 0.08459928534966821 0.08662072485962229
0 0.9324144971924452 0.75395865237366 0.07838693210821833 0.07898417559979583
0 0.7982031648800407 0.6443950995405819 0.08194997447677381 0.09026033690658498
0 0.6722001020929046 0.04314701378254216 0.08660541092394079 0.08461970393057683
0 0.11770546197039297 0.6510081674323633 0.09406329760081675 0.08765186319550797
