1 0.5422164614387558 0.4447407647440052 0.18012961762799753 0.26418016850291653
1 0.39881723914452366 0.44836033700583267 0.12494491250810101 0.25875567077122474
0 0.8698671419313024 0.8181237848347374 0.10223590408295533 0.10223590408295523
0 0.41459818535320797 0.821798444588464 0.11068697342838628 0.10318211276733638
1 0.5422164614387558 0.4447407647440052 0.18012961762799753 0.26418016850291653
0 0.5555541153596889 0.6691574854180168 0.09989630589760196 0.10492546986390161
0 0.4174983797796499 0.9551069345430979 0.09138042773817243 0.08848995463383004
1 0.16883668178872321 0.7896694750486067 0.12038237200259239 0.41742060920285146
0 0.7154536616979911 0.9390084251458198 0.09801036941024013 0.09927414128321443
0 0.5628094620868439 0.9457517822423851 0.11068697342838628 0.10720025923525593
1 0.4973363577446534 0.12702851587815941 0.17173039533376533 0.12198963058976009
1 0.8077997407647439 0.7817563188593649 0.19270900842514543 0.1357096565132856
0 0.5602689565780947 0.8092676604018146 0.09801036941023984 0.09989630589760205
0 0.41199287103046006 0.6782663642255347 0.10555411535968885 0.10178224238496454
0 0.5511600777705769 0.1332274789371354 0.10995463383020088 0.10492546986390154
