0 0.08287032418952622 0.7701246882793018 0.0996059850374066 0.0928379052369079
0 0.21486783042394025 0.6463441396508728 0.10443890274314221 0.0802593516209476
0 0.3524289276807981 0.6497281795511222 0.09718703241895273 0.09186533665835428
0 0.4914389027431422 0.6487630922693267 0.09380049875311701 0.08896758104738167
0 0.6338354114713218 0.6446508728179552 0.08461845386533662 0.08267830423940144
0 0.7740573566084789 0.647069825436409 0.08848379052369067 0.08751620947630902
0 0.6283142144638404 0.8892543640897755 0.08064837905236896 0.07832917705735666
0 0.4938778054862842 0.8941845386533667 0.08761596009975064 0.0818154613466334
0 0.9095461346633416 0.894705735660848 0.0939950124688281 0.08529177057356618
0 0.2168004987531172 0.7701246882793018 0.09573566084788021 0.100568578553616
0 0.7633316708229426 0.8813640897755611 0.07658852867830437 0.08181047381546143
0 0.35717705735660854 0.8903541147132169 0.09283790523690766 0.0939950124688281
1 0.08652119700748126 0.95114463840399 0.09700249376558594 0.09671321695760607
0 0.35702493765586024 0.7737506234413966 0.09863840399002495 0.10105735660847888
0 0.4936159600997507 0.7732693266832918 0.09234912718204501 0.09041895261845397
0 0.6338329177057357 0.7730249376558603 0.0875162094763093 0.07929675810473812
0 0.7687356608478804 0.7650473815461346 0.08558104738154619 0.08365087281795507
0 0.08093516209476308 0.650211970074813 0.10057356608478797 0.08510224438902753
0 0.9050997506234416 0.6533441396508728 0.08265835411471319 0.08463341645885299
0 0.9012194513715711 0.7686733167082295 0.08267830423940144 0.08316209476309226
