1 0.46000329597890577 0.14346077785102174 0.1868094924192485 0.19232696110744887
1 0.04567567567567565 0.8189914304548451 0.0913513513513513 0.2460382333553067
1 0.6429729729729728 0.49287409360580103 0.19597890573500346 0.217811470006592
1 0.5348681608437706 0.48382003955174674 0.19278180619644023 0.19437705998681598
1 0.4206361239288069 0.4790276862228081 0.16881344759393543 0.18586025049439664
1 0.3665820698747528 0.569291364535267 0.17147659854976932 0.20769281476598564
1 0.26060316413974954 0.5751516150296639 0.1533750823994727 0.21620962425840465
0 0.20957811470006593 0.6568787079762689 0.08205669083717866 0.07899143045484508
0 0.3111865524060646 0.643843111404087 0.0996967699406725 0.09738958470665775
0 0.4216183256427159 0.6377092946605142 0.09816084377060008 0.0897231377719184
0 0.531278839815425 0.6442254449571522 0.09355306526038236 0.08589321028345434
0 0.48411667765326305 0.542999340804219 0.09279499011206323 0.07822017139090302
0 0.6440079103493738 0.6503592617007251 0.09202373104812145 0.08895847066578785
0 0.6106493078444296 0.5510514172709294 0.09432432432432404 0.08052076466710617
0 0.7145583388266312 0.5706064601186551 0.0766842452208305 0.0720896506262361
0 0.7755273566249175 0.63885629531971 0.08819380355965731 0.08895847066578766
0 0.06578773895847063 0.9041924851680949 0.09509558338826615 0.08895187870797634
1 0.19642056690837179 0.5922412656558996 0.0927620303230058 0.20407382992748846
1 0.6984410019775873 0.13324324324324321 0.19601186552406094 0.16104152933421223
1 0.057033618984838476 0.32449241924851685 0.10672379696769917 0.2006657877389586
0 0.07978905735003294 0.389937376400791 0.0996835860250496 0.10160184574818712
0 0.24267963085036257 0.11884311140408706 0.0939419907712592 0.09010547132498356
0 0.35898813447593936 0.10414634146341463 0.08626895187870787 0.0862755438365195
0 0.5912854317732366 0.10062953197099536 0.09713909030982178 0.08947264337508239
0 0.3337343441001977 0.30197099538562955 0.09279499011206323 0.09049439683586022
0 0.7568358602504942 0.17198088332234673 0.08441661173368453 0.08442320369149643
0 0.28811799604482535 0.19150296638101522 0.09266315095583397 0.08883322346736977
0 0.6251878707976272 0.1930685563612393 0.08313777191825959 0.08314436387607127
0 0.5181443638760712 0.1994594594594594 0.08505603164139723 0.0856954515491101
0 0.4529828609096902 0.2900856954515491 0.09355965721819363 0.09278839815425177
0 0.40250823994726437 0.2119512195121951 0.07477257745550447 0.07988134475939344
0 0.7996044825313117 0.28586684245220834 0.0966249176005272 0.09815425181278833
0 0.6761404087013844 0.2828015820698747 0.0996901779828607 0.10122610415293336
0 0.22061964403427825 0.3038892551087673 0.0950955833882662 0.09586025049439693
0 0.5645583388266315 0.2851021753460778 0.08972313777191812 0.0874225444957152
0 0.03318391562293996 0.5564073829927488 0.06636783124587992 0.09458141067897162
