0 0.36227272727272725 0.9575757575757576 0.1350909090909088 0.08363636363636368
0 0.05172727272727275 0.6999848484848484 0.1034545454545455 0.10172727272727278
0 0.20960606060606063 0.9532121212121213 0.1456363636363636 0.09236363636363638
0 0.22227272727272734 0.4133636363636364 0.12672727272727283 0.11036363636363637
0 0.6927939393939395 0.707069696969697 0.11055757575757572 0.10165454545454534
0 0.20787878787878789 0.5526363636363637 0.1140606060606059 0.10878787878787877
0 0.6981181818181819 0.5662787878787878 0.11623636363636361 0.11122424242424245
0 0.05506060606060608 0.40621212121212125 0.11012121212121216 0.11787878787878786
0 0.8441454545454544 0.2979060606060606 0.10623030303030312 0.10550909090909093
0 0.8463787878787878 0.1622212121212121 0.09687878787878776 0.08807878787878787
0 0.37542424242424244 0.5526363636363636 0.11230303030303003 0.09824242424242428
0 0.05154545454545452 0.5519999999999999 0.10309090909090904 0.10678787878787875
0 0.053818181818181786 0.8235151515151515 0.10763636363636357 0.12666666666666665
0 0.8570000000000001 0.4330272727272727 0.10466666666666687 0.10605454545454543
0 0.8499696969696969 0.8508696969696969 0.11048484848484828 0.11931515151515149
0 0.6850848484848485 0.8377363636363636 0.11101818181818164 0.10553333333333315
0 0.056109090909090935 0.27104545454545453 0.0947393939393939 0.08596969696969696
0 0.056987878787878775 0.13332727272727274 0.09999999999999999 0.08772121212121213
0 0.21702424242424245 0.2802939393939394 0.08813333333333323 0.08166666666666667
0 0.21751212121212124 0.1535 0.091230303030303 0.07895151515151519
0 0.3771636363636363 0.4113969696969697 0.08772121212121227 0.08596969696969706
0 0.3745333333333334 0.2806939393939394 0.09649696969696983 0.08771515151515157
0 0.3789181818181817 0.1535 0.09123030303030316 0.08245454545454545
0 0.6903242424242423 0.1649030303030303 0.09649090909090907 0.09473939393939394
0 0.7059151515151515 0.2929272727272727 0.09316363636363621 0.08670303030303032
0 0.8605636363636364 0.7076181818181818 0.08989090909090922 0.08460606060606053
0 0.6900939393939394 0.4381090909090909 0.09352121212121212 0.08943030303030305
0 0.5330151515151516 0.5584818181818182 0.10370303030303035 0.09690303030303031
0 0.5331848484848485 0.42842424242424243 0.09044242424242424 0.08092121212121207
0 0.5306363636363636 0.29377878787878786 0.0989454545454545 0.0952060606060606
0 0.5440636363636363 0.15913333333333335 0.09656363636363632 0.09452121212121212
