0 0.7566290322580645 0.3906102150537634 0.0919462365591398 0.0969408602150537
0 0.039599462365591385 0.25699193548387095 0.07919892473118277 0.09538172043010759
0 0.31165860215053764 0.12747311827956992 0.10319892473118267 0.10840860215053769
0 0.1672876344086022 0.12747311827956992 0.10737096774193562 0.10007526881720437
0 0.03855913978494625 0.1264301075268817 0.0771182795698925 0.09590322580645155
0 0.4629784946236559 0.2570752688172043 0.10007526881720423 0.10132258064516131
0 0.46423118279569897 0.3818521505376344 0.09756989247311826 0.10319892473118271
0 0.6080833333333334 0.5044435483870968 0.09631720430107527 0.08943548387096764
0 0.17275806451612907 0.37765053763440865 0.10267741935483886 0.09486021505376348
0 0.7516236559139785 0.5063198924731181 0.08944086021505364 0.09694086021505374
0 0.9045483870967743 0.37559946236559144 0.09131182795698933 0.09069354838709681
0 0.9066209677419355 0.12199999999999998 0.09225268817204299 0.09017204301075271
0 0.7612016129032257 0.13059946236559145 0.09433870967741953 0.08547849462365593
0 0.6100537634408602 0.13086290322580643 0.09954838709677433 0.09746774193548385
0 0.4628145161290321 0.13138172043010754 0.10632795698924734 0.10893548387096778
0 0.7475591397849463 0.8747096774193548 0.10007526881720455 0.10569892473118306
0 0.03916397849462367 0.7817069892473117 0.07832795698924734 0.09194086021505381
0 0.7503736559139785 0.7508709677419356 0.09069354838709677 0.08944086021505393
0 0.894228494623656 0.7471182795698926 0.08943548387096774 0.09694623655913992
0 0.8939139784946235 0.6254677419354839 0.0863118279569892 0.09506451612903233
1 0.046005376344086045 0.7054946236559139 0.09201075268817209 0.2107526881720431
1 0.17662903225806448 0.5775994623655913 0.09555913978494636 0.17112365591397846
1 0.17122311827956985 0.3452338709677419 0.10456451612903211 0.14951075268817193
1 0.6068064516129033 0.46551344086021507 0.10132258064516131 0.15311290322580637
0 0.4675806451612903 0.8991801075268818 0.08931182795698941 0.08405913978494607
0 0.03583602150537633 0.541247311827957 0.07167204301075265 0.08255913978494621
1 0.04259139784946238 0.4793252688172043 0.08518279569892476 0.17938172043010744
0 0.9007956989247311 0.24738440860215055 0.08255913978494639 0.08818817204301084
0 0.6103360215053764 0.26120430107526876 0.09444623655913986 0.08819354838709675
0 0.755252688172043 0.25588978494623654 0.08693548387096758 0.08443548387096775
0 0.17719623655913969 0.6324327956989247 0.09906989247311829 0.09231720430107525
1 0.3171747311827956 0.6958548387096775 0.0960698924731183 0.18088172043010758
0 0.3198010752688171 0.7641559139784946 0.08781720430107536 0.08180645161290313
1 0.4584677419354839 0.5852553763440859 0.10267741935483848 0.1923817204301075
0 0.4649516129032258 0.645779569892473 0.10483870967741937 0.0951075268817205
1 0.7280510752688173 0.6930645161290322 0.1323924731182796 0.19274193548387097
0 0.4663575268817204 0.7495564516129033 0.09131720430107519 0.08756451612903242
