1 0.7061017498379779 0.3881399870382372 0.1498185353208036 0.2488399222294232
0 0.4051069345430978 0.8854601425793908 0.09197666882696043 0.09273493195074545
0 0.826801685029164 0.07986390149060274 0.08429682436811403 0.08272197018794547
1 0.311348023331173 0.7275210628645494 0.19672067401166551 0.14591704471808167
0 0.8516202203499675 0.8838658457550226 0.08985093972780296 0.08984445884640324
0 0.2373558003888529 0.7727478937135451 0.07615035644847701 0.07992222942320157
1 0.7386552171095269 0.7110239792611796 0.1445042125729099 0.15519118600129625
1 0.8539436163318213 0.38088788075178226 0.14324692158133523 0.2557744653272844
1 0.8682404406999353 0.07044718081659108 0.1433117303953337 0.11399870382372007
0 0.7014095917044718 0.8858392741412832 0.09650680492546976 0.10404406999351931
0 0.8430751782242385 0.6157744653272845 0.10103046014257921 0.09197666882696039
0 0.688956578094621 0.07293259883344132 0.0892158133506158 0.08481529488010378
0 0.6968697342838626 0.7555281918340895 0.08900842514581978 0.08508101101749865
0 0.9690894361633182 0.745450421257291 0.060524951393389495 0.09047310434219066
0 0.8438269604666234 0.7447634478289048 0.08984445884640314 0.09173039533376534
0 0.5463415424497732 0.8790084251458199 0.08813350615683731 0.08769928710304588
0 0.5450129617627998 0.7659040829552819 0.09372002592352552 0.09895009721322118
