0 0.2142303433001108 0.40955887781469175 0.12288667404946478 0.11220007382798079
1 0.3360483573274271 0.8492783314876339 0.1784533038021411 0.29064968623108156
1 0.9029254337393873 0.5543521594684385 0.1859320782576596 0.10258397932816536
1 0.7298172757475083 0.8396603912882984 0.23508674787744543 0.2821040974529346
0 0.6598246585455888 0.5623661867847914 0.09510151347360658 0.08868955334071603
0 0.5161018826135105 0.5586267995570321 0.0961683277962347 0.08548541897379112
0 0.5139645625692137 0.04155592469545957 0.09830933923957169 0.08311184939091915
0 0.37504983388704316 0.035679217423403464 0.10471760797342178 0.07135843484680693
0 0.22277962347729796 0.030335917312661498 0.10151347360649685 0.060671834625322996
0 0.2158324104835732 0.15684016242155777 0.10044296788482829 0.08976005906238471
0 0.21956995201181248 0.2829309708379476 0.10579180509413075 0.09190107050572169
0 0.21102436323366566 0.5500775193798448 0.12929863418235513 0.11326688815060895
1 0.8959800664451828 0.44108342561830927 0.1827242524916944 0.08334809892949419
0 0.059822812846068635 0.28613879660391284 0.09403469915097813 0.08976005906238466
0 0.06569767441860462 0.15630860095976376 0.090826873385013 0.08441491325212254
0 0.3697065337763013 0.5661055740125507 0.09617201919527503 0.08762643041712802
0 0.3691731266149871 0.4239867109634552 0.09723883351790334 0.08976005906238471
0 0.5155684754521963 0.43093207825765967 0.0972425249169434 0.08869324473975636
0 0.7800406053894426 0.3139239571797711 0.0940346991509781 0.08976005906238466
0 0.9088021410114433 0.3133887043189369 0.09296788482834971 0.08228128460686608
1 0.9154817275747508 0.830577703949797 0.1682982650424512 0.2511148025101514
0 0.9280361757105945 0.18355481727574752 0.08228128460686585 0.08548541897379106
1 0.1965983757844223 0.8535511258767073 0.14105204872646726 0.2885123661867848
0 0.7832447397563677 0.18836471022517534 0.09403469915097828 0.09083056478405313
0 0.7832465854558879 0.06334256183093394 0.0918973791066814 0.08655223329641937
0 0.6496733111849391 0.052122554448135835 0.09617201919527518 0.08976005906238464
