1 0.8598812580231064 0.1429396662387677 0.1419319640564825 0.11290115532734281
0 0.8357028241335045 0.8107637997432606 0.08897946084724 0.09084724005134791
0 0.6823234916559692 0.14540115532734274 0.08835686777920425 0.08399871630295258
0 0.8434210526315788 0.9485269576379975 0.08898587933247756 0.0889794608472401
0 0.4012066752246469 0.9501059050064184 0.09109114249037216 0.09184210526315813
0 0.5397657252888318 0.8317008985879332 0.09281771501925537 0.09799743260590517
1 0.699303594351733 0.4575738125802311 0.1483761232349166 0.24644415917843385
0 0.8349582798459563 0.6830166880616174 0.10005776636713713 0.09109114249037226
0 0.6901604621309371 0.8214249037227215 0.08815147625160458 0.08426187419768956
1 0.9614313222079588 0.44728177150192544 0.07585365853658538 0.2533183568677791
1 0.30835044929396654 0.7936874197689344 0.19482670089858786 0.14451219512195115
0 0.9645731707317073 0.8114441591784339 0.06956996148908869 0.08960205391527612
0 0.5410815147625161 0.9437163029525032 0.08728498074454427 0.08685494223363277
0 0.8317008985879333 0.02905006418485237 0.08245186136071886 0.05810012836970474
0 0.8188414634146342 0.15226572528883187 0.08348523748395377 0.08192554557124507
1 0.845722079589217 0.4503915275994865 0.14186777920410792 0.2533119383825417
0 0.6946566110397946 0.9491591784338894 0.09557766367137348 0.10039794608472413
0 0.9668517329910141 0.14472721437740693 0.06501283697047493 0.10528241335044927
1 0.7315436456996148 0.7773491655969191 0.1431129653401797 0.15369704749679075
0 0.23507060333761234 0.8384788189987163 0.07541720154043645 0.07915275994865212
