0 0.23365134865134865 0.8905869130869132 0.08076923076923069 0.07844655344655356
0 0.09901348651348649 0.8955244755244754 0.08774725274725281 0.08193806193806172
0 0.37428321678321685 0.7661938061938062 0.08570929070929076 0.08377622377622386
0 0.23917832167832173 0.7741833166833167 0.08764735264735278 0.07941558441558434
0 0.09875124875124877 0.7744280719280718 0.09248751248751264 0.09055444555444563
0 0.09657092907092908 0.6497352647352647 0.0939410589410588 0.08910089910089927
0 0.23918081918081927 0.6456168831168831 0.08474525474525466 0.08280219780219773
0 0.37961288711288715 0.6480394605394606 0.0886163836163836 0.08764735264735245
0 0.5069655344655345 0.7698251748251748 0.08280219780219773 0.0832867132867133
0 0.3688711288711289 0.8826848151848153 0.07670329670329692 0.08193306693306693
0 0.5108516483516484 0.6543231768231768 0.08278221778221781 0.08476023976023994
0 0.5153046953046952 0.8960464535464535 0.09413586413586417 0.08541958041958048
