0 0.11918668668668667 0.8591491491491492 0.09707207207207218 0.09562562562562557
0 0.21046546546546546 0.957575075075075 0.09417417417417433 0.08384884884884887
0 0.2995670670670671 0.8598723723723725 0.09272772772772772 0.08548048048048056
0 0.38722222222222225 0.764974974974975 0.09417417417417406 0.08982982982982986
0 0.20756506506506503 0.770045045045045 0.08258758758758748 0.0825825825825826
0 0.03315315315315316 0.7722197197197197 0.06630630630630632 0.0811361361361362
0 0.1170120120120121 0.6889114114114113 0.08982982982982982 0.07968468468468475
0 0.29449699699699694 0.679496996996997 0.0970720720720722 0.08114614614614614
0 0.20322072072072062 0.5889414414414414 0.09127627627627624 0.08548048048048036
0 0.77261011011011 0.8801576576576577 0.09707207207207225 0.10286786786786796
0 0.7617417417417418 0.6990540540540541 0.10431431431431445 0.09417417417417412
0 0.6726376376376377 0.7946821821821822 0.07679679679679682 0.07969469469469477
