1 0.3108319957196361 0.6973194221508828 0.0956072766185126 0.1800107009095773
1 0.45144462279293746 0.5872525414660245 0.10218298555377182 0.19145532370251475
0 0.7527207062600321 0.13478598180845378 0.09388443017656509 0.08506688068485822
0 0.7419448903156768 0.7520706260032103 0.09025682182985556 0.08901016586409853
0 0.46051364365971115 0.8996655965757089 0.08888175494917078 0.08365436062065257
0 0.3053424291064741 0.13167469234884965 0.10270197966827169 0.10788657035848052
0 0.03700107009095772 0.26056982343499197 0.07400214018191544 0.09492241840556458
1 0.5990690208667736 0.4680872124130551 0.10083467094703052 0.15237560192616365
1 0.45476457998929914 0.8222070626003212 0.09410914927768857 0.21436597110754438
0 0.16711075441412523 0.38064740502942757 0.10218298555377223 0.09440342429106477
0 0.03656768325307652 0.7827581594435526 0.07313536650615304 0.09149812734082402
0 0.4578972712680578 0.6474852862493311 0.10433386837881216 0.09464954521134307
0 0.7431888710540396 0.5086971642589619 0.08901016586409816 0.096474050294275
0 0.8847940074906366 0.627271268057785 0.08589620117710002 0.0946067415730338
0 0.7468004280363831 0.25947298020331727 0.08651685393258421 0.08402889245585878
0 0.4557704654895665 0.1355644729802033 0.1058159443552702 0.10841091492776891
0 0.6003397538790798 0.5068298555377208 0.09585339753879091 0.0890048154093098
0 0.45718031032637785 0.3848287854467629 0.09710005350454792 0.10270197966827173
0 0.6023006955591226 0.1350481540930979 0.09906902086677383 0.09699839486356339
0 0.03596575708935261 0.13063670411985018 0.07193151417870522 0.09544141252006412
0 0.7481701444622794 0.3935446762974853 0.09150347779561267 0.096474050294275
0 0.4559336543606207 0.2606527554842162 0.09959336543606201 0.10083467094703052
1 0.17096308186195824 0.5796334938469769 0.09509898341359029 0.17029962546816482
0 0.8974398073836277 0.12622792937399677 0.09180845371856612 0.08973782771535584
0 0.8851070090957732 0.7483360085607277 0.0890048154093098 0.09647940074906383
1 0.04337613697164261 0.7069127875869449 0.08675227394328522 0.20973782771535576
0 0.602581594435527 0.2647619047619047 0.09399143927233826 0.08776886035312997
1 0.7197298020331729 0.6945425361155697 0.13175494917067943 0.19181380417335478
1 0.03997859818084539 0.48183253076511506 0.07995719636169078 0.17851792402354197
0 0.7391439272338148 0.8753130016051364 0.09959336543606234 0.10518994114499751
0 0.1616666666666667 0.13167469234884968 0.10685393258426983 0.09959336543606212
0 0.03325575173889779 0.5434563937934724 0.06651150347779558 0.08216158373461742
0 0.8916425896201177 0.2510085607276618 0.08216158373461761 0.08776350989834147
1 0.16558319957196357 0.3483868378812199 0.1040609951845906 0.14879079721776345
0 0.1715275548421615 0.63420278223649 0.09859283039058321 0.09187265917602999
0 0.31344569288389507 0.7652915997859818 0.0873943285179241 0.0814125200642054
0 0.8953772070626003 0.37860620652755483 0.0908721241305512 0.09025682182985556
