0 0.19514553014553018 0.878877338877339 0.09674636174636192 0.10218295218295231
0 0.3432848232848233 0.2724194386694387 0.07981288981289006 0.08525467775467786
0 0.06248700623700619 0.2857796257796257 0.09130457380457384 0.08525987525987527
0 0.06221413721413724 0.15977390852390852 0.0962370062370064 0.09422557172557172
0 0.20258316008316007 0.28064189189189187 0.084043659043659 0.08162681912681907
0 0.4910213097713099 0.03944906444906443 0.08613825363825366 0.07889812889812886
1 0.7361850311850312 0.035808212058212045 0.17904365904365901 0.07161642411642409
0 0.49565488565488564 0.2863227650727651 0.09795218295218303 0.08888253638253638
0 0.19786642411642405 0.7591580041580042 0.08767671517671517 0.08646569646569661
0 0.2083341995841996 0.1595192307692308 0.09120062370062387 0.08263513513513514
0 0.3544620582120583 0.03693087318087316 0.09220893970893963 0.07386174636174632
1 0.059074844074844 0.48329261954261954 0.09795218295218297 0.1480197505197505
0 0.7693607068607069 0.7670192307692308 0.10782744282744233 0.09904885654885663
0 0.7983939708939709 0.03766632016632018 0.09142411642411662 0.07533264033264037
0 0.2039137214137215 0.41088097713097715 0.08888773388773388 0.09371621621621617
1 0.704589397089397 0.6982692307692308 0.1790436590436591 0.19410602910602906
0 0.3489163201663202 0.15120582120582118 0.08918399168399177 0.08717255717255719
0 0.33693607068607073 0.7555301455301455 0.08646049896049887 0.09372141372141392
0 0.4869776507276507 0.15498440748440745 0.08615904365904357 0.08666320166320167
0 0.3469126819126819 0.3963695426195426 0.08827442827442837 0.08767671517671523
0 0.48325883575883566 0.40060550935550937 0.08767151767151782 0.09251039501039511
0 0.4732848232848233 0.7494828482328482 0.07981288981288973 0.08042099792099792
0 0.05994542619542622 0.0381912681912682 0.0977494802494801 0.0763825363825364
0 0.19907484407484405 0.5227416839916839 0.08646569646569628 0.09371621621621613
0 0.2083367983367984 0.034410083160083184 0.0881808731808731 0.06882016632016637
0 0.3366320166320166 0.6379261954261954 0.08344074844074838 0.09190228690228701
0 0.6433523908523909 0.2686356548856549 0.09403326403326427 0.08777027027027016
1 0.17628638253638265 0.7032744282744282 0.12798856548856552 0.18633056133056133
0 0.0603092515592516 0.5209277546777547 0.09311330561330565 0.08646049896049893
