0 0.4069354838709678 0.5665508684863524 0.09158808933002503 0.08080645161290322
0 0.24621277915632758 0.15711848635235734 0.0933808933002481 0.08081265508684865
0 0.08100496277915636 0.2774348635235732 0.09697270471464016 0.08799627791563276
0 0.40962779156327533 0.42109491315136477 0.08978908188585617 0.0879962779156328
0 0.4069354838709678 0.287310794044665 0.09877171215880909 0.0897828784119107
0 0.5694230769230769 0.2980086848635236 0.10668734491315145 0.10284119106699752
0 0.23545285359801488 0.8610732009925559 0.11854838709677412 0.12388337468982635
0 0.4114236972704714 0.15711848635235734 0.09338089330024826 0.08439826302729528
0 0.08190446650124068 0.13647022332506203 0.10235732009925558 0.08978908188585609
0 0.7301705955334987 0.16879032258064516 0.09876550868486343 0.09697270471464017
0 0.7461290322580645 0.29983250620347396 0.09535980148883368 0.0887468982630273
0 0.7299348635235732 0.44843672456575684 0.09572580645161288 0.09153846153846157
0 0.2457133995037221 0.286901364764268 0.09021091811414382 0.08359181141439205
0 0.8953939205955335 0.45490074441687345 0.0963709677419359 0.0852233250620347
0 0.06395781637717124 0.706637717121588 0.11674937965260548 0.11674937965260546
0 0.7426488833746898 0.5859150124069479 0.10997518610421826 0.10127171215880892
0 0.738991935483871 0.7291284119106699 0.10057692307692309 0.09326923076923076
0 0.24082506203473947 0.5710390818858562 0.0933746898263027 0.0861972704714642
0 0.7329001240694788 0.865555210918114 0.09745037220843687 0.09187965260545901
0 0.8965880893300247 0.3175093052109181 0.09079404466501242 0.08283498759305213
0 0.8961848635235733 0.1741377171215881 0.08660049627791554 0.07397022332506202
0 0.5691532258064518 0.5716470223325062 0.10614764267990087 0.09918734491315144
0 0.2457133995037221 0.420409429280397 0.09382133995037224 0.08239454094292811
0 0.5693269230769231 0.43852357320099256 0.09257444168734492 0.0828287841191067
0 0.575083746898263 0.1646681141439206 0.10959677419354846 0.10031637717121589
0 0.39885235732009916 0.7191997518610421 0.1113523573200993 0.113089330024814
0 0.07791563275434245 0.4184739454094292 0.09879652605459055 0.10088089330024812
0 0.06957196029776673 0.8438120347394541 0.13914392059553346 0.1278846153846153
0 0.9070564516129033 0.8691284119106699 0.12211538461538451 0.125725806451613
0 0.07624069478908187 0.5658870967741937 0.0805831265508684 0.07517369727047149
0 0.9062344913151366 0.7197890818858561 0.11358560794044655 0.10992555831265517
