0 0.1276525466464952 0.865648008068583 0.09780635400907729 0.09634896621280878
0 0.21962178517397882 0.961036308623298 0.09488653555219381 0.07691880988401398
0 0.30939737771053966 0.8663767019667172 0.09342914775592535 0.08612708018154314
0 0.3977155824508321 0.7707614725163893 0.09488653555219355 0.09050932929904183
0 0.2166994452849218 0.7758698940998487 0.08321230458900643 0.08320726172465963
0 0.03718608169440243 0.778061018658598 0.07437216338880485 0.08174987392839138
0 0.1254614220877459 0.694122541603631 0.09050932929904186 0.0802874432677761
0 0.3042889561270801 0.6846369137670196 0.0978063540090773 0.08175995965708523
0 0.21232223903176997 0.5933963691376701 0.09196671709531011 0.08612708018154314
0 0.7860186585980837 0.8868154311649017 0.0978063540090774 0.10364599092284416
0 0.7750680786686839 0.7043419062027232 0.10510337871911259 0.0948865355521936
0 0.6852899646999496 0.8006933938477055 0.07737771053958643 0.08029752899647005
