0 0.35704516539440195 0.21125318066157767 0.08954834605597958 0.08732824427480915
1 0.636851145038168 0.1402099236641221 0.16428753180661582 0.17169211195928744
1 0.5214090330788804 0.1305884223918575 0.1790903307888042 0.19093511450381667
1 0.24500318066157764 0.15131043256997456 0.08066793893129799 0.17613231552162842
1 0.4185432569974555 0.13947201017811703 0.15540712468193357 0.17316793893129756
1 0.31567748091603043 0.14575699745547074 0.13912849872773536 0.1813104325699747
0 0.24788804071246826 0.21310432569974558 0.09176844783714999 0.09250636132315529
0 0.055521628498727715 0.462029262086514 0.08376590330788795 0.08119592875318082
0 0.8066157760814249 0.1957124681933842 0.09324427480916027 0.09472010178117041
1 0.042970737913485976 0.38970737913486 0.08594147582697195 0.2014122137404579
0 0.6874713740458014 0.19275445292620863 0.09620229007633563 0.09768447837150122
0 0.5797932569974554 0.19497455470737912 0.08658396946564875 0.08436386768447833
0 0.4721215012722646 0.19978371501272268 0.09028625954198463 0.08954198473282443
1 0.7426781170483462 0.14057888040712468 0.1909287531806616 0.16946564885496188
