0 0.12926401869158877 0.243089953271028 0.11028037383177552 0.10295560747663551
0 0.7143078271028037 0.12255257009345792 0.09299649532710282 0.09440420560747657
0 0.5826168224299065 0.24156249999999996 0.11160046728971981 0.10652453271028041
0 0.7330578271028036 0.25204731308411216 0.11355724299065406 0.10820677570093452
0 0.42706775700934574 0.11052862149532712 0.09467289719626161 0.0879380841121495
0 0.42595502336448593 0.2554643691588785 0.09981892523364484 0.09063668224299072
0 0.2850292056074767 0.1062996495327102 0.11498831775700942 0.09974883177570092
0 0.13092873831775706 0.11169976635514019 0.10239485981308422 0.092838785046729
0 0.570146028037383 0.112508761682243 0.09169392523364485 0.08421144859813087
0 0.28164427570093453 0.2398568925233645 0.11159462616822409 0.10650116822429902
