1 0.8583941368078175 0.37766123778501626 0.1439934853420196 0.2571074918566774
0 0.7005016286644952 0.7542540716612378 0.08947231270358308 0.08552442996742696
0 0.8482247557003257 0.7434332247557004 0.09031270358306184 0.09220846905537453
0 0.8474690553745928 0.6137719869706839 0.10155700325732878 0.09245602605863197
0 0.5491889250814332 0.8783778501628665 0.08859283387622145 0.0881563517915308
0 0.7050651465798046 0.8852442996742669 0.09700977198697062 0.10458631921824105
1 0.8727654723127036 0.0656026058631922 0.14405863192182397 0.11459283387622154
0 0.23859283387622152 0.7715635179153095 0.07654723127035828 0.08033876221498372
1 0.7425048859934853 0.7095179153094463 0.145257328990228 0.15600000000000003
1 0.7097817589576547 0.38495114006514664 0.1505993485342019 0.25013680781758957
0 0.5478534201954397 0.7646840390879478 0.09420846905537454 0.09946579804560274
0 0.8311107491856677 0.0750684039087948 0.08473615635179153 0.08315309446254063
0 0.4072182410423452 0.8848631921824104 0.09245602605863183 0.09321824104234526
1 0.3129706840390879 0.7261009771986969 0.19774592833876212 0.14667752442996734
0 0.6925472312703583 0.06810097719869704 0.08968078175895783 0.08525732899022807
0 0.8560586319218241 0.8832605863192182 0.09031921824104226 0.09031270358306202
