0 0.6403538083538083 0.24682309582309578 0.08689926289926295 0.07831449631449636
1 0.5583218673218674 0.042014742014742014 0.20483046683046674 0.08373464373464379
0 0.642081081081081 0.14591891891891895 0.08576412776412755 0.08231449631449632
1 0.5615356265356265 0.1488943488943489 0.21058968058968072 0.0696805896805898
0 0.7585085995085996 0.26010810810810814 0.07823587223587225 0.07942014742014744
1 0.5589999999999999 0.24062162162162157 0.20750368550368548 0.0812432432432432
1 0.5663415233415232 0.34968058968058974 0.21689926289926278 0.08245700245700242
0 0.0343882063882064 0.3533562653562654 0.0687764127764128 0.0994103194103194
0 0.6427223587223587 0.356963144963145 0.10048157248157277 0.08824570024570026
0 0.762235872235872 0.1533513513513513 0.09115479115479115 0.0822899262899263
0 0.029796068796068793 0.23920638820638826 0.059592137592137585 0.08883046683046682
0 0.6397911547911548 0.038943488943488945 0.08690417690417652 0.07788697788697789
0 0.764110565110565 0.04447174447174447 0.09752825552825561 0.08894348894348894
0 0.7672506142506142 0.3657616707616707 0.10334643734643749 0.0896560196560197
0 0.030508599508599528 0.1278943488943489 0.061017199017199056 0.0877002457002457
