0 0.5555216595485052 0.06507016473459425 0.08846857840146427 0.08743136058572296
0 0.40154972544234285 0.05589078706528373 0.09888956680902986 0.09359975594874916
0 0.40923428920073207 0.21964917632702868 0.08304453935326425 0.07878584502745573
0 0.09949054301403285 0.21402074435631482 0.12791336180597934 0.11532641854789502
0 0.5640268456375839 0.2077821842586943 0.11657107992678477 0.11126906650396591
0 0.250784014643075 0.06992373398413668 0.09713849908480787 0.08830384380719951
0 0.0817510677242221 0.06965832824893224 0.10881025015253183 0.09991458206223304
0 0.25030811470408776 0.21065588773642463 0.11172056131787685 0.1125869432580842
0 0.7230811470408784 0.21961256863941422 0.09566809029896284 0.09713849908480783
0 0.7015832824893228 0.0834716290420988 0.09713849908480784 0.09860890787065277
