0 0.4164209341586944 0.7836465953854811 0.10408553742262248 0.09427124366910523
0 0.424214969048959 0.15365222284749577 0.11258300506471573 0.11002813731007315
0 0.418297692740574 0.2776983680360157 0.10299943725379836 0.10346651660101297
0 0.41836522228474954 0.4056668542487338 0.0944682048396173 0.09086100168823857
0 0.4178897017445131 0.6543134496342149 0.0963308947664602 0.10071468767585821
1 0.9256612267867192 0.8013505908835115 0.14755205402363514 0.0847495779403489
0 0.8597974113674732 0.29154192459200895 0.0980754079909961 0.08861001688238605
0 0.8599380979178392 0.41473550928531233 0.09903207653348345 0.09061902082160941
0 0.5745132245357343 0.2805008441193022 0.10546989307822183 0.09752391671356217
0 0.5652616769836804 0.1576899268429938 0.0981091727630836 0.09711311198649408
0 0.5679966235227912 0.40711873944850874 0.09206527855936966 0.0889138998311761
1 0.9276308384918404 0.9163731007315701 0.1436128306133933 0.09273494653911085
0 0.4208469330332019 0.5257794034890264 0.11857625211029826 0.10702307259426001
0 0.5673691615081597 0.9116404051772651 0.1093021947101857 0.10423747889701741
0 0.8619274057400111 0.16370568373663477 0.09122678671918949 0.08959482273494651
0 0.5585875070343276 0.788458075407991 0.09824423185143506 0.09905458638154195
0 0.571961170512099 0.6614265616207091 0.1049803038829489 0.09639279684862123
0 0.564794597636466 0.5337872819358469 0.10957794034890256 0.1042881260551491
0 0.8645891952729319 0.6578052898142939 0.0993978615644345 0.09846933033202024
0 0.8628953292065278 0.5329628587507035 0.10482273494653922 0.10070343275182891
