1 0.18653867403314917 0.37994751381215464 0.10258011049723735 0.15579558011049707
0 0.6566795580110497 0.04241988950276241 0.09625414364640879 0.08483977900552482
0 0.6501988950276242 0.17091712707182322 0.09811049723756869 0.0888508287292817
0 0.6437182320441991 0.301878453038674 0.09255248618784553 0.09718232044198884
0 0.6279861878453039 0.6679281767955801 0.09255801104972393 0.09255248618784534
0 0.4799005524861879 0.6697762430939226 0.10181215469613261 0.09810497237569048
0 0.4812900552486188 0.5411270718232044 0.09162983425414352 0.08885082872928161
0 0.4928563535911601 0.2870718232044198 0.0888508287292818 0.08977900552486189
0 0.49470994475138125 0.15842265193370164 0.08329834254143648 0.08607182320441999
0 0.5160000000000001 0.043654696132596676 0.08514917127071825 0.0823701657458563
0 0.3535662983425414 0.048281767955801094 0.08237016574585639 0.08051933701657459
0 0.34987016574585644 0.1709033149171271 0.08421546961325958 0.07771823204419892
0 0.3521767955801105 0.3166850828729281 0.08514917127071815 0.09348066298342543
0 0.3433839779005526 0.4300635359116021 0.0953314917127073 0.09810497237569048
0 0.33829558011049726 0.5536243093922651 0.09255801104972361 0.09348066298342529
0 0.33320441988950283 0.6739419889502762 0.09718232044198902 0.09347513812154698
0 0.33181767955801117 0.8049060773480664 0.10365745856353584 0.09995580110497243
0 0.18928453038674034 0.5480718232044199 0.0907016574585636 0.09348066298342567
0 0.19067403314917133 0.42034530386740326 0.10088397790055241 0.09533149171270716
0 0.19761325966850818 0.17508011049723757 0.09995580110497242 0.09717679558011039
0 0.20270441988950277 0.04519889502762428 0.10273480662983418 0.09039779005524856
0 0.044662983425414325 0.050135359116022106 0.08932596685082865 0.09533149171270716
0 0.04235082872928175 0.15981215469613258 0.0847016574585635 0.08885082872928186
0 0.0455883977900553 0.30419337016574594 0.0911767955801106 0.10181215469613256
