0 0.7143078271028037 0.12255257009345792 0.09299649532710282 0.09440420560747657
0 0.28925233644859816 0.1071378504672897 0.09300233644859802 0.0845443925233645
0 0.28841121495327104 0.24072137850467287 0.10822429906542068 0.11158294392523373
0 0.4327219626168225 0.2478358644859813 0.11329439252336453 0.09907126168224292
0 0.433828855140187 0.10545852803738316 0.09805490654205605 0.09132593457943933
0 0.5800817757009346 0.24155957943925233 0.09300233644859826 0.0896144859813085
0 0.5726869158878505 0.11081483644859817 0.08661214953271007 0.08082359813084121
0 0.13431366822429905 0.11169976635514019 0.0990128504672896 0.092838785046729
0 0.13941880841121493 0.24478095794392524 0.10691004672897182 0.10296144859813082
0 0.7406688084112151 0.25711740654205606 0.11866238317757044 0.11835864485981318
