0 0.5741084123222748 0.22906398104265402 0.10117890995260677 0.09088862559241696
0 0.27743187203791475 0.2393542654028436 0.09775473933649277 0.09774881516587677
0 0.27914691943127967 0.09444312796208527 0.09432464454976296 0.08574644549763033
0 0.566611374407583 0.09903139810426538 0.08784360189573438 0.08369075829383883
0 0.11858412322274874 0.09477488151658763 0.09356635071090053 0.09582938388625592
0 0.12204976303317534 0.23489928909952607 0.1015639810426538 0.09930094786729847
0 0.41783175355450236 0.23714454976303312 0.11149289099526083 0.10390995260663513
0 0.7292387440758293 0.23884774881516585 0.10492298578199086 0.10115521327014218
0 0.7102458530805688 0.11007701421800944 0.09431872037914694 0.09574644549763027
0 0.42322274881516597 0.09102488151658766 0.09774881516587677 0.09259478672985777
