0 0.3014925373134329 0.12251435132032144 0.09140068886337534 0.08308840413318026
0 0.5809156142365097 0.0269804822043628 0.09673363949483373 0.0539609644087256
0 0.15005740528128583 0.1294747416762342 0.0823650975889782 0.07958094144661303
0 0.5806572904707233 0.24964408725602755 0.10471297359357058 0.09802525832376581
0 0.7310017221584386 0.2591130884041332 0.11493111366245691 0.10467853042479902
0 0.44190011481056257 0.11586681974741671 0.10632606199770396 0.10303099885189439
0 0.5783811710677381 0.13112227324913892 0.0884500574052812 0.0894202066590126
0 0.43418197474167625 0.267451205510907 0.09809988518943731 0.10068886337543041
0 0.7124512055109071 0.027497129735935696 0.09941446613088427 0.05499425947187139
0 0.2965011481056256 0.26209242250287024 0.10138346727898977 0.09640068886337545
0 0.14510332950631458 0.25778415614236505 0.10673938002296186 0.09788748564867965
0 0.7192278989667049 0.13766360505166472 0.09139494833524683 0.09277841561423646
