0 0.9499413265306123 0.29490051020408165 0.09941326530612234 0.09051530612244907
0 0.2587295918367347 0.798466836734694 0.09316326530612241 0.09059693877551034
1 0.5775765306122449 0.8329107142857143 0.13341836734693868 0.19059693877551034
0 0.38221938775510206 0.4337423469387755 0.09397959183673474 0.08111734693877547
0 0.07530867346938776 0.07044387755102037 0.08754591836734694 0.08161224489795921
1 0.42156632653061227 0.39709438775510203 0.15384693877551017 0.14679081632653046
0 0.5203086734693877 0.5630841836734696 0.08012755102040817 0.07894387755102039
1 0.8288647959183674 0.8276122448979591 0.0862499999999999 0.20014285714285726
0 0.8199974489795917 0.9059591836734693 0.08404591836734697 0.07906122448979595
1 0.13526785714285716 0.060262755102040814 0.18213775510204086 0.09487244897959173
0 0.23482397959183676 0.3056352040816327 0.09496428571428578 0.07814795918367348
1 0.28965561224489794 0.277530612244898 0.16618877551020408 0.12167346938775514
0 0.5534744897959183 0.8876556122448981 0.08546938775510193 0.08903571428571429
0 0.944747448979592 0.05154846938775509 0.0999132653061223 0.09051530612244903
0 0.9525255102040816 0.7928443877551019 0.09259183673469396 0.08725000000000009
0 0.40018367346938777 0.6655637755102041 0.09060204081632642 0.08803571428571438
1 0.9577423469387755 0.7205204081632651 0.08349489795918374 0.19999999999999996
1 0.9518367346938776 0.5058903061224489 0.09530612244897964 0.1702295918367346
0 0.8005663265306122 0.05600255102040816 0.09743877551020406 0.09645408163265302
1 0.439969387755102 0.6029974489795918 0.14025510204081626 0.19059693877551007
0 0.9494132653061227 0.5646530612244899 0.0861836734693877 0.07834693877551019
0 0.9464795918367347 0.17099999999999999 0.10238775510204072 0.0910102040816326
1 0.5567806122448978 0.5049158163265306 0.12826530612244902 0.16559693877551038
