0 0.047027379400260826 0.1694654498044329 0.09405475880052165 0.0973794002607563
1 0.36503911342894396 0.5745958279009126 0.0917340286831811 0.20181225554106905
0 0.61875814863103 0.2757887874837028 0.09252281616688379 0.09176010430247719
0 0.12872555410690997 0.45249022164276415 0.08372229465449792 0.08190352020860488
1 0.49764341590612776 0.5513135593220339 0.18493481095176018 0.22833767926988272
0 0.7890547588005218 0.17984680573663625 0.08221642764015635 0.08222294654498051
0 0.16285202086049547 0.8242438070404171 0.07553455019556707 0.07735332464146018
0 0.10679595827900915 0.6057822685788787 0.08554758800521511 0.08199478487614069
0 0.035651890482398994 0.6936049543676662 0.07130378096479799 0.09200782268578865
0 0.23065189048239892 0.8833963494132986 0.08736636245110821 0.09191655801825299
0 0.03971968709256849 0.5254432855280314 0.07943937418513698 0.09289439374185131
0 0.2497001303780965 0.3745338983050847 0.09857887874837049 0.10047588005215113
0 0.4107855280312907 0.10644393741851375 0.0929009126466755 0.08910691003911346
1 0.2106323337679269 0.8014471968709258 0.10374185136896992 0.23761408083441976
0 0.5258050847457628 0.09191003911342895 0.08531290743155152 0.08531942633637557
1 0.14101694915254248 0.758673402868318 0.1010169491525424 0.18665580182529334
0 0.7555280312907432 0.08843220338983049 0.09606258148631011 0.08848109517601044
0 0.16532920469361145 0.2933800521512386 0.08797262059973943 0.08417861799217721
0 0.9192438070404171 0.1589928292046936 0.08348109517601 0.0834876140808345
0 0.45572033898305087 0.17829856584093876 0.09163624511082145 0.08784876140808343
0 0.6831975228161669 0.1861668839634941 0.08411342894393725 0.08474576271186442
0 0.8394426336375488 0.2685853976531942 0.09858539765319403 0.10010430247718376
1 0.625700782268579 0.13078878748370273 0.1847392438070404 0.1901955671447197
0 0.18713168187744456 0.5391590612777053 0.09859191655801808 0.09353324641460233
0 0.3889700130378097 0.28943937418513693 0.09404172099087342 0.0947979139504564
0 0.9565547588005217 0.2716166883963494 0.08558670143415888 0.09706649282920464
1 0.15003259452412002 0.2557790091264667 0.10680573663624524 0.1624185136897002
1 0.8614960886571055 0.1206844850065189 0.19383963494133008 0.15925684485006517
0 0.5688428943937418 0.19852020860495434 0.07394393741851377 0.07899608865710549
0 0.12551499348109516 0.08603324641460236 0.08279009126466753 0.0796284224250325
1 0.2271968709256845 0.30981421121251634 0.10554106910039089 0.19844198174706656
0 0.7290971316818774 0.2708604954367666 0.08872881355932197 0.08645371577574959
0 0.5008311603650586 0.2875423728813559 0.09176662320730114 0.0894915254237288
0 0.551900260756193 0.6290352020860495 0.11102346805736633 0.10920469361147318
0 0.3821740547588006 0.6344980443285527 0.09737288135593211 0.10192959582790105
