1 0.8096096291476902 0.06011060507482108 0.15040988939492522 0.12022121014964215
0 0.9416590761223161 0.18254391672088488 0.09536759921925826 0.089316851008458
1 0.7136987638256344 0.05030253741054005 0.15694860117111256 0.1006050748210801
1 0.9136987638256343 0.048666232921275185 0.1449642160052049 0.09733246584255037
0 0.48535783994795056 0.17762524398178267 0.10717631750162657 0.10627195836044252
0 0.8746714378659728 0.07907612231620037 0.08249837345478218 0.0809889394925179
0 0.6038906961613533 0.1789427456083279 0.09536759921925836 0.09455432661027988
0 0.8311515940143136 0.18254391672088488 0.08931685100845799 0.08174365647365003
0 0.7577325959661679 0.0934580351333767 0.07871828236824978 0.07796356538711773
1 0.5987117761873781 0.05793103448275859 0.16675341574495764 0.11586206896551718
0 0.6570657124268054 0.07037410540013017 0.08174365647364991 0.08325959661678596
1 0.9551398828887443 0.1135914118412492 0.08841899804814576 0.19527651268705276
0 0.5442940793754066 0.08929733246584255 0.09082628497072225 0.09385816525699428
0 0.717996096291477 0.18481457384515293 0.08703968770331802 0.08023422251138575
