0 0.24061063690085363 0.5871799080761654 0.099934340118188 0.09102429415627047
0 0.07210439921208145 0.44185489166119507 0.10388049901510178 0.09194353250164165
1 0.21348982271831907 0.48450426789231776 0.10357846355876558 0.13016414970453047
1 0.05393302692055161 0.35917268548916614 0.10786605384110322 0.15964543663821404
1 0.6796815495732108 0.722091267235719 0.17644780039395963 0.10537754432042029
1 0.6705416940249506 0.4583322390019698 0.187780695994747 0.12253447143795133
1 0.5304267892317792 0.600548260013132 0.1871437951411687 0.11916611950098499
1 0.5169041365725541 0.34198621142481944 0.17492449113591585 0.1359619172685489
0 0.5747931713722915 0.3026460932370322 0.09707156927117538 0.09548260013131975
0 0.5847373604727512 0.851240971766251 0.08860801050558127 0.08631648063033494
0 0.7239855548260012 0.7185620485883125 0.10235062376887698 0.09089954038082715
0 0.4272455679579776 0.9690151017728169 0.10173998686802381 0.0606565988181223
0 0.7328693368351938 0.4336703873933027 0.10131319763624437 0.09441891004596188
0 0.2373243598161524 0.45104727511490483 0.10724228496388699 0.0889100459619173
0 0.4266053841103086 0.8481286933683518 0.10449113591595523 0.09990807616546286
0 0.4294451739986867 0.7119927774130006 0.09013131976362446 0.08784635587655938
0 0.58026920551543 0.969290873276428 0.09082074852265255 0.06010505581089955
0 0.4266874589625739 0.4430728824688116 0.08994747209455042 0.08840446487196323
0 0.4206959947472095 0.15863099146421536 0.09866053841103069 0.09388706500328295
0 0.4282501641497045 0.5692481943532502 0.08363099146421532 0.0893302692055155
0 0.062035456336178615 0.17600131319763626 0.10847012475377533 0.10158896913985556
0 0.0725771503611294 0.5806894287590282 0.11992777413000665 0.10617202889034816
0 0.7417071569271176 0.849333552199606 0.09395929087327644 0.08860801050558109
0 0.592564018384767 0.5832567301378857 0.09866710439921215 0.09866053841103083
0 0.06241628365068954 0.31181221273801707 0.10006565988181226 0.0908995403808273
