1 0.4370371789957838 0.5325680337293983 0.09208892295898799 0.2951322345726332
1 0.45260636259103093 0.5148371023380606 0.06420850900728241 0.27931008049060935
1 0.04491376006132618 0.746257186661556 0.08982752012265235 0.31943656573399765
1 0.059359908010732085 0.655026830203143 0.11871981602146417 0.360640091989268
1 0.11711575316213108 0.6082062092755846 0.08989267918742813 0.3301418167880414
1 0.15617669605212722 0.6684036029129935 0.1294863932541203 0.33816404752778845
1 0.25061709467228827 0.613022230739747 0.11717899578382525 0.33656190111153705
1 0.27790724415484863 0.5755691835952472 0.09684936757378304 0.30552702184745123
1 0.3723457263319279 0.5541644308164048 0.0888233039478727 0.30124568800306634
1 0.3466634725948639 0.5811862782675354 0.1091567650440782 0.3306745879647375
1 0.8339957838252204 0.6218838635492526 0.3312418551169029 0.17197776926025293
1 0.5163683403602913 0.5192525871981603 0.09098121885779997 0.28403986201609815
