0 0.2957893120393121 0.6571652334152334 0.10495700245700244 0.10989557739557747
0 0.3031971744471744 0.5145454545454544 0.11483415233415223 0.11113022113022107
0 0.6415325552825553 0.9483568796068796 0.09754914004913984 0.10204545454545448
0 0.12271191646191651 0.7695116707616708 0.10301597051597053 0.10361793611793614
0 0.468931203931204 0.9387192874692873 0.11933660933660924 0.12133292383292389
0 0.30122850122850114 0.3585565110565111 0.11969287469287478 0.11314496314496307
0 0.12262592137592136 0.6225122850122851 0.11493243243243252 0.11076167076167097
0 0.3075245700245699 0.05573710073710074 0.12862407862407862 0.11147420147420148
0 0.29881142506142516 0.7701934889434888 0.11194717444717445 0.11433046683046683
1 0.1395024570024571 0.5520884520884523 0.11576167076167079 0.20577395577395569
0 0.3048894348894348 0.2175184275184275 0.11969287469287473 0.10718673218673223
0 0.4804668304668305 0.19572788697788698 0.12565110565110557 0.12148034398034396
1 0.4808599508599508 0.15699938574938577 0.13039312039312045 0.1748464373464374
1 0.46239557739557735 0.8523280098280098 0.12269041769041787 0.2418181818181818
1 0.6330927518427517 0.8505497542997543 0.13335995085995067 0.2524877149877149
0 0.13322788697788712 0.334173832923833 0.12207002457002455 0.12148034398034394
0 0.13974508599508606 0.1835687960687961 0.12564496314496326 0.1095700245700245
0 0.1323556511056512 0.04560810810810811 0.12148034398034396 0.09121621621621621
