0 0.6652803497942387 0.6750925925925926 0.09514917695473252 0.08916666666666663
0 0.8071553497942388 0.6773482510288066 0.09824074074074078 0.0972479423868312
0 0.9508204732510288 0.6728575102880658 0.09733024691358033 0.09126028806584377
1 0.5515303497942387 0.7799974279835391 0.13148662551440332 0.12495370370370389
0 0.5109953703703705 0.8160468106995884 0.07755658436213986 0.07109567901234563
0 0.9535648148148148 0.9182124485596708 0.09184156378600843 0.09126028806584348
1 0.13638117283950618 0.6816435185185186 0.18363683127572022 0.09565329218106985
0 0.23675668724279836 0.9290354938271607 0.09574588477366261 0.07879115226337456
1 0.29203960905349796 0.9006995884773662 0.1675565843621399 0.12267489711934167
0 0.07592849794238683 0.6919084362139918 0.08826646090534981 0.08228395061728402
0 0.9510699588477367 0.7932921810699588 0.09683127572016471 0.0917592592592592
