0 0.46455328310010774 0.9547712594187299 0.10018299246501607 0.08938105489773936
0 0.7571420882669537 0.9584041980624328 0.08702906350914948 0.08211517761033367
0 0.7631001076426266 0.6956539289558666 0.09131324004305706 0.0892195909580193
0 0.9028417653390742 0.9510952637244349 0.08264800861141042 0.08828310010764277
0 0.6120694294940797 0.960123789020452 0.09454790096878375 0.07867599569429504
0 0.16854413347685687 0.8310548977395049 0.10748654467169014 0.1001829924650163
0 0.7630974165769645 0.8341846071044133 0.09444025834230367 0.08557050592034433
0 0.46438912809472543 0.8349677072120559 0.10644241119483322 0.10905274488697526
0 0.037572658772874024 0.7040016146393971 0.07514531754574805 0.09548439181916046
0 0.4594294940796556 0.7011329386437029 0.10487621097954805 0.09913347685683552
0 0.6117868675995695 0.8344483315392895 0.09965554359526377 0.09757265877287412
0 0.9144160387513456 0.6982642626480086 0.09548439181916017 0.0944402583423033
0 0.6094375672766416 0.7000914962325081 0.1012217438105489 0.09600645855758899
0 0.3130705059203444 0.8310548977395049 0.1033100107642625 0.10852529601722283
0 0.04018030139935413 0.956216361679225 0.08036060279870826 0.08649085037674921
0 0.3109849300322929 0.697481162540366 0.11270182992465023 0.0866092572658773
0 0.9086733046286328 0.8255758880516685 0.09235199138858992 0.09026910656620028
0 0.03913885898815933 0.830010764262648 0.07827771797631866 0.0960064585575888
