1 0.12340686274509798 0.46215336134453777 0.08385854341736694 0.13628151260504207
1 0.21988970588235301 0.4626435574229692 0.08102591036414564 0.13404061624649852
1 0.31740196078431376 0.46156687675070035 0.08284313725490211 0.13517857142857148
1 0.410031512605042 0.4569450280112045 0.09289215686274503 0.13741946778711486
1 0.5058473389355743 0.45605567226890753 0.09810924369747909 0.13816176470588235
1 0.6012447478991597 0.45600140056022404 0.10875700280112047 0.13197478991596634
1 0.5978501400560223 0.45651435574229693 0.11418767507002797 0.13298669467787114
1 0.6871148459383755 0.4531425070028012 0.12422969187675077 0.13407913165266105
1 0.7762044817927172 0.4525192577030812 0.13711484593837547 0.1358998599439777
1 0.8610819327731093 0.4521235994397759 0.1544467787114848 0.13272058823529406
1 0.03057598039215688 0.7253711484593838 0.06115196078431376 0.3010294117647061
1 0.11188025210084034 0.7267612044817927 0.08861344537815141 0.29682773109243704
1 0.21677170868347342 0.7121341036414566 0.0785714285714286 0.31894607843137246
1 0.3209033613445378 0.7223266806722689 0.08284313725490211 0.2981547619047619
1 0.430234593837535 0.715703781512605 0.07412464985994394 0.2956232492997198
1 0.5426820728291317 0.7213322829131653 0.07920168067226883 0.30099789915966385
1 0.6415091036414565 0.7299947478991596 0.0802170868347339 0.278406862745098
1 0.7538340336134454 0.7124964985994398 0.0855392156862746 0.305126050420168
1 0.8516456582633055 0.7114495798319327 0.0873249299719887 0.2926470588235294
1 0.944502801120448 0.7061799719887955 0.08963585434173656 0.30570728291316523
1 0.03885679271708681 0.46353641456582634 0.07771358543417362 0.13686274509803917
