0 0.09792269326683294 0.6487630922693267 0.09380049875311706 0.08896758104738167
0 0.24031920199501255 0.6446508728179552 0.08461845386533662 0.08267830423940144
0 0.38054114713216963 0.647069825436409 0.08848379052369071 0.08751620947630902
0 0.23479800498753117 0.8892543640897755 0.08064837905236903 0.07832917705735666
0 0.10036159600997503 0.8941845386533667 0.08761596009975066 0.0818154613466334
0 0.5160299251870323 0.894705735660848 0.09399501246882801 0.08529177057356618
0 0.3698154613466334 0.8813640897755611 0.07658852867830446 0.08181047381546143
0 0.10009975062344141 0.7732693266832918 0.09234912718204503 0.09041895261845397
0 0.2403167082294264 0.7730249376558603 0.08751620947630935 0.07929675810473812
0 0.3752194513715711 0.7650473815461346 0.08558104738154619 0.08365087281795507
0 0.5115835411471322 0.6533441396508728 0.08265835411471319 0.08463341645885299
0 0.5077032418952618 0.7686733167082295 0.08267830423940144 0.08316209476309226
