0 0.40502723970944315 0.7389225181598063 0.09250000000000025 0.09322033898305081
0 0.6940556900726392 0.34306900726392253 0.0863559322033897 0.0798426150121065
0 0.5590889830508474 0.4498547215496368 0.08591404358353497 0.08380145278450356
0 0.5543795399515737 0.5964648910411622 0.09955811138014518 0.0995641646489104
0 0.40484261501210655 0.8679842615012107 0.09663438256658588 0.09188861985472167
0 0.4000817191283293 0.32746670702179176 0.09858958837772396 0.08168886198547219
0 0.3944461259079903 0.20423123486682807 0.0859140435835353 0.07605326876513319
0 0.25287227602905576 0.16468523002421306 0.10695520581113804 0.10343825665859564
0 0.5475121065375302 0.20248789346246973 0.09357142857142882 0.08763922518159803
0 0.10900423728813563 0.858311138014528 0.09621670702179194 0.10262711864406769
0 0.6923486682808716 0.2148547215496368 0.09682808716707027 0.08558111380145278
0 0.39712772397094437 0.4682566585956417 0.09885593220338978 0.09145278450363196
0 0.5534564164648912 0.7332929782082324 0.08168280871670702 0.08450363196125914
0 0.5668341404358354 0.8685018159806296 0.08450363196125905 0.07746368038740922
0 0.6945006053268766 0.616794794188862 0.0963740920096853 0.09111985472154976
0 0.7046640435835352 0.8741434624697336 0.08907384987893495 0.0788559322033898
0 0.7024061743341404 0.4756144067796611 0.08884382566585963 0.08476392251815976
0 0.10135290556900736 0.4468220338983051 0.10513922518159809 0.08761501210653751
0 0.0969733656174333 0.3206567796610169 0.09987893462469734 0.09111985472154963
0 0.09784806295399515 0.17609261501210652 0.09812953995157364 0.0963740920096852
0 0.25467917675544793 0.7122911622276029 0.09286924939467318 0.08586561743341405
0 0.5555690072639224 0.3347185230024213 0.09013317191283306 0.09013922518159803
0 0.25905569007263923 0.5721065375302663 0.08761501210653741 0.08585956416464884
0 0.24888619854721558 0.44400726392251816 0.10070217917675552 0.0838014527845037
0 0.2485290556900726 0.8603722760290556 0.10165859564164653 0.09810532687651327
0 0.1088135593220339 0.719188861985472 0.10406779661016928 0.10157384987893471
0 0.3953359564164649 0.601425544794189 0.10483656174334137 0.10695520581113804
0 0.10667070217917678 0.583840799031477 0.11273607748184034 0.11246368038740927
0 0.2502966101694915 0.3031325665859564 0.09812348668280867 0.09461864406779655
0 0.7002814769975788 0.7390677966101695 0.09199152542372901 0.08323244552058107
