1 0.55460024600246 0.2324384993849939 0.2361746617466174 0.15597170971709712
1 0.7069926199261992 0.23494464944649446 0.21471094710947125 0.13808118081180812
1 0.8515190651906519 0.24388683886838874 0.2190036900369003 0.14881918819188208
0 0.7737115621156212 0.288490159901599 0.09186346863468636 0.08327798277982768
0 0.7762884378843788 0.4258579335793359 0.08843173431734333 0.0798462484624846
0 0.7947447724477245 0.5460578105781057 0.09100246002460026 0.08499384993849939
0 0.7917404674046741 0.6769833948339482 0.08499384993849939 0.07898523985239851
0 0.8024723247232473 0.8100615006150061 0.0892865928659286 0.08757687576875776
0 0.6466420664206642 0.8001875768757687 0.09530135301353021 0.09186346863468627
0 0.6449261992619926 0.6761254612546125 0.09530135301353021 0.09100861008610099
0 0.2104981549815498 0.2592988929889299 0.08671586715867159 0.0815621156211563
0 0.22080258302583022 0.37821033210332106 0.08670971709717093 0.07726937269372684
0 0.2268142681426814 0.5069926199261993 0.09014760147601472 0.07899138991389913
0 0.2336808118081181 0.6331980319803199 0.0884317343173432 0.08585485854858547
0 0.23453874538745387 0.7636961869618697 0.10559655596555965 0.09959409594095915
0 0.9514329643296433 0.8289483394833949 0.08671586715867158 0.08585485854858547
0 0.9424169741697417 0.686860393603936 0.0910086100861007 0.09186346863468636
0 0.9325430504305043 0.5658025830258303 0.09701722017220167 0.09701722017220177
0 0.9316851168511685 0.4322970479704797 0.09873308733087334 0.0910024600246005
0 0.929538745387454 0.2970756457564575 0.09444034440344402 0.08670971709717094
0 0.638059655596556 0.5327460024600247 0.09186346863468646 0.08070725707257079
0 0.6226045510455104 0.41898831488314886 0.09701722017220177 0.08843173431734314
0 0.6256119311193111 0.27861623616236164 0.08929274292742924 0.08585485854858539
0 0.46376998769987704 0.27732779827798276 0.09014760147601479 0.08843173431734314
0 0.4809471094710948 0.40181734317343176 0.08156211562115616 0.07469249692496914
0 0.5032656826568265 0.5331765067650677 0.07813038130381304 0.07469249692496947
0 0.5225830258302583 0.6495141451414513 0.08242312423124226 0.07726937269372694
0 0.5178628536285362 0.787309348093481 0.09186346863468636 0.08843173431734314
0 0.3624630996309963 0.7873093480934809 0.08327798277982787 0.0798462484624846
0 0.3641789667896679 0.6623923739237392 0.09529520295202958 0.0910086100861009
0 0.3521617466174662 0.5181519065190653 0.09186346863468631 0.08757072570725705
0 0.34571955719557196 0.39623616236162357 0.09959409594095943 0.08585485854858539
0 0.3367066420664207 0.25629151291512914 0.09186346863468631 0.08585485854858543
0 0.3341328413284133 0.11720787207872074 0.09014760147601475 0.08242312423124229
