0 0.35363168724279836 0.40257973251028806 0.08736625514403296 0.0867746913580248
0 0.21648148148148155 0.03920010288065846 0.08727366255144023 0.07840020576131693
0 0.21210390946502064 0.41694187242798353 0.08797325102880656 0.09275205761316874
0 0.06997685185185189 0.5258564814814816 0.09215534979423873 0.08557098765432093
0 0.49225565843621394 0.16367798353909463 0.08527263374485587 0.08577160493827163
1 0.7076286008230452 0.7013734567901233 0.17720164609053507 0.1921090534979423
0 0.07186213991769548 0.16841820987654318 0.09524691358024705 0.09325617283950614
0 0.06961676954732512 0.042942386831275735 0.09674382716049368 0.08588477366255147
0 0.6470216049382717 0.27615997942386833 0.0930658436213994 0.08686728395061716
0 0.21078703703703705 0.28804269547325106 0.08317901234567893 0.080787037037037
0 0.3556147119341564 0.15993827160493826 0.08826646090534987 0.08627572016460905
1 0.7388991769547325 0.04058384773662551 0.17720164609053496 0.08116769547325102
0 0.34375771604938277 0.758045267489712 0.08557098765432093 0.09275720164609069
1 0.18476080246913593 0.706327160493827 0.1266718106995885 0.18441358024691357
0 0.20731481481481479 0.5276517489711934 0.08557613168724261 0.09275205761316878
0 0.34345679012345665 0.6416512345679013 0.08258230452674895 0.09095679012345688
0 0.4885751028806584 0.40677211934156376 0.08676954732510299 0.09155864197530868
0 0.3500411522633745 0.2799048353909465 0.07899176954732534 0.08437757201646097
0 0.0721322016460905 0.29312757201646084 0.0903652263374486 0.0843827160493827
0 0.49625771604938285 0.044729938271604895 0.08525205761316867 0.08728909465020579
0 0.20611882716049376 0.7616358024691359 0.0867746913580247 0.08557613168724294
0 0.8004681069958849 0.04348251028806583 0.09048353909465039 0.08272633744855976
0 0.20342592592592595 0.8801234567901235 0.0957510288065845 0.1011316872427984
0 0.7717335390946501 0.7694161522633746 0.10671810699588435 0.09802983539094659
0 0.5008436213991769 0.29366512345679013 0.0969444444444445 0.08796810699588481
0 0.2164789094650206 0.16816615226337453 0.09026234567901248 0.08178497942386832
1 0.06875514403292174 0.4886085390946502 0.09694444444444446 0.14649691358024688
0 0.36110339506172845 0.04169495884773661 0.09126028806584358 0.08338991769547321
0 0.4787037037037038 0.7520601851851851 0.07899176954732512 0.07959362139917706
