1 0.8337146371463715 0.2723739237392374 0.21900369003690057 0.1488191881918818
1 0.6874108241082411 0.25808733087330876 0.21471094710947108 0.13808118081180798
1 0.5367958179581797 0.25558118081180814 0.2361746617466174 0.15597170971709726
0 0.756110086100861 0.3004059040590406 0.09730012300123002 0.09014760147601471
0 0.764338868388684 0.440639606396064 0.09945264452644531 0.08728167281672816
0 0.781150061500615 0.5608364083640837 0.09444034440344411 0.0844280442804427
0 0.9246125461254614 0.702881303813038 0.0910086100861009 0.09186346863468654
0 0.20722632226322266 0.5301383763837638 0.09014760147601475 0.07898523985239851
0 0.912109471094711 0.4456918819188191 0.09873308733087315 0.09100246002460008
0 0.9130565805658057 0.3084071340713407 0.09444034440344402 0.08671586715867148
0 0.33614083640836406 0.5377337023370233 0.09186346863468636 0.08757072570725732
0 0.781509840098401 0.6924846248462485 0.09658671586715858 0.08585485854858567
0 0.7820910209102091 0.8268173431734317 0.0892865928659287 0.08757072570725685
0 0.22122078720787205 0.6581242312423123 0.08843173431734314 0.08585485854858539
0 0.22029827798277984 0.7886223862238623 0.10560270602706023 0.09959409594095953
0 0.33147908979089796 0.41582410824108235 0.09958794587945885 0.08585485854858539
0 0.5062730627306273 0.6675399753997538 0.08242312423124226 0.07726937269372694
0 0.5058425584255842 0.8027644526445266 0.09186961869618708 0.08843173431734314
0 0.9191482164821649 0.5843450184501845 0.09701722017220167 0.09701722017220177
0 0.6226045510455104 0.41898831488314886 0.09701722017220177 0.08843173431734314
0 0.638059655596556 0.5327460024600247 0.09186346863468646 0.08070725707257079
0 0.3163284132841328 0.13857011070110697 0.09014760147601479 0.0824169741697417
0 0.34288130381303816 0.8104520295202953 0.08327798277982783 0.0798462484624845
0 0.46892373923739233 0.41727244772447736 0.08156211562115626 0.07469249692496914
0 0.19091635916359165 0.27710332103321034 0.08671586715867159 0.08156211562115626
0 0.3374753997539976 0.6855350553505536 0.09529520295202958 0.0910086100861009
0 0.4517527675276753 0.2962146371463714 0.09014760147601479 0.08843173431734314
0 0.6329089790897908 0.8216512915129152 0.09530135301353011 0.09186346863468627
0 0.48695571955719563 0.5512054120541205 0.07813038130381304 0.07469864698646962
0 0.19944034440344402 0.39957257072570734 0.08671586715867158 0.07727552275522766
0 0.6153075030750307 0.2940713407134071 0.0892865928659286 0.08585485854858557
0 0.6449261992619926 0.6761254612546125 0.09530135301353021 0.09100861008610099
