1 0.28372459560348406 0.3716694317710494 0.13952716715055996 0.17249688925756937
1 0.19968892575694727 0.377098714226462 0.13711323102447115 0.1680754873496475
1 0.10459145582745752 0.38011406055578595 0.11902115304852763 0.1733015346329324
1 0.035609705516383254 0.3885586893405226 0.07121941103276651 0.17812940688510995
1 0.6713438407299877 0.3515636665284115 0.17169639153878072 0.15319784321858146
1 0.5985649108253837 0.3545810866860224 0.1676731646619659 0.1560141020323518
1 0.5478556615512236 0.6355972625466612 0.08738282870178353 0.2813065118208213
1 0.6409788469514724 0.6404230609705517 0.09413521360431347 0.28034010783907104
1 0.8250580671920366 0.6232932393197843 0.07435503940273779 0.2808212360016591
1 0.5265906262961427 0.35860223973454997 0.15480713396930734 0.16083782662795512
1 0.7618726669431771 0.6360804645375362 0.09457071754458739 0.2861302364164246
1 0.41926379095810856 0.631976358357528 0.08304023226876812 0.27889257569473236
1 0.3369950228121111 0.64187059311489 0.07676897552882625 0.28516798009124844
1 0.4505951887183741 0.37026337619245125 0.14354624637080046 0.15118622978017415
1 0.2779116549149731 0.6700974699294899 0.0868560763168809 0.29530070510161777
1 0.07597884695147238 0.6925342181667358 0.09602239734549986 0.3411364579012857
1 0.3673620904189133 0.3664433844877644 0.14355039402737466 0.16606802156781417
