0 0.7903716216216217 0.8300522113022113 0.08918304668304652 0.08746314496314493
0 0.7633998771498772 0.4413267813267813 0.09933046683046691 0.08717444717444726
0 0.7801904176904176 0.5613759213759214 0.09432432432432442 0.08432432432432425
0 0.20697174447174452 0.5289342751842753 0.09003685503685503 0.07888820638820657
0 0.925205773955774 0.6995915233415233 0.09089066339066339 0.09175061425061415
0 0.20097051597051596 0.4020884520884522 0.0866093366093366 0.0771744471744471
0 0.9141124078624079 0.5749785012285011 0.09689803439803431 0.0968980343980344
0 0.512063882063882 0.665995085995086 0.08232186732186732 0.07717444717444706
0 0.1977948402948403 0.2762100737100737 0.08660933660933663 0.08146191646191651
0 0.914490171990172 0.44534398034398043 0.09861179361179345 0.0908968058968059
0 0.9148157248157247 0.30781941031941035 0.09432432432432424 0.08660933660933659
0 0.595654176904177 0.03319717444717442 0.08746314496314511 0.06639434889434884
0 0.31771498771498774 0.14674140049140055 0.09003685503685506 0.08231572481572483
0 0.21943181818181817 0.7911547911547911 0.10547297297297295 0.0994717444717443
0 0.6285626535626536 0.818955773955774 0.09518427518427518 0.09175675675675661
0 0.4853624078624078 0.5510350122850124 0.078034398034398 0.07460073710073697
0 0.7551812039312038 0.3012653562653563 0.09718058968058965 0.090036855036855
0 0.7805497542997543 0.6928624078624079 0.09646805896805893 0.08574938574938588
0 0.6212223587223588 0.5506081081081081 0.09175675675675671 0.08060196560196543
0 0.33171375921375923 0.4155006142506142 0.09947174447174449 0.08575552825552811
0 0.47047297297297297 0.42848587223587226 0.08146191646191638 0.07460073710073735
0 0.6330221130221131 0.6950429975429975 0.09518427518427508 0.09089680589680595
0 0.343495085995086 0.812266584766585 0.08318181818181816 0.07974201474201477
0 0.45826167076167085 0.2992045454545455 0.09003685503685506 0.08832309582309582
0 0.6131971744471745 0.43452088452088455 0.09689803439803431 0.08831695331695312
0 0.3439742014742015 0.6899692874692875 0.09518427518427518 0.09089680589680595
0 0.6137285012285013 0.30049140049140055 0.08917690417690416 0.08574938574938569
0 0.33444103194103186 0.5446744471744471 0.09175675675675675 0.0874692874692873
0 0.5011732186732187 0.8172051597051597 0.0917567567567568 0.08831695331695331
0 0.9218611793611792 0.853857493857494 0.08660933660933653 0.08574938574938569
1 0.686566339066339 0.2589987714987715 0.21444717444717448 0.13791154791154778
0 0.21981265356265356 0.6571068796068795 0.08832309582309579 0.08574938574938597
1 0.830909090909091 0.2661547911547911 0.2187346437346436 0.14863636363636362
1 0.5361363636363636 0.2547205159705159 0.23588452088452083 0.1557800982800981
