0 0.04119251336898394 0.26515508021390366 0.08238502673796788 0.08772192513368982
0 0.040537433155080245 0.5070935828877006 0.08107486631016049 0.08895721925133677
0 0.17190374331550806 0.8753796791443851 0.09954010695187182 0.1051336898395724
0 0.18092513368983965 0.39386898395721925 0.09145454545454541 0.09642245989304812
0 0.17955614973262032 0.25986898395721925 0.08647058823529404 0.08398395721925134
0 0.47216310160427805 0.13058288770053475 0.08864705882352936 0.08916577540106954
0 0.48109090909090907 0.26571390374331555 0.1007807486631016 0.09144919786096255
0 0.32432085561497326 0.2514090909090909 0.08211764705882377 0.08771657754010706
0 0.17594652406417113 0.5089598930481284 0.08896256684491961 0.09642245989304807
0 0.3301149732620321 0.12669518716577538 0.09175935828877015 0.08968983957219254
1 0.15250000000000008 0.6947058823529412 0.13168449197860962 0.19171122994652406
0 0.7627005347593583 0.7602914438502675 0.1109411764705877 0.10190909090909095
1 0.04114705882352938 0.4683716577540107 0.08229411764705875 0.15229411764705877
0 0.18547326203208558 0.13524866310160433 0.09383422459893065 0.08502139037433158
0 0.633053475935829 0.24751604278074865 0.09674866310160461 0.09030481283422451
1 0.6960588235294117 0.6895561497326202 0.18421390374331553 0.19971122994652402
0 0.4683368983957219 0.38329679144385037 0.0902032085561499 0.09518181818181838
0 0.04232085561497332 0.13551069518716574 0.08464171122994664 0.0969465240641711
0 0.3280534759358289 0.3789385026737968 0.09082352941176476 0.09020855614973267
0 0.3174759358288769 0.6274705882352942 0.08585026737967909 0.09455614973262041
0 0.45807486631016053 0.7422486631016042 0.08211764705882349 0.08274331550802151
0 0.31778877005347594 0.7484705882352941 0.08895721925133682 0.09642780748663109
0 0.17470320855614968 0.7522032085561497 0.09020855614973267 0.08896256684491988
