1 0.25383830022075055 0.5597764900662251 0.1918377483443709 0.11402317880794699
0 0.856528697571744 0.5641528697571744 0.0898785871964682 0.1008002207505518
0 0.7220253863134659 0.4527621412803532 0.08153421633554093 0.08217991169977926
0 0.7229884105960265 0.5628697571743929 0.08346026490066231 0.08410596026490062
0 0.7236313465783665 0.6909519867549668 0.08987858719646812 0.08731236203090488
0 0.5923371964679912 0.5744260485651214 0.08282008830022074 0.08153421633554075
0 0.5975938189845474 0.6884519867549669 0.08920529801324499 0.08285320088300209
0 0.4681318984547461 0.679539183222958 0.08285320088300219 0.08136313465783669
0 0.4664597130242825 0.570860927152318 0.09214679911699783 0.08694260485651216
0 0.3494260485651214 0.6802786975717439 0.0809933774834437 0.08285320088300227
0 0.19835264900662253 0.5778283664459161 0.08127483443708612 0.07783112582781455
1 0.7524972406181016 0.4433636865342163 0.13644039735099342 0.1155684326710817
