1 0.25401948460088 0.18218730358265242 0.07970458830923975 0.1740289126335637
1 0.32384978001257064 0.17670018856065367 0.13746700188560654 0.17914519170333137
1 0.42548711502199876 0.17049025769956003 0.15355122564424867 0.17109993714644867
1 0.5271244500314268 0.1617127592708988 0.1769516027655565 0.18865493400377112
1 0.6411879321181647 0.17121935889377748 0.162325581395349 0.16964173475801372
1 0.7457510999371465 0.17158390949088625 0.18864864864864875 0.1674418604651163
0 0.8089252042740415 0.2260590823381521 0.09213073538654921 0.09358893777498423
0 0.6912036455059711 0.2231363922061596 0.09505342551854153 0.09651791326209921
0 0.584811439346323 0.22532998114393463 0.08554996857322428 0.08335637963544934
0 0.4784255185417976 0.23008170961659333 0.08920804525455682 0.08847265870521683
0 0.3647234443746071 0.24141420490257703 0.08847894406033938 0.08628535512256444
0 0.25686989314896297 0.24324324324324326 0.09067253299811429 0.09140163419233194
