0 0.3429434447300772 0.4554177377892031 0.09282776349614397 0.08597686375321331
0 0.503068766066838 0.32457904884318767 0.0903406169665811 0.08473650385604115
0 0.5080494858611825 0.5843862467866324 0.10778277634961438 0.09719151670951158
0 0.345125321336761 0.5906169665809768 0.1021786632390747 0.09221079691516708
0 0.1797075835475578 0.5896818766066838 0.09408097686375312 0.09034061696658091
0 0.6590874035989718 0.18370822622107968 0.1069151670951154 0.09420308483290486
0 0.025967223650385587 0.8505784061696658 0.051934447300771173 0.08151670951156831
0 0.8284158097686375 0.43520244215938303 0.09689588688946008 0.08702442159383027
0 0.9691066838046273 0.3051992287917738 0.06050128534704357 0.08897172236503857
0 0.178573264781491 0.4630269922879177 0.0912082262210796 0.08597686375321341
0 0.1684800771208227 0.3081169665809769 0.08672879177377897 0.07925449871465301
1 0.9593894601542416 0.35155526992287917 0.07993573264781499 0.15625964010282778
1 0.19702763496143963 0.4868766066838047 0.10902956298200524 0.12523136246786634
1 0.19016066838046272 0.34736825192802057 0.12111825192802045 0.13981362467866318
1 0.6575899742930592 0.22146529562982006 0.12186375321336765 0.14579691516709511
1 0.3506298200514138 0.48090938303341907 0.11059125964010282 0.1287596401028278
1 0.8180976863753214 0.47333226221079683 0.11214652956298203 0.15072622107969147
1 0.50353470437018 0.3560411311053985 0.10695372750642684 0.14070694087403604
0 0.6659897172236504 0.5781555269922878 0.0984447300771207 0.09470437017994857
0 0.6659897172236504 0.5781555269922878 0.0984447300771207 0.09470437017994857
