0 0.7177919823232323 0.07494632143984843 0.1370612373737373 0.12613514366908746
0 0.23852746212121217 0.6846100410483107 0.17636047979797978 0.16452794442690247
0 0.4834138257575757 0.6777549731607199 0.1653882575757576 0.1544742658667508
0 0.7241887626262626 0.6983201768234922 0.1681313131313133 0.15355857278181237
0 0.241272095959596 0.49311809283233343 0.17452651515151518 0.16361540890432585
0 0.4779324494949495 0.2851752447110831 0.1361489898989899 0.1334512156615093
0 0.7040861742424243 0.2934022734449005 0.13706123737373738 0.12065361540890428
0 0.4797585227272727 0.0900284180612567 0.1379766414141414 0.12339753710135774
0 0.9151625631313132 0.10419482159772657 0.1480271464646464 0.13527944426902433
0 0.9133349116161616 0.3103110198926429 0.13706123737373738 0.12522576570887273
0 0.9274968434343435 0.5031733501736659 0.12883838383838397 0.12156615093148092
0 0.9334374999999999 0.7097458162298704 0.12975378787878766 0.11973792232396596
1 0.4062610479797979 0.9313056520366277 0.15789457070707064 0.1367571834543733
