1 0.9406425 0.7259375 0.10131500000000015 0.19973500000000025
1 0.133005 0.07534249999999998 0.18816 0.08539499999999997
1 0.41313500000000003 0.4091525 0.15076999999999996 0.14385499999999993
0 0.9275499999999999 0.18757999999999997 0.10033999999999996 0.08918999999999992
0 0.9334749999999999 0.7969875 0.09073999999999989 0.08550500000000005
0 0.9309425000000001 0.3090025 0.0974249999999999 0.08870500000000008
0 0.23012750000000004 0.31952250000000004 0.09306500000000006 0.07658499999999996
1 0.2838625 0.29198 0.16286500000000004 0.11924000000000004
0 0.39218000000000003 0.6722524999999999 0.0887899999999999 0.08627500000000007
0 0.374575 0.4450675 0.09210000000000006 0.07949499999999993
0 0.253555 0.8024975000000001 0.09129999999999994 0.08878500000000004
0 0.9258525 0.07051749999999998 0.09791500000000004 0.08870500000000006
0 0.784555 0.0748825 0.09548999999999995 0.09452499999999997
0 0.07380250000000001 0.08903499999999996 0.08579500000000002 0.07998000000000001
1 0.43393499999999996 0.6105599999999999 0.1396 0.18845999999999993
