1 0.5438651102464332 0.3607230869001298 0.18024643320363173 0.26435149156939053
1 0.055509079118028555 0.711413748378729 0.11101815823605711 0.4292736705577171
1 0.191352140077821 0.7107944228274966 0.1128858625162125 0.383715953307393
0 0.7172146562905318 0.8553112840466927 0.09807392996108981 0.09933852140077794
0 0.4135570687418936 0.5944001297016861 0.10562256809338515 0.10184824902723748
0 0.5644714656290531 0.8628631647211414 0.1107587548638132 0.10887808041504524
0 0.5572114137483787 0.5852853437094683 0.09996108949416332 0.10499351491569404
0 0.5528145265888458 0.05075226977950713 0.1100259403372243 0.10150453955901426
0 0.7106776913099871 0.049623865110246426 0.09423476005188086 0.09053177691309981
0 0.419066147859922 0.8746757457846952 0.09143968871595336 0.0950583657587547
1 0.49895590142671864 0.05191958495460438 0.17184176394293119 0.10383916990920876
1 0.1053566796368353 0.7012289234760052 0.07770428015564183 0.40437743190661485
1 0.8096206225680934 0.6979571984435797 0.1928339818417637 0.13579766536964952
1 0.4003728923476005 0.3643450064850842 0.1250259403372243 0.25892347600518795
1 0.5438651102464332 0.3607230869001298 0.18024643320363173 0.26435149156939053
0 0.8717282749675743 0.7343482490272373 0.10230220492866406 0.10230220492866406
0 0.5619293125810637 0.7254863813229572 0.09807392996108953 0.09996108949416342
0 0.41616407263294414 0.7380252918287936 0.11075875486381326 0.103249027237354
