0 0.628685064935065 0.2385579004329004 0.09790043290043321 0.09137987012987002
1 0.035673701298701274 0.6952516233766234 0.07134740259740255 0.18954004329004326
1 0.6924404761904761 0.6858603896103895 0.1864069264069264 0.20208874458874454
0 0.7598755411255411 0.7574377705627706 0.1122619047619043 0.10312229437229438
0 0.16204545454545455 0.8738961038961038 0.10072510822510837 0.10638528138528155
0 0.1648782467532467 0.7492532467532468 0.09128246753246756 0.09002164502164511
0 0.3221401515151515 0.11629870129870128 0.09285173160173166 0.09075757575757577
0 0.47491341991341984 0.2569724025974026 0.10198051948051956 0.09253787878787877
0 0.1711742424242425 0.38665313852813854 0.09254329004329004 0.09757034632034627
0 0.036872294372294424 0.12521915584415583 0.07374458874458885 0.09810064935064933
0 0.17577651515151518 0.12495400432900439 0.09495129870129888 0.08603354978354978
1 0.03568452380952378 0.462042748917749 0.07136904761904755 0.15410714285714283
0 0.040262445887445875 0.8826461038961039 0.08052489177489175 0.10575757575757577
0 0.31627705627705627 0.24249729437229436 0.08309523809523836 0.08876082251082262
0 0.30935064935064926 0.6230357142857144 0.08687229437229434 0.0956818181818182
1 0.1424107142857144 0.6910714285714286 0.13325216450216448 0.1939935064935065
0 0.32005411255411254 0.3715449134199134 0.09190476190476198 0.09128246753246759
0 0.16978896103896104 0.2510579004329005 0.08749999999999991 0.08498376623376626
0 0.46587932900432893 0.12023268398268397 0.08970238095238094 0.09022727272727275
0 0.03506764069264073 0.5012256493506494 0.07013528138528145 0.09001623376623373
0 0.46200757575757573 0.37595508658008664 0.09127705627705644 0.09631493506493517
0 0.30966720779220785 0.7454761904761904 0.09001623376623369 0.09757575757575775
0 0.03573051948051947 0.25640692640692636 0.07146103896103893 0.08876623376623374
0 0.1661363636363636 0.5031141774891774 0.09002164502164484 0.09757034632034636
0 0.45162337662337676 0.7391801948051948 0.08309523809523803 0.08372835497835505
0 0.03454004329004325 0.7588744588744589 0.0690800865800865 0.08745670995670994
