1 0.4688962207558489 0.7171775644871026 0.25356928614277124 0.09722255548890221
0 0.5620605878824234 0.8554739052189562 0.10108578284343152 0.08719256148770231
1 0.4758248350329935 0.8552099580083983 0.2535092981403719 0.09206358728254338
0 0.5592591481703659 0.5841391721655669 0.09692261547690446 0.08475104979004207
0 0.7029784043191363 0.7324175164967006 0.091163767246551 0.08248350329934012
0 0.5574745050989802 0.7266946610677865 0.08094781043791244 0.08374325134973011
0 0.6968086382723455 0.33998200359928016 0.08557888422315535 0.07912417516496703
0 0.5630563887222555 0.44580683863227355 0.08514097180563876 0.0830473905218956
0 0.5595680863827234 0.3317066586682664 0.08932213557288549 0.08932813437312533
0 0.7050839832033593 0.47133473305338935 0.08804439112177583 0.08400119976004804
0 0.7073215356928615 0.8662777444511098 0.0882723455308941 0.07814637072585497
0 0.6972495500899821 0.61124475104979 0.09550689862027595 0.09029994001199769
0 0.695116976604679 0.21292141571685666 0.09595680863827243 0.08481103779244151
0 0.5498440311937612 0.19805638872225556 0.09620875824835036 0.08163167366526698
1 0.6078254349130173 0.9694061187762447 0.23965806838632284 0.059988002399520055
