1 0.6138258736971182 0.4875229920294299 0.24800735744941724 0.09215205395462911
1 0.6069282648681792 0.6255058246474556 0.24206008583691008 0.08853464132434097
1 0.6117412630288165 0.751931330472103 0.2509503372164314 0.08399754751686087
1 0.609077253218884 0.8794911097486204 0.25198651134273425 0.09717964438994492
0 0.6964224402207236 0.7485836909871244 0.09317596566523637 0.08430410790925809
0 0.7008614347026364 0.8853985285101164 0.09022072348252641 0.07987124463519317
0 0.6905671367259351 0.6247363580625384 0.09761496014714896 0.0922930717351319
0 0.6901164929491109 0.34748620478234216 0.08746781115879813 0.08087063151440835
0 0.5487768240343348 0.19886879215205394 0.08059472716125096 0.0763151440833844
0 0.5498467198038014 0.3390282035561006 0.09129368485591674 0.09129981606376454
0 0.6985744941753524 0.4817381974248927 0.08998773758430423 0.0858553034947885
0 0.6883874923359901 0.21762109135499694 0.098074800735745 0.0866830165542612
