1 0.6251647727272727 0.7132102272727273 0.10307196969696965 0.29057196969696975
1 0.8461098484848484 0.6951174242424242 0.10416666666666673 0.3311439393939392
1 0.6701458333333333 0.4083996212121212 0.14284469696969693 0.14504924242424244
1 0.3691003787878787 0.4187632575757576 0.09606439393939396 0.1361628787878788
1 0.16102272727272726 0.415564393939394 0.0777348484848486 0.15123484848484847
1 0.8561420454545455 0.40729734848484844 0.16818560606060626 0.14357954545454535
1 0.7370094696969697 0.7060814393939393 0.09210984848484852 0.3004431818181817
1 0.9511003787878789 0.6951174242424244 0.09704166666666655 0.33333333333333354
1 0.3691003787878787 0.4187632575757576 0.09606439393939396 0.1361628787878788
1 0.5678844696969696 0.412594696969697 0.1176553030303031 0.14277272727272733
1 0.4698276515151515 0.4141268939393939 0.10539015151515155 0.14431439393939383
1 0.057568181818181824 0.4225492424242424 0.07895454545454532 0.13862121212121203
1 0.26448863636363634 0.41550000000000004 0.09033333333333318 0.15026515151515157
1 0.7623011363636364 0.4051477272727273 0.1542310606060608 0.15290909090909097
