1 0.20144480519480523 0.4831222943722944 0.09790043290043296 0.17767316017316015
1 0.19596049783549782 0.24924242424242424 0.10524350649350661 0.14685064935064923
1 0.4924323593073592 0.3702543290043289 0.10153138528138533 0.15137445887445886
0 0.9346672077922079 0.6725784632034633 0.08561147186147192 0.08561147186147192
0 0.947573051948052 0.5510849567099566 0.09253787878787877 0.08813311688311705
0 0.9459983766233768 0.29801677489177486 0.0818344155844156 0.07680194805194811
0 0.9566991341991342 0.17620670995670995 0.08309523809523817 0.08372294372294375
0 0.9497781385281385 0.035067640692640664 0.09820346320346324 0.07013528138528133
0 0.7927137445887446 0.033179112554112586 0.1000919913419915 0.06635822510822517
0 0.7920806277056278 0.15700757575757573 0.10764610389610374 0.1120562770562771
0 0.7864177489177491 0.27851461038961034 0.09632034632034638 0.09566558441558443
0 0.7876758658008658 0.4122754329004329 0.09379329004328996 0.1000919913419912
0 0.6428869047619048 0.15008387445887447 0.1000919913419912 0.09316558441558442
0 0.6454058441558441 0.033179112554112586 0.09883116883116902 0.06635822510822517
0 0.4921212121212122 0.03349296536796536 0.1095346320346321 0.06698593073593072
0 0.4899161255411255 0.14126893939393942 0.11267857142857134 0.10324134199134197
0 0.4914880952380952 0.4037770562770563 0.10575757575757559 0.0956818181818183
0 0.346387987012987 0.40188852813852816 0.10764610389610407 0.09568181818181816
0 0.3454437229437229 0.27913419913419907 0.10827922077922073 0.0906493506493506
0 0.34449675324675333 0.14882305194805193 0.10890692640692655 0.10071969696969689
0 0.1981385281385282 0.5277895021645022 0.09820346320346324 0.09316558441558435
0 0.19530303030303037 0.28259469696969697 0.10512987012987002 0.0975703463203464
0 0.1931006493506493 0.03727002164502164 0.11079004329004317 0.07454004329004328
0 0.34607142857142853 0.032234848484848505 0.1095346320346321 0.06446969696969701
1 0.9346239177489177 0.5019751082251082 0.10333874458874479 0.1658874458874459
