0 0.23253333333333334 0.8186349206349208 0.0746031746031746 0.07829841269841281
0 0.6827111111111112 0.8017650793650793 0.08719999999999993 0.08335238095238115
1 0.6917555555555556 0.44184126984126987 0.1467746031746031 0.24378412698412694
0 0.5352412698412699 0.922736507936508 0.08634285714285714 0.08591746031746028
0 0.8259460317460319 0.6648507936507936 0.09897777777777765 0.09010793650793646
0 0.6871587301587302 0.9294285714285713 0.09454603174603168 0.10193015873015872
0 0.8100031746031746 0.13982857142857144 0.08258412698412688 0.08104126984126973
0 0.9595587301587299 0.7918920634920635 0.0796126984126985 0.08863492063492083
1 0.8365936507936509 0.43473650793650787 0.14033650793650815 0.25057777777777773
0 0.39687619047619044 0.9290571428571427 0.09010793650793641 0.09085079365079358
0 0.8266825396825397 0.7912190476190477 0.08801904761904754 0.08986666666666658
1 0.3050222222222222 0.774326984126984 0.1927238095238095 0.1429523809523808
0 0.9618126984126983 0.13237142857142856 0.07510476190476187 0.10414603174603172
1 0.7236476190476191 0.7581650793650795 0.14156825396825398 0.15203809523809528
1 0.8506 0.13060317460317464 0.1404 0.11168253968253974
1 0.9564507936507937 0.43166031746031736 0.08582857142857137 0.2505841269841268
1 0.9652222222222221 0.7578571428571429 0.06828571428571432 0.15019047619047632
