0 0.2958385876418662 0.905264817150063 0.0889029003783102 0.09242118537200496
1 0.3735119798234553 0.09647225725094577 0.16707440100882723 0.11868221941992421
0 0.43473833543505674 0.7602143757881463 0.09535308953341741 0.09718789407314002
0 0.5857156368221943 0.8864375788146281 0.0953530895334177 0.09658259773013851
1 0.2776639344262295 0.40909205548549804 0.12155737704918028 0.25174022698612847
0 0.7359426229508196 0.7688303909205548 0.09946406052963434 0.09946406052963434
0 0.29048234552332913 0.632764817150063 0.1026923076923077 0.09902269861286273
1 0.41717528373266083 0.4055706179066836 0.17524590163934428 0.25701765447667096
1 0.07266708701134932 0.7229602774274906 0.11711223203026468 0.3997667087011351
0 0.43015132408575035 0.6239029003783102 0.09718789407313988 0.10208070617906684
0 0.4258764186633039 0.10250315258511976 0.10697351828499362 0.1020807061790669
1 0.6755580075662042 0.7334489281210592 0.18748423707440073 0.13203026481714986
1 0.41717528373266083 0.4055706179066836 0.17524590163934428 0.25701765447667096
