0 0.5730025856496445 0.26018099547511314 0.08798319327731083 0.08572721396250801
0 0.682420814479638 0.25792501616031027 0.09775694893341925 0.09926308985132508
0 0.41409502262443443 0.18844861021331608 0.07332255979314822 0.07833225597931473
0 0.5274886877828056 0.1761990950226244 0.08340659340659319 0.08403361344537816
0 0.6324563671622497 0.16993212669683258 0.08152553329023904 0.08153199741435042
0 0.8034906270200387 0.2609308338720103 0.09475113122171934 0.09625080801551383
0 0.2357336780866193 0.27860374919198455 0.09325145442792486 0.09400129282482228
0 0.30192307692307696 0.1683968972204267 0.09086619263089857 0.08711053652230123
0 0.7615513897866838 0.14925339366515836 0.08277957336780825 0.08278603749191993
0 0.02879444085326443 0.28251131221719455 0.05758888170652886 0.08347123464770516
0 0.5992113768584357 0.07928571428571428 0.09525533290239147 0.08773755656108599
0 0.3714188752424047 0.08273432449903038 0.08459599224305096 0.08460245636716231
0 0.257365869424693 0.09714608920491279 0.09212023270846817 0.08835811247575957
1 0.07531997414350354 0.29880736910148675 0.10465416936005147 0.19677440206851982
1 0.7042889463477697 0.11126696832579185 0.19221073044602485 0.15791855203619906
0 0.04223658694246924 0.5262249515190691 0.08447317388493848 0.09274725274725273
1 0.470475113122172 0.12128636069812539 0.18318681318681315 0.18859728506787327
1 0.21200387847446672 0.5613639301874594 0.09096315449256616 0.20011635423400118
0 0.09763413057530702 0.3629831932773109 0.09775048480930852 0.0996315449256625
1 0.2770943762120232 0.541622495151907 0.15250808015513914 0.21387201034259865
1 0.3804201680672269 0.5371073044602456 0.16784744667097626 0.21025856496444734
1 0.48329023917259223 0.5384615384615384 0.1732643826761475 0.21296703296703293
1 0.5843600517129929 0.542524240465417 0.18769877181641859 0.22288946347769875
1 0.6786619263089854 0.5325985778926956 0.15250161603102788 0.20484809308338722
0 0.7278442146089205 0.6038881706528766 0.08843568196509391 0.08392372333548792
0 0.6457239819004524 0.617873303167421 0.09745959922430476 0.09204912734324504
0 0.5410439560439559 0.6097543632837751 0.09204266321913346 0.09023917259211392
0 0.4286974789915967 0.6043406593406594 0.09655462184873939 0.09745959922430514
0 0.3213089851325146 0.6156173238526181 0.09294764059469944 0.08753716871363933
0 0.22430187459599232 0.6278021978021977 0.08301874595992234 0.0776082740788623
0 0.08156431803490616 0.874534583063995 0.09529411764705886 0.09095669036845497
0 0.02832902391725924 0.8111829347123464 0.05665804783451848 0.0812152553329024
1 0.06039107950872668 0.7862798965740142 0.08998707175177766 0.23932126696832567
0 0.34665481577246277 0.27672268907563025 0.09099547511312214 0.08873949579831933
0 0.463590820943762 0.2650678733031675 0.09174531351001924 0.09098901098901098
