1 0.30531444241316263 0.7125868372943327 0.09843144424131624 0.31646435100548437
1 0.9527989031078611 0.7057074954296162 0.09367093235831785 0.3217550274223036
1 0.39101462522851915 0.43895246800731264 0.09272760511882999 0.13143327239488115
1 0.39101462522851915 0.43895246800731264 0.09272760511882999 0.13143327239488115
1 0.4882431444241316 0.43447714808043875 0.10172943327239496 0.13930164533820838
1 0.1963601462522852 0.712798903107861 0.08758683729433281 0.3062559414990859
1 0.6381846435100549 0.7231718464351005 0.0994917733089578 0.28047897623400364
1 0.09030347349177333 0.44260694698354663 0.07621206581352818 0.1338062157221206
1 0.7705575868372945 0.42580987202925047 0.14887385740402215 0.14759780621572213
1 0.4243875685557587 0.6893016453382084 0.08890676416819018 0.3439853747714807
1 0.5828939670932357 0.43299817184643513 0.11356855575868374 0.13781352833638033
1 0.19016453382084092 0.4358647166361974 0.0750347349177332 0.14598171846435096
1 0.8514552102376598 0.705707495429616 0.10054844606946987 0.31964168190127945
1 0.6816032906764168 0.42894881170018284 0.13788299817184632 0.1400109689213894
1 0.8611389396709324 0.4278848263254114 0.16234369287020117 0.1385923217550274
1 0.532873857404022 0.7062376599634369 0.09420109689213883 0.32070201096892126
1 0.09407129798903112 0.7085118829981718 0.09126508226691048 0.31972943327239484
1 0.290036563071298 0.4358025594149908 0.08719561243144411 0.14504570383912255
1 0.7461444241316272 0.716290676416819 0.08891042047532005 0.2900073126142595
