0 0.544436775262286 0.602448923246825 0.11023191606847037 0.11177802319160678
0 0.5425069022639426 0.47834345665378253 0.1156267255659857 0.10406405300938702
0 0.7137934842628382 0.8785615681943677 0.10482606294864713 0.1040806184428495
0 0.7080866924351187 0.7400441744892325 0.09866924351187188 0.09558255107675306
0 0.692824406405301 0.4702457205963556 0.10637769188293754 0.09404196576477085
0 0.6955190502484815 0.61208172280508 0.1025234676974049 0.1002098288238542
1 0.40491165102153504 0.8510491441192712 0.10252346769740467 0.15416896742131408
1 0.07615405853119823 0.7446493649917173 0.11524572059635563 0.15664273881833254
0 0.8646466040861401 0.6052236333517392 0.10252346769740481 0.09943677526228589
0 0.8695030369961347 0.743202650469354 0.10483710657095523 0.09635560463832137
1 0.8651076753175041 0.9341137493097736 0.11331860850358909 0.13066813914964095
0 0.8473799006073992 0.4640806184428493 0.10560463832136943 0.09558255107675312
0 0.07267531750414136 0.7693346217559359 0.11177802319160685 0.1140861402540033
0 0.2430314743235781 0.8976836002208725 0.10869133075648812 0.1009773605742683
0 0.23840695748205412 0.7631695196024296 0.11023191606847053 0.1002098288238542
0 0.23339591385974598 0.6298150193263391 0.10791827719491995 0.10637769188293764
0 0.066510215350635 0.5014660408614026 0.11177250138045278 0.10560463832136943
0 0.23147156267255659 0.4902898950855881 0.11331308669243512 0.09712313638873567
0 0.3998978464936499 0.8849641082274985 0.10637769188293754 0.09558255107675306
0 0.3910353395913859 0.6159387078961899 0.11485919381557154 0.10637769188293773
0 0.3883379348426284 0.4837382661512976 0.11562672556598565 0.0979017117614576
