1 0.5012229904926534 0.706147363872083 0.1592653414001728 0.13103284356093342
1 0.6575950734658601 0.6970980985306828 0.17664217804667237 0.13465427830596377
1 0.4132649092480553 0.7028889369057908 0.158543647363872 0.14623595505617976
1 0.5287337942955921 0.9062489196197061 0.094114088159032 0.1866378565254971
1 0.7774092480553155 0.8997342264477096 0.06877700950734668 0.19966724286949014
1 0.6221218668971478 0.9051620570440796 0.08687121866897148 0.18881158167675033
1 0.7289044943820224 0.6974611063094209 0.1947407087294728 0.13682368193604155
1 0.8501642178046672 0.8943042350907519 0.07818496110630956 0.21052722558340548
1 0.32494165946413145 0.7039779602420052 0.14985738980121002 0.1498573898012101
1 0.7075475367329299 0.9026296456352637 0.07963267070008631 0.1938764044943821
1 0.23806828003457223 0.7057865168539326 0.1455142610198789 0.15203111495246335
1 0.13925021607605872 0.7083189282627484 0.14044511668107168 0.15709593777009512
1 0.05623163353500427 0.7108535004321521 0.11246326707000855 0.15781763180639596
1 0.5855639585133968 0.6978219533275712 0.1614390665514262 0.1389974070872947
