1 0.7097817589576547 0.47941368078175894 0.1505993485342019 0.2501368078175896
0 0.8311107491856677 0.1695309446254072 0.08473615635179153 0.08315309446254064
0 0.5491889250814332 0.9640553745928337 0.08859283387622145 0.070586319218241
0 0.6925472312703583 0.1625635179153094 0.08968078175895783 0.0852573289902281
1 0.8583941368078175 0.4721237785016287 0.1439934853420196 0.2571074918566775
0 0.8482247557003257 0.8378957654723127 0.09031270358306184 0.09220846905537453
0 0.7005016286644952 0.8487166123778501 0.08947231270358308 0.08552442996742696
0 0.7050651465798046 0.9633811074918566 0.09700977198697062 0.07193485342019557
0 0.4072182410423452 0.9660325732899022 0.09245602605863183 0.06663192182410427
0 0.8441628664495114 0.0369771986970684 0.08368729641693812 0.0739543973941368
0 0.5478534201954397 0.8591465798045603 0.09420846905537454 0.09946579804560282
0 0.8560586319218241 0.965957654723127 0.09031921824104226 0.0667817589576548
0 0.23859283387622152 0.8660260586319218 0.07654723127035828 0.08033876221498372
0 0.8474690553745928 0.7082345276872963 0.10155700325732878 0.09245602605863187
1 0.7425048859934853 0.8039804560260587 0.145257328990228 0.15600000000000003
1 0.3129706840390879 0.8205635179153093 0.19774592833876212 0.14667752442996734
1 0.8727654723127036 0.16006514657980458 0.14405863192182397 0.1145928338762216
