0 0.02879444085326443 0.28251131221719455 0.05758888170652886 0.08347123464770516
1 0.21200387847446672 0.5613639301874594 0.09096315449256616 0.20011635423400118
0 0.682420814479638 0.25792501616031027 0.09775694893341925 0.09926308985132508
1 0.7042889463477697 0.11126696832579185 0.19221073044602485 0.15791855203619906
0 0.5992113768584357 0.07928571428571428 0.09525533290239147 0.08773755656108599
1 0.470475113122172 0.12128636069812539 0.18318681318681315 0.18859728506787327
0 0.2357336780866193 0.27860374919198455 0.09325145442792486 0.09400129282482228
0 0.5730025856496445 0.26018099547511314 0.08798319327731083 0.08572721396250801
0 0.3714188752424047 0.08273432449903038 0.08459599224305096 0.08460245636716231
0 0.41409502262443443 0.18844861021331608 0.07332255979314822 0.07833225597931473
0 0.8034906270200387 0.2609308338720103 0.09475113122171934 0.09625080801551383
0 0.6324563671622497 0.16993212669683258 0.08152553329023904 0.08153199741435042
0 0.04223658694246924 0.5262249515190691 0.08447317388493848 0.09274725274725273
1 0.3434938590820944 0.5382773109243696 0.18338073691014875 0.22641887524240462
0 0.09763413057530702 0.3629831932773109 0.09775048480930852 0.0996315449256625
0 0.257365869424693 0.09714608920491279 0.09212023270846817 0.08835811247575957
0 0.463590820943762 0.2650678733031675 0.09174531351001924 0.09098901098901098
0 0.39912734324499033 0.6125662572721396 0.11175177763413036 0.10395604395604412
0 0.2295507433742728 0.6268584356819651 0.1130510665804783 0.1143503555268258
0 0.30192307692307696 0.1683968972204267 0.09086619263089857 0.08711053652230123
1 0.07531997414350354 0.29880736910148675 0.10465416936005147 0.19677440206851982
0 0.7615513897866838 0.14925339366515836 0.08277957336780825 0.08278603749191993
0 0.34665481577246277 0.27672268907563025 0.09099547511312214 0.08873949579831933
0 0.5274886877828056 0.1761990950226244 0.08340659340659319 0.08403361344537816
