0 0.719922502870264 0.02417336394948336 0.08447187141217027 0.04834672789896672
0 0.7192278989667049 0.13766360505166472 0.09139494833524683 0.09277841561423646
0 0.1463662456946039 0.25975602755453503 0.10283582089552232 0.1019575200918484
0 0.5833151549942595 0.25461825487944895 0.11545924225028682 0.10809988518943743
0 0.4355309988518943 0.1215241102181401 0.10247416762342121 0.09648105625717562
0 0.14773249138920774 0.12746842709529274 0.10304247990815153 0.09959816303099886
0 0.7364380022962113 0.26709242250287035 0.11869690011481067 0.11811136624569461
0 0.4448277841561423 0.2651262916188289 0.1235361653272101 0.10352468427095286
0 0.5798765786452351 0.12079793340987367 0.10821469575200905 0.0954879448909299
0 0.2964954075774971 0.1255166475315729 0.11746842709529286 0.09978185993111365
1 0.093915040183697 0.25648679678530434 0.17198622273249134 0.12158438576349022
1 0.09273823191733636 0.12355625717566017 0.1710103329506315 0.09097014925373136
0 0.2968254879448909 0.2552554535017222 0.11541905855338686 0.1114179104477613
