0 0.04223658694246924 0.44800904977375566 0.08447317388493848 0.09274725274725273
0 0.2357336780866193 0.20038784744667099 0.09325145442792486 0.09400129282482228
0 0.7578021978021979 0.524857789269554 0.09023917259211335 0.08934065934065942
0 0.30192307692307696 0.09018099547511318 0.09086619263089857 0.08711053652230122
0 0.7615513897866838 0.07103749191984485 0.08277957336780825 0.08278603749191994
0 0.02879444085326443 0.20429541047188104 0.05758888170652886 0.08347123464770516
0 0.257365869424693 0.03155462184873953 0.09212023270846817 0.06310924369747906
0 0.34665481577246277 0.19850678733031676 0.09099547511312214 0.0887394957983193
0 0.09763413057530702 0.28476729153199737 0.09775048480930852 0.0996315449256625
0 0.682420814479638 0.17970911441499676 0.09775694893341925 0.09926308985132512
0 0.1085326438267614 0.1411926308985133 0.09336780866192633 0.09337427278603753
0 0.64409825468649 0.532983193277311 0.10828700711053675 0.10197155785391077
0 0.540775694893342 0.5302714932126696 0.10738202973497114 0.09475113122171944
0 0.08145442792501616 0.8009922430510666 0.09835811247575972 0.09836457659987037
0 0.43519392372333543 0.532081447963801 0.10738849385908217 0.10377504848093086
0 0.28810277957336794 0.538846153846154 0.10557853910795081 0.10106658047834524
0 0.08190691661279885 0.6484906270200389 0.09565610859728509 0.10197155785391077
0 0.8034906270200387 0.18271493212669682 0.09475113122171934 0.09625080801551383
1 0.6900808015513897 0.45778280542986427 0.19050420168067236 0.1974014221073045
1 0.5879314802844217 0.46843568196509366 0.19051066580478368 0.21494505494505495
1 0.48264059469941817 0.4602908855850032 0.17549450549450532 0.2099288946347768
1 0.38019392372333555 0.45966386554621846 0.16857142857142876 0.20742081447963812
1 0.25799288946347754 0.4615416936005172 0.13849385908209436 0.20868131868131867
0 0.41409502262443443 0.11023270846800255 0.07332255979314822 0.07833225597931469
0 0.5730025856496445 0.18196509372979963 0.08798319327731083 0.08572721396250801
0 0.463590820943762 0.18685197155785394 0.09174531351001924 0.090989010989011
0 0.5274886877828056 0.09798319327731088 0.08340659340659319 0.08403361344537816
0 0.6324563671622497 0.09171622495151907 0.08152553329023904 0.08153199741435044
