1 0.12019503546099292 0.8448226950354609 0.08783687943262414 0.2947517730496455
1 0.1704078014184397 0.5850195035460993 0.160177304964539 0.13696099290780128
1 0.34479432624113476 0.5842358156028369 0.1237588652482269 0.1362021276595744
1 0.4288138297872341 0.5859751773049645 0.10523758865248235 0.13166666666666668
1 0.5203333333333333 0.5855886524822695 0.10189361702127644 0.1340851063829787
1 0.6130070921985815 0.5849237588652482 0.0920780141843972 0.1297056737588653
1 0.7024822695035461 0.5797375886524823 0.07957446808510638 0.13860992907801406
1 0.7970390070921985 0.5789911347517731 0.08478723404255312 0.13670567375886525
1 0.8951063829787234 0.5781418439716312 0.07822695035460993 0.13713475177304962
1 0.2090354609929078 0.8416897163120567 0.0775035460992908 0.30110992907801415
1 0.29293262411347526 0.8603918439716312 0.09385815602836879 0.2744007092198581
1 0.4982446808510638 0.8493475177304965 0.09053191489361695 0.30059574468085115
1 0.6012588652482269 0.8448120567375886 0.08145390070921983 0.30179432624113467
1 0.6891489361702128 0.8453262411347517 0.08290780141843977 0.30487234042553185
1 0.7865425531914894 0.8459237588652482 0.08726950354609932 0.2989397163120568
1 0.9053351063829788 0.8428563829787233 0.0849468085106385 0.30032269503546105
1 0.2615088652482269 0.5851613475177304 0.13737234042553187 0.13287588652482268
1 0.38329432624113474 0.8468670212765957 0.09033333333333332 0.2956347517730496
