0 0.30423446327683623 0.15520338983050846 0.09671751412429377 0.0995367231638418
0 0.5846581920903957 0.6787372881355932 0.09609604519774023 0.09212994350282497
0 0.7215112994350281 0.8120819209039548 0.08313559322033875 0.07359887005649723
0 0.7183700564971751 0.6897966101694916 0.08585875706214705 0.07768361581920907
0 0.7193954802259886 0.44437288135593217 0.09619209039548038 0.08953672316384181
0 0.2989604519774012 0.4144067796610169 0.09398870056497181 0.07821468926553672
0 0.7144632768361582 0.3206779661016949 0.09954802259887 0.09254237288135596
0 0.583861581920904 0.5555141242937853 0.09337288135593194 0.09055367231638425
0 0.586725988700565 0.817225988700565 0.09684180790960446 0.0855480225988701
0 0.5790480225988701 0.3081468926553672 0.09832203389830493 0.09455367231638419
0 0.7148672316384183 0.5756751412429378 0.0899491525423729 0.08504519774011311
1 0.37248587570621483 0.6878531073446328 0.20508474576271188 0.08700564971751415
1 0.3765819209039549 0.8049350282485875 0.20310734463276833 0.08772316384180794
0 0.30027683615819206 0.28292372881355926 0.09158192090395474 0.0883107344632768
1 0.375 0.9222231638418079 0.20683615819209064 0.09845762711864425
0 0.7085988700564971 0.19721186440677965 0.09889265536723162 0.08651412429378534
0 0.7236694915254237 0.9405706214689267 0.0899491525423729 0.09131073446327682
0 0.5898389830508475 0.924316384180791 0.08883050847457624 0.08729943502824854
0 0.5804463276836157 0.4279209039548023 0.09625988700564972 0.09432768361581927
0 0.4286525423728815 0.18589265536723162 0.09625423728813554 0.08421468926553671
0 0.4377033898305084 0.3027824858757063 0.09676271186440678 0.0819491525423729
0 0.5785338983050848 0.18465819209039547 0.09887570621468933 0.08638983050847455
0 0.44324576271186444 0.42720338983050854 0.08988135593220348 0.086497175141243
0 0.4400254237288136 0.5555282485875706 0.09666101694915227 0.09767796610169499
0 0.44824858757062147 0.6754576271186441 0.10576271186440661 0.09837288135593217
0 0.4444887005649717 0.7995310734463278 0.09181355932203403 0.0859322033898306
0 0.4476158192090396 0.9209717514124294 0.09180790960451972 0.09183050847457626
