1 0.3437244094488189 0.516265748031496 0.5310866141732283 0.18918503937007863
1 0.06102952755905506 0.3698169291338583 0.07761023622047249 0.28605905511811036
1 0.16189173228346462 0.37494488188976377 0.09698818897637791 0.3031496062992125
1 0.26731299212598425 0.3658287401574803 0.0958464566929133 0.2849173228346457
1 0.3972263779527559 0.38406299212598427 0.08901968503937005 0.30770866141732284
1 0.50726968503937 0.38235236220472446 0.09459448818897638 0.29289370078740157
1 0.6069311023622047 0.3812125984251969 0.09584645669291335 0.2951732283464567
1 0.7067106299212598 0.38520275590551184 0.10598818897637781 0.2985944881889764
1 0.515759842519685 0.11452952755905511 0.07988976377952751 0.1379015748031496
1 0.41888582677165354 0.11111220472440944 0.08900787401574814 0.14246062992125985
1 0.05875196850393701 0.1151003937007874 0.10496062992125998 0.13448425196850394
