1 0.3778903486609399 0.3029307731177362 0.16689742294087923 0.13018696311268307
1 0.8962910560889338 0.3023370389085397 0.10169782718544713 0.1399039919151086
1 0.9055381505811017 0.5183678625568469 0.09519959575543224 0.17065184436584144
1 0.2265841334007074 0.08381253158160687 0.18052551793835267 0.08654370894391106
0 0.888534613441132 0.08929762506316323 0.10483072258716535 0.09020717534108134
0 0.895846387064174 0.3233350176856999 0.10483072258716507 0.0975138959070237
0 0.9013314805457301 0.5677362304194038 0.09629610914603336 0.09141990904497221
0 0.4716523496715512 0.465343607882769 0.09264274886306208 0.08897928246589194
0 0.32476755937342094 0.3300404244567964 0.09386053562405257 0.08898433552299152
0 0.1681354219302678 0.09417382516422436 0.09507832238504293 0.07800909550277915
1 0.5129029813036887 0.41770338554825664 0.15321374431531085 0.16337038908539664
