0 0.7787616822429907 0.8242903037383179 0.09128504672897214 0.08962032710280382
0 0.47429030373831776 0.4179731308411215 0.09390771028037385 0.08811915887850472
0 0.4757973130841121 0.5416325934579439 0.10334696261682262 0.10014602803738326
0 0.9360017523364487 0.43116238317757005 0.10145443925233659 0.08454439252336449
0 0.7864164719626167 0.6845151869158878 0.10355724299065427 0.09674065420560761
0 0.6331804906542056 0.6839953271028038 0.11332359813084118 0.09964953271028047
0 0.944521028037383 0.557447429906542 0.10200934579439273 0.09328271028037377
0 0.7845882009345795 0.16650408878504672 0.09335864485981298 0.08486565420560749
0 0.7869772196261683 0.5528679906542056 0.09673481308411225 0.09052570093457941
0 0.9317757009345794 0.30941880841121494 0.09637850467289716 0.08792640186915883
0 0.6373598130841122 0.28907710280373833 0.10334112149532718 0.09707943925233646
0 0.6282535046728972 0.9495385514018692 0.1126985981308412 0.09975467289719643
0 0.6291092289719625 0.15893107476635515 0.09299649532710272 0.09130841121495327
0 0.784678738317757 0.42664719626168224 0.10089953271028027 0.09717289719626172
0 0.9326197429906542 0.16992114485981308 0.09469042056074753 0.09299649532710277
0 0.6366209112149533 0.5483031542056075 0.11202686915887848 0.10210864485981307
0 0.6274445093457944 0.8175350467289719 0.10699182242990661 0.10172897196261693
0 0.47294392523364487 0.8162908878504673 0.10523364485981321 0.10082943925233641
0 0.32898072429906533 0.1479410046728972 0.08792640186915907 0.07946845794392522
0 0.788332359813084 0.298125 0.10411799065420559 0.09323598130841128
0 0.4764544392523365 0.6806746495327104 0.09589953271028051 0.09530957943925235
0 0.93241238317757 0.8256950934579439 0.09788551401869153 0.09391355140186912
0 0.633116238317757 0.4239485981308411 0.09520443925233629 0.08960280373831776
0 0.9398160046728973 0.6906133177570094 0.09703855140186927 0.09470794392523367
0 0.9374678738317757 0.9572897196261682 0.09901285046728958 0.08425233644859818
0 0.4752044392523364 0.2831396028037383 0.09536214953271015 0.09175817757009344
0 0.7855227803738317 0.9520093457943924 0.10819509345794405 0.09481308411214964
0 0.474036214953271 0.9481308411214954 0.10636682242990647 0.09894859813084117
0 0.48223422897196266 0.16013142523364488 0.10488901869158863 0.10462032710280374
