1 0.2336279637377964 0.8277388423988843 0.08352510460251053 0.29731868898186886
1 0.41925557880055786 0.5626691073919108 0.08842747559274752 0.1384483960948396
1 0.04078626220362619 0.5700348675034868 0.08157252440725238 0.13629009762900965
1 0.13248953974895397 0.5727092050209205 0.07267782426778227 0.1276011157601116
1 0.22771966527196652 0.5662796373779637 0.07155509065550918 0.13921199442119941
1 0.32598849372384936 0.5662203626220362 0.0831555090655509 0.13831938633193855
1 0.5119752440725244 0.5623239191073919 0.09701185495118558 0.1381066945606695
1 0.6022367503486749 0.5635460251046025 0.10830195258019525 0.13142259414225946
1 0.6022367503486749 0.5716544630404463 0.10830195258019525 0.11520571827057174
1 0.696368549511855 0.5649651324965133 0.13148884239888411 0.12295676429567648
1 0.7811976987447699 0.5566910739191074 0.14197001394700154 0.14075313807531384
1 0.8675784518828452 0.5611035564853557 0.15481520223152043 0.12729776847977692
1 0.03578626220362622 0.8311785216178521 0.07157252440725244 0.2997698744769874
1 0.13608263598326364 0.8262831241283124 0.08703277545327759 0.30490237099023715
1 0.33752963737796365 0.8301691073919107 0.09386680613668064 0.3017887029288703
1 0.45108089260808926 0.8338981868898185 0.08478382147838218 0.2761645746164573
1 0.5545362622036262 0.8241143654114366 0.08983263598326356 0.30582984658298457
1 0.6549633891213389 0.8195658995815901 0.09487796373779632 0.3088668061366806
1 0.7579166666666668 0.8231066945606694 0.08478730822873089 0.29774755927475577
1 0.8583437935843792 0.8208019525801952 0.09588563458856354 0.3104323570432355
1 0.9549877963737796 0.8236087866108787 0.08932705718270571 0.3068340306834032
