0 0.640524492825334 0.03381989114299853 0.10123701138050496 0.06763978228599705
0 0.38255813953488366 0.12298367144977732 0.10880752102919357 0.11128154379020291
0 0.3822365165759525 0.03070262246412665 0.10094012864918357 0.0614052449282533
0 0.3801583374567047 0.23800098960910437 0.1128154379020287 0.09787234042553201
0 0.11340920336467099 0.11422563087580401 0.105492330529441 0.10761999010390895
0 0.24748391885205337 0.11927263730826326 0.10879267689262732 0.10900544285007421
0 0.5127164769915883 0.35244928253339924 0.11182582879762495 0.1164769915883227
0 0.38236021771400297 0.35014844136566053 0.11335972290945102 0.11860465116279073
0 0.5137060860959921 0.2433943592281049 0.10578921326076181 0.09460663038099955
0 0.7622216724393865 0.032384957941613085 0.09455714992577931 0.06476991588322617
0 0.11382978723404254 0.34606630380999515 0.11345868381989102 0.11677387431964377
0 0.5124443344878772 0.1311479465611084 0.10633349826818414 0.10277090549233055
0 0.7646462147451757 0.14225630875804057 0.08822365165759537 0.09025235032162301
0 0.5138050470064324 0.031246907471548725 0.10173181593270654 0.06249381494309745
0 0.764200890648194 0.2484908461157842 0.10227610094012886 0.09510143493320142
0 0.11209797130133607 0.23013359722909443 0.11108362196932212 0.10539336961900049
0 0.890277090549233 0.3667986145472538 0.09703117268678892 0.0922315685304305
0 0.7617268678871846 0.3557149925779317 0.10722414646214763 0.10648193963384463
0 0.8891637803067788 0.24423552696684803 0.09411182582879755 0.09203364670954972
0 0.6411528946066303 0.354987629886195 0.10445324096981713 0.10737258782780804
0 0.8888792676892628 0.1350766947055913 0.09923305294408691 0.10579910935180613
0 0.6412666996536368 0.24619000494804552 0.10272142503711061 0.09623948540326573
0 0.8822365165759526 0.03933696190004948 0.09866402770905477 0.07867392380009897
0 0.6391934685799109 0.1412271152894607 0.0963879267689264 0.09228104898565068
