0 0.20456896551724138 0.6518333333333333 0.10017241379310345 0.09516091954022979
0 0.9558045977011493 0.5317528735632184 0.08724137931034492 0.12120689655172416
0 0.35669540229885055 0.3809770114942529 0.10649425287356318 0.10977011494252877
0 0.9623477011494251 0.3926925287356322 0.07415517241379314 0.10346551724137933
0 0.9592097701149426 0.6662787356321839 0.08043103448275851 0.10146551724137927
0 0.9633706896551724 0.13224712643678163 0.07210919540229885 0.094816091954023
0 0.9600287356321838 0.2653448275862069 0.0787931034482758 0.0981609195402299
0 0.9501724137931035 0.7867241379310345 0.09850574712643684 0.1118390804597701
0 0.7999999999999999 0.7812068965517242 0.12574712643678174 0.11735632183908055
0 0.9501724137931035 0.9187931034482758 0.09850574712643684 0.12183908045977027
0 0.8070977011494253 0.6552586206896551 0.11925287356321843 0.11948275862068965
0 0.6494827586206897 0.9108333333333333 0.11977011494252873 0.118103448275862
0 0.4915517241379311 0.5102873563218392 0.11781609195402301 0.11252873563218398
0 0.813477011494253 0.3800574712643678 0.11660919540229901 0.10517241379310342
0 0.21907758620689655 0.12751724137931034 0.10539655172413794 0.09657471264367813
