1 0.14164769133459834 0.2717394054395952 0.14392789373814027 0.1960278304870334
0 0.12211258697027194 0.49340290955091715 0.09566097406704603 0.09075268817204303
1 0.08778304870335223 0.4306767868437698 0.13509803921568633 0.19602783048703357
0 0.4264864010120176 0.2492662871600253 0.08903858317520555 0.08683111954459201
0 0.06232764073371281 0.053747628083491476 0.08032890575585072 0.07726122707147365
1 0.7046995572422518 0.17862745098039215 0.16335230866540174 0.17071473750790633
1 0.3853542061986084 0.1841429475015813 0.13833649588867808 0.18027830487033536
0 0.8734977862112587 0.23381404174573053 0.09271347248576842 0.09418089816571781
1 0.48763440860215057 0.17789373814041745 0.15452245414294735 0.1721821631878557
0 0.755031625553447 0.2308728652751423 0.0956546489563564 0.09712839974699551
0 0.044165085388994337 0.5580455407969639 0.08300442757748262 0.07955724225173932
1 0.8099240986717269 0.1789943074003795 0.18984187223276408 0.16850094876660346
1 0.5899146110056926 0.16906072106261857 0.17807084123972186 0.18984819734345343
0 0.18282099936748894 0.3336717267552182 0.09564832384566746 0.0974889310562934
0 0.5409076533839342 0.2378621125869703 0.08977229601518005 0.08903225806451609
0 0.647966476913346 0.2330803289057558 0.08609108159392775 0.08388361796331431
1 0.31508222643896266 0.18966476913345984 0.08020872865275172 0.1751296647691334
0 0.31795066413662243 0.25110689437065153 0.09124604680581895 0.09197975964579384
