1 0.5382483097725876 0.25070374923171473 0.23602950215119858 0.15587584511370614
0 0.2069022741241549 0.5357129686539643 0.09009219422249543 0.07893669330055325
0 0.7871542716656422 0.8237707437000613 0.08923171481253844 0.0875169022741242
0 0.6321757836508912 0.6899139520590043 0.09524277811923779 0.09095267363245235
0 0.1918377381684081 0.27581438229870925 0.08666256914566689 0.08151198524892439
0 0.21871235402581438 0.655660725261217 0.08837738168408113 0.08580208973570978
0 0.346659496004917 0.68360172095882 0.09523663183773812 0.09095267363245245
0 0.35112169637369395 0.8072065150583896 0.08322679778733869 0.07979717271051019
0 0.9187553779963121 0.4462384757221881 0.09867854947756602 0.09095267363245245
1 0.6834296250768286 0.2585433312845728 0.21457897971727102 0.13799631223110004
0 0.9122034419176398 0.579658881376767 0.09695759065765212 0.09695759065765212
0 0.9245390288875232 0.7031130915795945 0.09094652735095278 0.09180700676090954
0 0.5123786109403811 0.6670251997541488 0.0823724646588813 0.0772218807621391
0 0.9397264904732637 0.8426429010448678 0.08665642286416735 0.08580208973571006
1 0.8349784880147512 0.26925937307928705 0.21886908420405646 0.14872157344806414
0 0.7810295021511985 0.6926736324523664 0.09652735095267345 0.08580208973571006
0 0.7806699446834665 0.5611063306699448 0.09438229870928101 0.08437615242778101
0 0.7638690842040565 0.44098340503995087 0.09939151813153049 0.08722802704363863
0 0.7556453595574676 0.30083589428395824 0.09724031960663802 0.0900921942224953
0 0.3358819913952059 0.5369821757836508 0.09181315304240929 0.08752304855562387
0 0.6388322065150583 0.8138998156115551 0.09524277811923779 0.09180700676090964
0 0.6165765212046711 0.2889428395820528 0.08923171481253836 0.08580208973570982
0 0.317861094038107 0.13628149969268594 0.0900921942224954 0.08237246465888137
0 0.33315304240934235 0.41390903503380455 0.0995328826060234 0.08580208973570992
0 0.6111032575291949 0.43417025199754145 0.0969575906576522 0.08837738168408106
0 0.6253134603564843 0.5503318992009835 0.09180700676090954 0.0806515058389673
0 0.2208020897357099 0.7836140135218193 0.1055377996312231 0.0995328826060234
0 0.46101413644744926 0.2938322065150584 0.0900921942224954 0.08837738168408116
0 0.6046681007990166 0.031674861708666235 0.0875169022741242 0.06334972341733247
0 0.9166133988936692 0.311100184388445 0.09438229870928065 0.08666256914566678
0 0.320439459127228 0.2765212046711738 0.0918070067609096 0.08580208973570982
0 0.4744714197910264 0.42195451751690227 0.0815181315304241 0.07465273509526743
0 0.2033681622618316 0.3971235402581439 0.08666256914566685 0.07722188076213878
0 0.48813153042409346 0.5470528580208974 0.07808236017209595 0.07464658881376782
0 0.5101290719114936 0.8022649047326368 0.09181315304240939 0.08837738168408116
