0 0.4238399742930592 0.7279562982005142 0.09719151670951158 0.09906169665809765
1 0.4059383033419024 0.36647493573264783 0.17862467866323908 0.2619730077120823
0 0.577728149100257 0.8566131105398458 0.09719151670951186 0.0984447300771207
1 0.046561696658097715 0.7106169665809768 0.09312339331619543 0.4139331619537277
0 0.4148071979434447 0.057564267352185054 0.10903598971722356 0.10404884318766072
1 0.4059383033419024 0.36647493573264783 0.17862467866323908 0.2619730077120823
0 0.4263592544987147 0.8640970437017996 0.10976221079691519 0.10789845758354731
0 0.2793862467866324 0.7403823907455012 0.10976221079691519 0.10232005141388169
0 0.28226221079691505 0.8758033419023136 0.0906169665809768 0.09420308483290475
1 0.263737146529563 0.37006426735218506 0.12390102827763491 0.2565938303341901
1 0.36143316195372754 0.05595115681233929 0.17029562982005134 0.11190231362467858
0 0.41916452442159385 0.5890167095115683 0.09906169665809755 0.10404884318766072
0 0.27680269922879175 0.5980494858611826 0.104672236503856 0.100931876606684
