1 0.3475968483256731 0.14182862770847013 0.17398555482600128 0.12359159553512793
1 0.6621372291529874 0.8051543007222587 0.19523965856861417 0.13749179251477328
1 0.24778397898883783 0.4673801707156926 0.12658568614576488 0.2621536441234404
0 0.4139297439264609 0.9581713722915299 0.11214051214707814 0.08234405778069599
0 0.24471109652002623 0.0323079448456993 0.10173998686802381 0.0646158896913986
0 0.40657912015758374 0.6910768220617204 0.10120814182534461 0.10630334865397251
0 0.2637721602101116 0.8457222586999342 0.11214051214707817 0.10453709783322389
0 0.26113263296126066 0.7003053184504268 0.10694024950755084 0.1031188443860802
1 0.3930663164806304 0.46371306631648074 0.18249507550886407 0.26764937623112295
0 0.266710439921208 0.9676493762311228 0.09258043335521994 0.06338804990151016
0 0.5619599474720947 0.14873276428102428 0.09541037426132656 0.09166119500984894
0 0.39773473407747867 0.030446487196323046 0.09082074852265247 0.06089297439264609
0 0.4021273801707157 0.14810899540380823 0.11139855548260004 0.10630334865397247
1 0.5385784635587657 0.4672849638870651 0.18791201575837202 0.25940249507550883
0 0.5685784635587657 0.956762967826658 0.09929743926460959 0.08516086671043978
1 0.3930663164806304 0.46371306631648074 0.18249507550886407 0.26764937623112295
0 0.4113558765594223 0.833026920551543 0.09929743926460936 0.10120814182534466
0 0.7250196979645436 0.8419993434011819 0.1035784635587656 0.1035784635587656
