1 0.9394434194341944 0.6713161131611317 0.10989544895448944 0.21892988929889307
1 0.7741697416974171 0.6657349323493236 0.110750307503075 0.2129212792127922
1 0.7741697416974171 0.39915744157441574 0.10731857318573178 0.17600246002460018
1 0.4860393603936039 0.6423831488314883 0.15453874538745402 0.195750307503075
1 0.638431734317343 0.5260516605166051 0.14681426814268134 0.20348093480934817
1 0.48131611316113154 0.37794280442804434 0.1794341943419436 0.2060701107011071
1 0.06359471094710945 0.24603321033210326 0.1271894218942189 0.1488191881918819
1 0.17795202952029515 0.25497539975399747 0.19467404674046743 0.1409471094710946
1 0.3278444034440344 0.25926814268142684 0.1753567035670356 0.14523985239852405
0 0.9320264452644527 0.33047970479704797 0.10910824108241077 0.10731857318573197
0 0.9394803198031981 0.4583671586715868 0.11805043050430516 0.10791512915129137
0 0.9329212792127922 0.7388929889298893 0.10851168511685123 0.11328413284132828
0 0.594729397293973 0.16322570725707256 0.09959409594095943 0.0935854858548586
0 0.5822816728167282 0.04233394833948342 0.10388683886838884 0.08466789667896683
0 0.42473862238622384 0.03675276752767527 0.11332718327183294 0.07350553505535054
0 0.4277429274292743 0.4499846248462484 0.10388683886838837 0.09529520295202971
0 0.4393327183271832 0.7191389913899139 0.10130996309963104 0.08757687576875776
0 0.4303167281672817 0.8758241082410826 0.1141881918819189 0.10216482164821646
0 0.28144526445264456 0.8452613776137763 0.10388683886838875 0.09272447724477255
0 0.2853105781057811 0.705319803198032 0.10130996309963114 0.09444034440344402
0 0.2853075030750308 0.5567865928659286 0.09444034440344397 0.08413899138991392
0 0.27414821648216475 0.42886223862238626 0.09615621156211572 0.08757687576875776
0 0.2689975399753997 0.29492927429274296 0.09787207872078729 0.09272447724477245
0 0.9431980319803198 0.0361592865928659 0.11237392373923727 0.0723185731857318
0 0.9370940959409594 0.1641389913899139 0.11327798277982774 0.10612546125461264
0 0.9293419434194343 0.8956980319803198 0.10493234932349307 0.09897293972939711
0 0.7715928659286593 0.04147601476014764 0.1116113161131611 0.08295202952029528
0 0.7703044280442803 0.1735270602706027 0.1056027060270603 0.10044895448954486
0 0.7690159901599015 0.4482656826568266 0.1116113161131611 0.10388683886838875
0 0.765590405904059 0.7341605166051661 0.10644526445264443 0.10043665436654364
0 0.7608610086100861 0.8887054120541206 0.10731857318573187 0.09701722017220177
0 0.5951599015990161 0.8801199261992619 0.10216482164821637 0.09358548585485846
0 0.6071801968019681 0.7204274292742927 0.09186346863468636 0.09015375153751552
0 0.6024600246002462 0.5933640836408364 0.10645756457564569 0.09873308733087324
0 0.5912976629766299 0.30746309963099633 0.10645756457564569 0.10217097170971713
0 0.2621279212792128 0.0298431734317343 0.09959409594095943 0.0596863468634686
0 0.10372386223862239 0.030270602706027078 0.09701722017220174 0.060541205412054155
0 0.10715867158671587 0.15584563345633454 0.10388683886838873 0.09272447724477245
0 0.10673124231242309 0.29535977859778595 0.09615621156211569 0.08843173431734327
0 0.10501230012300124 0.4451722017220174 0.09616236162361631 0.08585485854858543
0 0.12003690036900365 0.5619372693726937 0.10045510455104545 0.09444034440344411
0 0.1135977859778598 0.7074630996309964 0.09787207872078714 0.0952952029520294
0 0.14107318573185731 0.827659901599016 0.09272447724477242 0.08670971709717086
