0 0.21073800738007376 0.5354274292742927 0.09014760147601475 0.07898523985239869
0 0.3641789667896679 0.6623923739237392 0.09529520295202958 0.0910086100861009
0 0.9152952029520296 0.31487699876998765 0.09444034440344402 0.08671586715867148
0 0.3624630996309963 0.7873093480934809 0.08327798277982787 0.0798462484624846
1 0.6891912669126692 0.2545264452644526 0.21470479704797044 0.13808118081180817
0 0.4809471094710948 0.40181734317343176 0.08156211562115616 0.07469249692496914
0 0.9246125461254614 0.7082226322263224 0.0910086100861009 0.09186961869618698
0 0.21475707257072574 0.7896617466174662 0.10560270602706033 0.09959409594095943
1 0.5367958179581797 0.2520233702337024 0.2361746617466174 0.1559655596555966
0 0.756110086100861 0.3004059040590406 0.09730012300123002 0.09014760147601471
0 0.6226045510455104 0.41898831488314886 0.09701722017220177 0.08843173431734314
0 0.638059655596556 0.5327460024600247 0.09186346863468646 0.08070725707257079
0 0.7901076260762608 0.8248985239852399 0.08929274292742932 0.08757072570725685
0 0.764338868388684 0.440639606396064 0.09945264452644531 0.08728167281672816
0 0.2336808118081181 0.6331980319803199 0.0884317343173432 0.08585485854858547
0 0.5089852398523985 0.6680565805658056 0.08242312423124226 0.07726937269372684
0 0.781150061500615 0.5608364083640837 0.09444034440344411 0.0844280442804427
0 0.4526445264452645 0.29092558425584264 0.09014760147601461 0.08843173431734314
0 0.6132472324723247 0.28974169741697414 0.0892865928659286 0.08585485854858553
0 0.3385608856088561 0.5329858548585487 0.09186961869618698 0.08757072570725695
0 0.6271248462484625 0.6974907749077491 0.09529520295202967 0.0910086100861009
0 0.31454489544895453 0.14391143911439114 0.09014760147601471 0.08242312423124228
0 0.5042619926199262 0.8070879458794588 0.09186961869618689 0.08843173431734314
0 0.9121033210332102 0.45010147601476014 0.09873308733087315 0.09100246002460018
0 0.1926968019680197 0.2824415744157442 0.08670971709717097 0.08156211562115616
0 0.4884317343173432 0.5504827798277983 0.07813038130381313 0.0746924969249692
0 0.91829950799508 0.5800461254612547 0.09701722017220167 0.09701722017220167
0 0.2022570725707257 0.40293357933579327 0.08671586715867158 0.07726937269372684
0 0.6367527675276753 0.8174969249692496 0.09530135301353002 0.09186961869618689
0 0.781509840098401 0.6924846248462485 0.09658671586715858 0.08585485854858567
0 0.6019218942189423 0.035467404674046715 0.08757072570725723 0.07093480934809343
1 0.8337146371463715 0.26880996309963107 0.21900369003690057 0.1488130381303815
0 0.6039329643296433 0.16082103321033211 0.10803813038130375 0.10445879458794596
0 0.34571955719557196 0.39623616236162357 0.09959409594095943 0.08585485854858539
