0 0.4060800260247235 0.10428432010409894 0.09271958360442435 0.0889329863370202
0 0.24530904359141184 0.3718510084580351 0.09838646714378682 0.10027976577748851
0 0.03363044892648019 0.6902992843201042 0.06726089785296038 0.09182823682498362
1 0.14583604424203 0.25332791151594014 0.10659726740403395 0.16210149642160057
0 0.4509271307742356 0.1759986987638257 0.09145738451528962 0.08767729342875734
0 0.9537117761873781 0.2691346779440468 0.09127521145087825 0.09687703318152238
0 0.49594990240728676 0.2850292778139233 0.09158750813272604 0.08931685100845803
0 0.520875081327261 0.08977878985035784 0.08514638906961614 0.08515289525048803
0 0.10268379960962917 0.602648015614834 0.08538061158100196 0.08183474300585546
0 0.6779603122966819 0.18385165907612228 0.08394925178919967 0.08458035133376708
0 0.7501496421600521 0.08630774235523746 0.09587508132726058 0.08830839297332467
0 0.1828627195836044 0.5361548471047495 0.09839947950553012 0.0933506831489916
1 0.8551463890696162 0.11413793103448282 0.19132075471698143 0.15610930383864677
0 0.7836109303838649 0.17754391672088485 0.08205595315549752 0.08206245933636963
0 0.3843070917371504 0.28692257644762525 0.09385816525699396 0.09461288223812628
0 0.03769030579050101 0.522465842550423 0.07538061158100202 0.09271307742355239
0 0.16110279765777488 0.2908555627846454 0.08780091086532221 0.08401431359791793
1 0.22284970722186076 0.30725764476252443 0.10533506831489894 0.19805465191932345
0 0.7237703318152244 0.2683799609629148 0.08855562784645409 0.08628497072218604
1 0.14533181522446323 0.4721340273259597 0.1349837345478206 0.20309694209499016
1 0.6205757970071568 0.12858165256994145 0.18437865972674036 0.18982433311646063
0 0.9135458685751461 0.1567306441119063 0.083318152244632 0.08332465842550434
0 0.044983734547820495 0.1671828236824984 0.08996746909564099 0.09718932986337031
0 0.833900455432661 0.26610930383864667 0.09839297332465813 0.09990891346779429
0 0.1213662979830839 0.0839134677944047 0.0826284970722186 0.07947299934938183
0 0.5638288874430709 0.19618087182823682 0.07379960962914785 0.07884189980481449
0 0.6136467143786597 0.2732986337020169 0.09234222511385794 0.09158100195185427
