0 0.728392572944297 0.512867374005305 0.08825464190981411 0.09565517241379305
0 0.028729442970822267 0.5473315649867374 0.057458885941644534 0.08146419098143236
0 0.15720424403183025 0.38590450928381975 0.10131564986737415 0.09360212201591515
0 0.731973474801061 0.2657586206896552 0.08578249336870021 0.08331564986737398
0 0.4481167108753316 0.9005172413793104 0.08812732095490726 0.08294429708222813
1 0.43912466843501324 0.5907559681697613 0.10131564986737383 0.18983023872679042
0 0.44481167108753317 0.390050397877984 0.0962758620689655 0.10183023872679035
0 0.2995172413793103 0.5239867374005305 0.10133687002652518 0.09493368700265259
0 0.03244297082228115 0.2668461538461539 0.0648859416445623 0.09411671087533162
0 0.5889787798408487 0.27100265251989386 0.09319363395225469 0.08702387267904506
0 0.16101591511936345 0.8842864721485411 0.09214323607427058 0.08958090185676401
0 0.03201326259946951 0.7846021220159151 0.06402652519893902 0.09072148541114071
0 0.8755862068965518 0.2573660477453581 0.08146419098143254 0.08701856763925744
0 0.44357559681697617 0.2669283819628648 0.0987480106100795 0.09997877984084887
0 0.8687957559681698 0.6304350132625995 0.08516710875331562 0.09380371352785151
1 0.7051326259946951 0.6971352785145889 0.13063660477453579 0.1901856763925729
1 0.15568965517241376 0.35391777188328905 0.10317771883289113 0.14752785145888586
0 0.30956763925729436 0.9066047745358091 0.0950928381962865 0.0853156498673742
0 0.5887002652519895 0.14238992042440315 0.09822811671087543 0.09617506631299733
1 0.29686206896551726 0.4669389920424403 0.11731034482758632 0.1813050397877984
0 0.14974801061007956 0.028379310344827588 0.10697612732095484 0.056758620689655176
0 0.869106100795756 0.7504721485411141 0.08824933687002652 0.0956604774535811
0 0.7271591511936338 0.7541750663129975 0.08949071618037142 0.08825464190981448
0 0.8813342175066312 0.1336445623342175 0.091029177718833 0.08897612732095493
1 0.29970557029177713 0.6998885941644563 0.09479575596816978 0.17848275862068969
0 0.5867559681697614 0.5110159151193635 0.09503978779840856 0.08824933687002644
0 0.43852519893899206 0.029920424403183012 0.10337400530503993 0.059840848806366025
0 0.879289124668435 0.3838806366047745 0.09010079575596826 0.08949071618037148
1 0.038763925729443 0.7094005305039787 0.077527851458886 0.2079575596816976
0 0.73784350132626 0.1421299734748011 0.09308753315649872 0.08434482758620691
0 0.44341379310344814 0.14290185676392572 0.10491777188328917 0.10749071618037141
0 0.1518063660477454 0.1390450928381963 0.10594694960212217 0.09874801061007962
0 0.5863846153846154 0.02863660477453582 0.09977188328912459 0.05727320954907164
1 0.5854960212201591 0.4726021220159151 0.09997877984084867 0.15108222811671082
1 0.16102387267904508 0.5832015915119363 0.09429177718832904 0.16885411140583548
1 0.035395225464190994 0.4862307692307692 0.07079045092838199 0.17700265251989386
0 0.4473713527851459 0.7649946949602121 0.08537400530503984 0.08125729442970826
0 0.03665251989389922 0.8862970822281165 0.07330503978779844 0.0844244031830239
0 0.30229708222811663 0.7672838196286471 0.0866525198938993 0.08072148541114055
0 0.7333315649867375 0.3986923076923077 0.09072679045092838 0.09565517241379311
0 0.29426259946949596 0.1390450928381963 0.10183023872679035 0.10697082228116717
0 0.44552254641909816 0.6504774535809018 0.10344827586206898 0.09384615384615393
0 0.16158355437665772 0.6373076923076922 0.09775596816976127 0.09109283819628647
0 0.7243819628647215 0.876371352785146 0.09874801061007978 0.1042970822281169
1 0.15967108753315645 0.8081405835543767 0.09994694960212192 0.22139522546419113
