0 0.7159668989547038 0.9596399535423925 0.09245644599303145 0.07955865272938437
0 0.2878977932636469 0.6792479674796749 0.09493612078977937 0.09055168408826952
0 0.28917537746806043 0.5488501742160278 0.08405342624854806 0.08236933797909399
0 0.2794192799070848 0.4259581881533101 0.09660859465737522 0.08039488966318231
0 0.13783972125435534 0.8264285714285714 0.09960511033681765 0.09859465737514511
0 0.28698896631823473 0.15592915214866435 0.095116144018583 0.09511033681765386
0 0.1416202090592335 0.5517131242740999 0.11088269454123117 0.10272938443670149
0 0.4245383275261325 0.44599883855981415 0.0890301974448316 0.08128919860627182
0 0.13750000000000004 0.6888501742160278 0.09811265969802545 0.09221835075493608
0 0.4283101045296167 0.8253368176538908 0.09108013937282217 0.08641114982578407
0 0.4254036004645761 0.5726509872241581 0.08959930313588842 0.09395470383275255
0 0.2826480836236934 0.8286788617886178 0.09038327526132392 0.08755516840882704
0 0.42918408826945414 0.7049070847851336 0.08879790940766566 0.08612078977932634
0 0.43638792102206725 0.9504297328687573 0.08680603948896627 0.08563298490127753
0 0.5723809523809522 0.955903019744483 0.09168408826945418 0.0819221835075493
0 0.13727351916376307 0.9541666666666666 0.09614982578397223 0.09050522648083614
0 0.41381823461091755 0.19010162601626016 0.09290940766550539 0.08461672473867594
0 0.5685481997677121 0.19303716608594657 0.0844831591173054 0.0816376306620209
0 0.4244686411149826 0.3141550522648084 0.09458188153310106 0.07836817653890829
0 0.5736353077816492 0.32111207897793265 0.08646922183507559 0.08647502903600461
0 0.704854819976771 0.20612078977932635 0.09289198606271781 0.08210220673635309
0 0.7124651567944253 0.7090243902439025 0.08825203252032543 0.0798490127758421
0 0.5800522648083624 0.5612775842044135 0.08039488966318213 0.07363530778164935
0 0.7145034843205574 0.45628048780487807 0.08523228803716623 0.08131823461091757
0 0.5716085946573752 0.7034843205574913 0.07836236933797903 0.08106852497096406
0 0.7069192799070848 0.5917218350754936 0.09245644599303136 0.08741579558652739
0 0.13788327526132416 0.42865853658536585 0.10086527293844369 0.08405342624854821
0 0.5770121951219512 0.4315679442508711 0.08242160278745633 0.08039488966318235
0 0.5844425087108015 0.8331968641114983 0.08106852497096396 0.07431475029036017
0 0.2807723577235772 0.2908101045296167 0.09413472706155628 0.09077235772357718
0 0.7166695702671313 0.838609175377468 0.08545296167247414 0.07565040650406504
0 0.13368176538908236 0.3076219512195122 0.09581881533101046 0.0874157955865273
0 0.706492450638792 0.32912311265969807 0.08284552845528446 0.07659698025551685
0 0.13452090592334492 0.16893437862950056 0.0941405342624853 0.09245644599303134
0 0.29337979094076655 0.9514634146341464 0.09246225319396038 0.08405342624854821
