1 0.40822023047375167 0.36890845070422545 0.17793854033290651 0.2609667093469911
0 0.4260531370038413 0.7290012804097311 0.09681818181818183 0.09868117797695264
0 0.42856274007682454 0.8646190781049936 0.1093405889884763 0.10748399487836106
0 0.2821542893725992 0.7413796414852751 0.10934058898847634 0.1019270166453265
0 0.4213956466069142 0.590595390524968 0.09868117797695254 0.10364916773367483
0 0.4170550576184379 0.06118437900128037 0.10861715749039684 0.10364916773367483
0 0.2850192061459666 0.8762804097311139 0.0902688860435339 0.09384122919334179
0 0.7318854033290652 0.7377496798975671 0.10099231754161324 0.10099231754161334
0 0.2795806658130601 0.5995934699103714 0.10427016645326499 0.10054417413572353
1 0.6705729833546734 0.7018245838668374 0.19036491677336712 0.13405889884763092
1 0.36388604353393095 0.05765685019206143 0.16964148527528808 0.11531370038412286
1 0.2665653008962868 0.3724839948783611 0.12342509603072975 0.25560819462227896
0 0.5793501920614598 0.8571638924455827 0.09681818181818211 0.09806658130601766
1 0.40822023047375167 0.36890845070422545 0.17793854033290651 0.2609667093469911
0 0.5728969270166455 0.06179257362355953 0.09302816901408474 0.0893725992317541
