1 0.5116248256624826 0.5721443514644351 0.10018828451882836 0.13912831241283127
1 0.42163702928870295 0.5788371687587169 0.10347629009762915 0.12412482566248269
1 0.33902370990237096 0.5756729428172943 0.12168758716875865 0.13149232914923298
1 0.25713214783821475 0.5753678521617853 0.13507322175732214 0.13065202231520223
1 0.17144525801952581 0.5752283821478382 0.14971757322175733 0.13466875871687575
1 0.8901830543933054 0.8273378661087866 0.08352510460251046 0.2981206415620643
1 0.7926377266387729 0.8323413528591352 0.08703277545327764 0.29278591352859146
1 0.684726290097629 0.8311785216178521 0.08680264993026494 0.2997698744769874
1 0.5822785913528591 0.82360529986053 0.08579149232914916 0.31087866108786616
1 0.47226115760111576 0.8357217573221758 0.09185146443514657 0.2967433751743376
1 0.3768793584379358 0.8326935146443514 0.08882147838214777 0.29068688981868895
1 0.2880299860529987 0.8354532775453277 0.09228730822873084 0.29088563458856337
1 0.1992468619246862 0.8290271966527196 0.0887866108786611 0.2932217573221757
1 0.1003207810320781 0.8296652719665273 0.09285913528591352 0.3007810320781033
1 0.9687953277545328 0.5662203626220362 0.061711994421199505 0.13831938633193855
1 0.8842747559274756 0.5662796373779637 0.07155509065550915 0.13921199442119941
1 0.789044630404463 0.5676621338912134 0.07267782426778234 0.13769525801952587
1 0.6963267085076709 0.5673640167364017 0.08360181311018129 0.1416317991631799
1 0.602747559274756 0.5702702231520224 0.09053695955369599 0.13726290097629001
