1 0.035935640886965894 0.46233369388858847 0.07187128177393179 0.15402379664683613
0 0.17622228231476475 0.12542725797728507 0.09489994591671189 0.08598702001081666
1 0.6926068144943212 0.6860302866414277 0.18630611141157394 0.2019794483504597
0 0.037122769064359164 0.12569226608977824 0.07424553812871833 0.09804759329367224
0 0.035319091400757195 0.5014954029204975 0.07063818280151439 0.08996755002704161
0 0.7600054083288263 0.7575689561925366 0.11220118983234138 0.10306652244456471
0 0.6288858842617632 0.2389697133585722 0.0978474851270961 0.0913304488912925
0 0.4622985397512168 0.3762925905895079 0.09122769064359125 0.09626284478096285
0 0.3166468361276365 0.24290697674418607 0.08305029745808569 0.0887128177393187
0 0.4751974040021633 0.25737425635478645 0.10192536506219584 0.0924878312601406
0 0.03479177934018384 0.7590048674959438 0.06958355868036768 0.08740941049215781
0 0.03598161168199025 0.2568090859924283 0.0719632233639805 0.0887182260681449
0 0.3204218496484586 0.3718848025959978 0.09185505678745276 0.09123309897241758
0 0.322506760411033 0.11677663601946996 0.09280151433207146 0.09070849107625745
0 0.3097241752298539 0.6232395889670093 0.08682531097890743 0.09563007030827474
0 0.1653299080584099 0.7493888588426177 0.09123309897241758 0.08997295835586808
0 0.17023796646836126 0.25146295294753923 0.08745267712276897 0.08493780421849649
0 0.4661681990265007 0.1207084910762574 0.08965386695511085 0.09017847485127095
0 0.16249864791779342 0.8739643050297459 0.10067063277447286 0.10632774472687946
0 0.16658734451054621 0.5033829096809086 0.08997295835586787 0.09751757706868575
0 0.4519199567333695 0.7393212547322876 0.08305029745808541 0.08368307193077344
0 0.17162249864791787 0.3869848566792861 0.09249323958896698 0.09751757706868579
0 0.310040562466198 0.7456138453217956 0.08996755002704156 0.09752298539751231
1 0.03592482422931312 0.6954164413196322 0.07184964845862624 0.18943753380205514
1 0.14287452677122778 0.6912385073012439 0.13318009734991887 0.19388858842617632
0 0.04051108707409409 0.8827095727420227 0.08102217414818819 0.10570037858301805
