1 0.7711870967741935 0.06426451612903226 0.12909677419354826 0.12852903225806453
1 0.710767741935484 0.12778064516129037 0.09981935483871 0.15310967741935477
0 0.6313483870967742 0.10882903225806449 0.08756129032258053 0.08631612903225803
0 0.4411870967741935 0.5988193548387096 0.08916129032258081 0.08646451612903228
0 0.7098419354838711 0.17762903225806453 0.08943870967741945 0.08506451612903217
1 0.10053870967741939 0.12222580645161292 0.08413548387096766 0.19814193548387088
1 0.8848193548387094 0.45516774193548387 0.1215870967741935 0.20339354838709664
0 0.4446999999999999 0.44139032258064514 0.09457419354838718 0.0873612903225809
1 0.941709677419355 0.3703548387096775 0.11529032258064513 0.1883870967741937
0 0.7945903225806452 0.10257741935483872 0.08756774193548385 0.07880645161290314
1 0.641341935483871 0.06764193548387099 0.0945677419354839 0.13528387096774197
0 0.08519032258064514 0.19690645161290324 0.08330967741935476 0.08106451612903215
0 0.22884193548387094 0.12935806451612902 0.08405806451612896 0.07805806451612904
1 0.7020870967741936 0.7639903225806453 0.11483225806451611 0.23729677419354833
0 0.5930709677419356 0.4448548387096775 0.08756129032258053 0.08449677419354858
1 0.6305967741935484 0.7094516129032258 0.10819999999999998 0.2320387096774193
0 0.8947258064516128 0.5139967741935483 0.09569677419354843 0.09506451612903224
1 0.7669451612903228 0.6753645161290324 0.1207161290322581 0.23016129032258065
0 0.5422225806451613 0.18013225806451608 0.09194193548387075 0.08631612903225803
1 0.36540322580645157 0.43299999999999994 0.11195483870967742 0.21452903225806447
0 0.9675225806451614 0.4355032258064517 0.06366451612903222 0.09193548387096771
1 0.4617225806451614 0.35888709677419356 0.12821935483870944 0.21765806451612912
0 0.8766548387096773 0.17866774193548385 0.08826451612903219 0.09276774193548384
0 0.7982967741935484 0.2673838709677419 0.09006451612903212 0.08826451612903219
0 0.7091322580645162 0.3515935483870968 0.08826451612903229 0.08556129032258084
0 0.6258225806451613 0.2583806451612903 0.08736129032258053 0.08825806451612905
0 0.4389387096774193 0.09801290322580643 0.08826451612903256 0.09015483870967742
0 0.7874709677419355 0.7670161290322581 0.08481290322580648 0.0833096774193549
0 0.6266548387096775 0.7865064516129032 0.09194193548387104 0.09069032258064497
0 0.35927741935483865 0.5009870967741934 0.08756129032258053 0.0925677419354839
0 0.2319967741935483 0.2820806451612904 0.09194193548387095 0.0888193548387096
0 0.3211225806451612 0.1954548387096774 0.09381935483870954 0.08568387096774192
0 0.965474193548387 0.6019290322580645 0.06776129032258077 0.09105806451612888
0 0.7077774193548386 0.8577612903225806 0.08376129032258069 0.07655483870967768
0 0.5312548387096774 0.5042548387096775 0.0873612903225808 0.08466451612903227
1 0.44357419354838706 0.05826129032258062 0.1148387096774193 0.11652258064516124
