1 0.1444825474586651 0.8044029393753827 0.19590936925903252 0.1154072259644827
0 0.4093723208818127 0.8345131659522351 0.09617268830373556 0.09023882424984707
0 0.9128781383955911 0.8312247397428048 0.11161053276178827 0.1027066748315984
0 0.39776791181873855 0.9619105939987752 0.12266380894060012 0.07495407225964487
0 0.08644519289650954 0.8256154317207594 0.09854868340477652 0.08905082669932646
1 0.29923453766074704 0.9402357624004899 0.18379669320269434 0.1183037354562156
1 0.14888854868340476 0.9365125535823638 0.19306184935701162 0.12575015309246776
0 0.7492651561543172 0.8271279853031231 0.11219840783833425 0.09795468462951633
0 0.086586037966932 0.9612492345376609 0.09660134721371708 0.0762767911818739
0 0.24431108389467235 0.9582241273729333 0.09916717697489273 0.08232700551132896
0 0.7374096754439681 0.9669105939987753 0.1111328842620944 0.06495407225964481
0 0.5663931414574404 0.8416533986527862 0.09082669932639285 0.0842988364972443
