0 0.23365134865134865 0.30866883116883126 0.08076923076923069 0.07844655344655342
0 0.09901348651348649 0.3136063936063936 0.08774725274725281 0.08193806193806195
0 0.37235764235764235 0.4198876123876124 0.08483516483516493 0.08426073926073933
0 0.23493006993006998 0.43383366633366643 0.0854245754245754 0.09006493506493507
0 0.37428321678321685 0.18427572427572425 0.08570929070929076 0.08377622377622376
0 0.23917832167832173 0.1922652347652348 0.08764735264735278 0.07941558441558438
0 0.09875124875124877 0.19250999000999 0.09248751248751264 0.09055444555444553
0 0.09663086913086909 0.6534865134865134 0.08657842157842154 0.09006993006993004
0 0.22650349650349655 0.8835964035964036 0.09297702297702315 0.09820179820179828
0 0.22911838161838158 0.7685414585414586 0.08426073926073925 0.08309690309690322
0 0.3627697302697303 0.7650549450549452 0.08309190809190801 0.09006993006993023
0 0.09657092907092908 0.06781718281718281 0.0939410589410588 0.08910089910089915
0 0.23027972027972024 0.5413361638361638 0.0830969030969029 0.09006493506493507
0 0.4938061938061939 0.7592432567432567 0.07670329670329669 0.07728771228771243
0 0.09692057942057945 0.5395929070929072 0.0894855144855145 0.08309190809190806
0 0.36247752247752235 0.6520329670329671 0.08018981018981015 0.08832167832167838
0 0.2270854145854146 0.6531943056943056 0.08135364635364631 0.08251248751248749
0 0.23918081918081927 0.06369880119880124 0.08474525474525466 0.0828021978021978
0 0.37961288711288715 0.06612137862137862 0.0886163836163836 0.08764735264735257
0 0.5069655344655345 0.18790709290709287 0.08280219780219773 0.08328671328671328
1 0.09775974025974021 0.5039685314685315 0.08869630369630378 0.14559940059940063
0 0.5033916083916083 0.4239585414585414 0.08425574425574436 0.08890609390609393
0 0.3688711288711289 0.3007667332667333 0.07670329670329692 0.08193306693306707
0 0.5108516483516484 0.07240509490509486 0.08278221778221781 0.08476023976023978
0 0.5153046953046952 0.31412837162837165 0.09413586413586417 0.08541958041958042
