1 0.37639791937581263 0.7290019505851756 0.12652795838751615 0.4207997399219767
1 0.44086475942782827 0.7092555266579975 0.08929778933680088 0.41129388816644985
1 0.5230754226267881 0.702161898569571 0.07616384915474639 0.4065604681404421
1 0.7400097529258778 0.7192360208062419 0.07406371911573482 0.3766254876462939
1 0.8750065019505852 0.7034785435630689 0.08141742522756823 0.41234070221066316
1 0.9516970091027307 0.7042652795838752 0.07721716514954517 0.40446033810143045
1 0.8163198959687906 0.7168075422626788 0.10819245773732096 0.42243172951885594
1 0.22527958387516248 0.7328998699609883 0.10873862158647594 0.38504551365409645
0 0.04028608582574775 0.06923602080624187 0.0805721716514955 0.10665149544863457
1 0.5832184655396618 0.7234362808842653 0.10925877763329012 0.4165474642392715
1 0.04592002600780234 0.7097691807542262 0.09184005201560468 0.15380364109232786
0 0.03419700910273084 0.7446228868660598 0.06839401820546168 0.09076723016905094
1 0.659668400520156 0.706033810143043 0.08976592977893368 0.4102990897269182
1 0.04261053315994797 0.37572496749024703 0.08522106631989594 0.2566124837451234
1 0.31299739921976594 0.7079323797139141 0.07462938881664496 0.40663198959687913
