0 0.6528183581124757 0.15459922430510672 0.0812152553329024 0.08272139625080806
0 0.713354880413704 0.26829993535875896 0.08647705235940513 0.07971557853910786
0 0.540775694893342 0.17340012928248222 0.09023917259211382 0.09325145442792514
1 0.5948416289592761 0.1120814479638009 0.1656755009696185 0.1754234001292824
1 0.907792501616031 0.10233354880413699 0.14402714932126695 0.15809954751131214
0 0.8257789269553976 0.26604395604395603 0.08873949579831943 0.08121525533290246
1 0.8043762120232709 0.12128312863606983 0.14943762120232726 0.1656819650937298
0 0.5999870717517777 0.26246606334841627 0.09475113122171953 0.09394311570782167
1 0.7090853264382675 0.10504201680672269 0.15593406593406592 0.15918552036199107
0 0.9355720749838397 0.2660439560439561 0.09475113122171944 0.08873949579831933
0 0.48222042663219133 0.26115707821590173 0.10648351648351656 0.10558500323206217
0 0.8690174531351001 0.16324499030381381 0.0819650937297996 0.0804654169360052
1 0.9521978021978023 0.1975371687136393 0.09431157078215915 0.19401422107304464
0 0.7528345184227538 0.1775339366515837 0.0782094376212023 0.07745959922430505
