0 0.35704516539440195 0.2564185750636132 0.08954834605597958 0.08732824427480915
1 0.636851145038168 0.18537531806615773 0.16428753180661582 0.17169211195928746
1 0.5214090330788804 0.17575381679389313 0.1790903307888042 0.19093511450381673
1 0.24500318066157764 0.1964758269720102 0.08066793893129799 0.17613231552162842
1 0.4185432569974555 0.18463740458015268 0.15540712468193357 0.17316793893129762
1 0.31567748091603043 0.19092239185750637 0.13912849872773536 0.18131043256997467
0 0.24788804071246826 0.2582697201017812 0.09176844783714999 0.09250636132315532
0 0.055521628498727715 0.5071946564885497 0.08376590330788795 0.08119592875318082
0 0.8066157760814249 0.24087786259541985 0.09324427480916027 0.0947201017811704
1 0.042970737913485976 0.43487277353689563 0.08594147582697195 0.20141221374045792
0 0.6874713740458014 0.2379198473282443 0.09620229007633563 0.09768447837150121
0 0.5797932569974554 0.24013994910941475 0.08658396946564875 0.08436386768447834
0 0.4721215012722646 0.2449491094147583 0.09028625954198463 0.08954198473282443
1 0.7426781170483462 0.18574427480916028 0.1909287531806616 0.16946564885496188
