0 0.8228115117014548 0.6250094876660341 0.0986021505376343 0.0897659709044908
1 0.8473719165085389 0.09278937381404177 0.13986717267552184 0.11125869702719804
0 0.5332099936748893 0.8819165085388995 0.08601518026565458 0.08559139784946213
0 0.8069291587602784 0.1019797596457938 0.08227071473750787 0.0807337128399746
0 0.395370018975332 0.888213156230234 0.08976597090449072 0.09050600885515492
1 0.303864642631246 0.7340702087286527 0.19199240986717261 0.1424098671726754
1 0.9634566729917773 0.7176628716002531 0.071821631878558 0.14962049335863392
1 0.95471853257432 0.3927039848197343 0.08929791271347261 0.2496331435800125
1 0.7209013282732447 0.7179696394686907 0.14103099304237834 0.15146110056926002
0 0.68455091714105 0.8885831752055661 0.09418722327640722 0.10154332700822276
0 0.8235452245414295 0.7508981657179001 0.08768500948766594 0.08952561669829213
0 0.9600600885515497 0.09455091714104998 0.07861480075901321 0.10375079063883617
1 0.8334187223276408 0.3957685009487666 0.13980392156862753 0.24962681846932314
0 0.23165085388994308 0.7782099936748894 0.07432005060088549 0.078001265022138
1 0.6891302972802024 0.4028462998102467 0.1462175838077166 0.2428589500316256
0 0.6801201771030992 0.761404174573055 0.08686907020872865 0.08303605313093
0 0.9578146742567993 0.7515686274509804 0.08310562934851375 0.08829854522454161
