0 0.7024313605857229 0.5719890176937157 0.13458816351433806 0.11666870042708961
0 0.3839170225747407 0.15837400854179376 0.10035387431360583 0.09069554606467356
0 0.6949969493593655 0.964582062233069 0.12544234289200726 0.06961561928004861
0 0.22380109823062852 0.5582519829164125 0.1139719341061623 0.11715070164734595
0 0.6942068334350214 0.44404209884075657 0.10860890787065265 0.10449664429530203
0 0.38034777303233686 0.28343807199511895 0.1056619890176936 0.0968456375838926
0 0.537065283709579 0.43599755948749236 0.11403294691885267 0.10957901159243448
0 0.07007321537522881 0.7036851738865162 0.1252104942037828 0.11405735204392925
0 0.3787004270896889 0.4196827333740085 0.10536912751677835 0.10274557657107992
0 0.7022574740695546 0.7188316046369738 0.12020744356314837 0.1104514948139109
0 0.06573825503355706 0.5604026845637584 0.11245271507016481 0.10884685784014639
0 0.704582062233069 0.3 0.119353264185479 0.10945698596705308
0 0.062385600976205005 0.14445393532641856 0.11598535692495417 0.10877364246491761
0 0.8619585112873704 0.8660463697376449 0.12001220256253793 0.11818181818181821
0 0.5373703477730324 0.8586333129957291 0.12220866381940224 0.11824283099450869
0 0.38504881025015253 0.5576357535082368 0.11139109212934724 0.11101281269066507
0 0.06321232458816353 0.2788346552776083 0.1192495424039047 0.11548505186089078
0 0.6952837095790115 0.17197376449054302 0.1099084807809639 0.10730323367907257
0 0.22909701037217817 0.15284014643075045 0.1190848078096399 0.10334960341671753
0 0.866647345942648 0.7136394142769982 0.11352654057352031 0.10816961561928018
0 0.3746430750457596 0.7147406955460647 0.11793776693105558 0.12477120195240998
0 0.06440512507626599 0.8326479560707748 0.12881025015253197 0.13282489322757784
0 0.5341000610128126 0.3029865771812081 0.11322757779133619 0.11031726662599145
0 0.695417937766931 0.8606528370957901 0.11371568029286154 0.10907870652837091
0 0.06262965222696765 0.9532336790726054 0.1252593044539353 0.0923123856009761
0 0.060158633312995737 0.41158023184868825 0.09716900549115312 0.0992190359975595
0 0.5386302623550946 0.5707596095179988 0.11374618669920707 0.11461256863941441
0 0.379713239780354 0.8639261744966442 0.13017693715680298 0.1326601586333131
0 0.8633190970103721 0.44699206833435023 0.11525320317266606 0.11025015253203174
0 0.21770286760219643 0.7183099450884687 0.11228187919463087 0.10444173276388048
0 0.8665954850518608 0.311012812690665 0.1020744356314827 0.09768151311775466
0 0.5340024405125076 0.7275533862111044 0.11269066503965822 0.12390482001220246
0 0.22262355094569863 0.4173154362416107 0.11956070774862719 0.11424039048200117
0 0.22602196461256865 0.2826113483831605 0.11598535692495415 0.11543624161073822
0 0.5471842586943259 0.16360280658938378 0.11169615619280031 0.10195851128737034
0 0.8662263575350824 0.17085723001830386 0.10647345942647976 0.10083587553386214
0 0.21647651006711408 0.8418242830994509 0.1250823672971324 0.1190359975594875
