0 0.9531007751937985 0.578624953857512 0.09306016980435597 0.11220007382798074
0 0.8210834256183093 0.05235326688815061 0.10044665928386848 0.1004466592838686
0 0.9648560354374309 0.05502583979328165 0.06954964931709116 0.08655223329641934
0 0.962718715393134 0.18432262827611665 0.07382428940568475 0.09083056478405316
0 0.9595127353266889 0.325906238464378 0.08023624953857522 0.08976005906238471
0 0.9600442967884828 0.45199704688076775 0.0791731266149873 0.09190107050572165
0 0.9498947951273534 0.7191435954226651 0.09947212993724626 0.11326688815060913
0 0.3252676264304172 0.7282262827611664 0.11113325950535254 0.09937615356220009
0 0.6586618678479145 0.5871742340346991 0.11327057954964924 0.10365079365079366
0 0.8136064968623108 0.45520487264673304 0.0940346991509781 0.08976005906238466
0 0.8194813584348468 0.325374677002584 0.0908268733850131 0.08441491325212254
0 0.19276485788113695 0.3109468438538206 0.08976005906238461 0.07907345884090074
0 0.5079937246216316 0.17363787375415282 0.08762273901808781 0.08869324473975636
0 0.36694352159468435 0.042203765227021045 0.08548541897379107 0.07800664451827244
