0 0.6258848167539268 0.32018586387434556 0.10003141361256568 0.09548167539267016
0 0.7400130890052357 0.09592146596858635 0.08814136125654475 0.08334031413612569
0 0.7424083769633508 0.20819895287958112 0.09853403141361308 0.09524607329842925
0 0.7498612565445025 0.3265471204188481 0.10026701570680642 0.09698952879581149
0 0.6192696335078535 0.0968586387434555 0.08524083769633513 0.0806282722513089
0 0.6147068062827225 0.20375130890052354 0.08218848167539262 0.07396335078534029
0 0.4811623036649215 0.09238219895287961 0.08263874345549747 0.0759685863874345
0 0.48564921465968586 0.204541884816754 0.08648167539267006 0.08243455497382203
0 0.4918350785340314 0.32986387434554976 0.11330366492146625 0.09995811518324614
0 0.3528193717277487 0.0819502617801047 0.0915026178010471 0.08594240837696326
0 0.35810209424083767 0.20020680628272253 0.09505235602094252 0.08492670157068066
0 0.3581230366492147 0.3206492146596858 0.09802617801047116 0.10058638743455497
0 0.21795811518324604 0.0852356020942408 0.08879581151832455 0.08376963350785338
0 0.21262827225130895 0.2022329842931938 0.08627225130890065 0.08731413612565446
0 0.221020942408377 0.321782722513089 0.10801047120418861 0.10398429319371731
0 0.07441623036649214 0.08194240837696336 0.08845549738219909 0.08895287958115188
0 0.0837774869109948 0.19943717277486908 0.10417277486910985 0.09861256544502613
0 0.08885602094240845 0.3171465968586387 0.11014136125654446 0.10361256544502623
