0 0.39974708171206214 0.298916990920882 0.09587548638132305 0.09430609597924773
0 0.2533852140077821 0.8376783398184175 0.10320363164721127 0.09867704280155642
0 0.547101167315175 0.7097081712062256 0.1010894941634239 0.08977950713359262
0 0.5646044098573283 0.8388683527885863 0.09280155642023347 0.08751621271076528
0 0.06643644617380036 0.4454896238651102 0.10592088197146557 0.08781452658884563
0 0.25346627756160833 0.43761348897535673 0.08883916990920897 0.08731517509727625
0 0.40515564202334636 0.9635084306095978 0.08970168612191942 0.07168612191958476
0 0.24754863813229575 0.15667639429312583 0.09744487678339801 0.09273022049286637
0 0.2561900129701685 0.7032198443579767 0.08902075226977946 0.08676394293125807
1 0.5033430609597925 0.7131939040207523 0.17427367055771759 0.10407911802853442
1 0.04702334630350194 0.4785343709468222 0.09404669260700388 0.12856031128404669
1 0.35592736705577166 0.5931485084306096 0.18483787289234752 0.11769779507133593
1 0.34257133592736694 0.33777237354085604 0.1727691309987028 0.13428664072632937
1 0.4943158236057067 0.4526848249027237 0.18546692607003876 0.12102464332036317
0 0.2540175097276264 0.9632360570687418 0.10048638132295733 0.07223086900129704
0 0.5558754863813232 0.4283268482490272 0.10006485084306102 0.09325551232166013
0 0.4095687418936446 0.8407522697795071 0.08751621271076537 0.08525291828793775
0 0.4172989623865111 0.5760700389105058 0.0974513618677042 0.09744487678339815
0 0.06968223086900133 0.5799448767833981 0.09870298313878098 0.08990272373540845
