0 0.35195460277427476 0.8781525851197983 0.0889029003783102 0.09242118537200496
1 0.4296279949558639 0.06936002522068095 0.16707440100882723 0.11868221941992421
0 0.4908543505674653 0.7331021437578815 0.09535308953341741 0.09718789407314002
0 0.6418316519546028 0.8593253467843633 0.09535308953341778 0.09658259773013851
1 0.3337799495586381 0.38197982345523324 0.12155737704918028 0.2517402269861285
1 0.03294451450189155 0.7291330390920555 0.0658890290037831 0.36880832282471615
0 0.7920586380832282 0.7417181588902899 0.09946406052963434 0.09946406052963425
0 0.3465983606557376 0.6056525851197982 0.10269230769230765 0.09902269861286273
1 0.47329129886506943 0.3784583858764188 0.17524590163934436 0.25701765447667096
1 0.12878310214375788 0.6958480453972258 0.1171122320302647 0.3997667087011351
0 0.48626733921815896 0.5967906683480454 0.09718789407313984 0.10208070617906694
0 0.4819924337957125 0.07539092055485494 0.10697351828499367 0.1020807061790669
1 0.7316740226986128 0.7063366960907944 0.18748423707440073 0.13203026481714977
1 0.47329129886506943 0.3784583858764188 0.17524590163934436 0.25701765447667096
