0 0.4517907106883044 0.13854224958030223 0.0961275881365416 0.08822048125349755
0 0.453435926133184 0.03404308897593735 0.0995075545607161 0.0680861779518747
0 0.7442669278119753 0.284247341913822 0.1231505316172354 0.11847789591494126
0 0.16429770565193055 0.14310016787912705 0.10363738108561826 0.09790710688304421
0 0.7244152210408508 0.1574958030218243 0.08909904868494696 0.09044767767207602
0 0.16353945159485161 0.0337716843872412 0.0967599328483491 0.0675433687744824
0 0.5935450475657528 0.040207050923335215 0.09542809177392289 0.08041410184667043
0 0.050195858981533316 0.26194739787353105 0.10039171796306663 0.13284834918858413
0 0.16158086177951866 0.27159205372132067 0.09832680470061557 0.10371012870733068
0 0.5993816452154449 0.27113318410744264 0.10691102406267486 0.1020537213206492
0 0.4519445998880806 0.2812730833799664 0.10743704532736423 0.09785674314493556
0 0.3135002797985451 0.2743312814773363 0.1137940682708449 0.10965864577504202
0 0.04725797425853388 0.13107722439843308 0.09451594851706777 0.12102406267487407
0 0.5852602126468943 0.14664801343033018 0.09519865696698372 0.09103525461667605
0 0.31098209289311685 0.034238947957470595 0.08261331841074426 0.06847789591494119
0 0.7269753777280359 0.036155567991046446 0.08234471180749886 0.07231113598209289
0 0.319082260772244 0.14461108002238388 0.08909904868494674 0.08099608282036935
