0 0.4939255091103967 0.7485101822079314 0.09660771704180061 0.09333333333333324
0 0.3583520900321543 0.13527331189710612 0.10244908896034306 0.09756698821007503
0 0.4976205787781351 0.6244453376205789 0.09620578778135042 0.09144158628081453
0 0.5023285101822079 0.5022829581993569 0.10122722400857442 0.09524115755627004
1 0.9289549839228297 0.5379421221864952 0.1410182207931403 0.08467309753483389
0 0.9085182207931405 0.1442872454448017 0.09008038585209022 0.08959271168274383
1 0.9305064308681672 0.6495980707395498 0.1379153269024652 0.0856913183279742
1 0.9297293676312969 0.7570418006430868 0.1394694533762059 0.08685959271168286
1 0.9274035369774921 0.872615219721329 0.14412111468381564 0.08531618435155423
0 0.49445337620578766 0.38893622722400856 0.08890675241157565 0.08525723472668804
0 0.9052357984994641 0.26707663451232583 0.09257234726688086 0.08635048231511253
0 0.49989817792068597 0.2590032154340836 0.0994748124330117 0.09217577706323685
0 0.34994105037513396 0.6268327974276527 0.09730975348338716 0.0983172561629154
0 0.5001366559485532 0.9661414790996785 0.11803322615219716 0.06664523043944265
0 0.35477491961414787 0.4938370846730975 0.09947481243301202 0.09496248660235804
0 0.35183547695605566 0.374941050375134 0.10324222936763139 0.08859592711682737
0 0.49463558413719183 0.8734539121114684 0.10493033226152178 0.10227759914255105
0 0.4923204715969988 0.14657824222936763 0.09000000000000004 0.08530010718113613
0 0.35112004287245435 0.2605466237942123 0.09216505894962486 0.0888424437299036
