0 0.47977859778597787 0.18138683886838866 0.12580565805658056 0.12162976629766298
1 0.1346955719557195 0.5508917589175892 0.12461869618696192 0.2121525215252153
1 0.29972632226322266 0.695479704797048 0.12640221402214008 0.21719557195571954
1 0.4822078720787208 0.15426814268142683 0.13174661746617458 0.1815867158671587
0 0.30507380073800733 0.20221094710947107 0.1198400984009841 0.10732472324723245
0 0.30388068880688796 0.3512423124231242 0.1198400984009841 0.11328413284132832
0 0.3029428044280443 0.7632872078720787 0.11208487084870852 0.11447109471094728
0 0.1267773677736778 0.7650738007380073 0.10314883148831477 0.10373923739237371
0 0.13272447724477254 0.6154243542435425 0.1150676506765067 0.11089790897908984
0 0.3107257072570726 0.05130996309963096 0.12878228782287826 0.10261992619926193
0 0.15530442804428035 0.3102121771217712 0.12222017220172204 0.12162976629766295
0 0.15470787207872083 0.17009840098400986 0.12579950799507977 0.1097047970479704
0 0.15977552275522747 0.033477859778597754 0.12162976629766298 0.06695571955719551
