0 0.8460201429499676 0.744100064977258 0.09007797270955165 0.09196881091617928
0 0.8289506172839506 0.07747238466536714 0.08451591942820005 0.08293697205977899
0 0.8538336582196231 0.8835640025990903 0.09008447043534766 0.09007797270955165
0 0.5464294996751138 0.7652956465237167 0.09396361273554249 0.09920727745289173
1 0.8704970760233919 0.06803118908382068 0.14368421052631572 0.11429499675113716
0 0.5477615334632878 0.8786939571150097 0.08836257309941518 0.08792722547108486
0 0.8452664067576349 0.614775828460039 0.1012930474333982 0.09221572449642623
0 0.6986809616634178 0.7548927875243665 0.08923976608187137 0.08530214424951298
1 0.8561630929174789 0.37927875243664716 0.14361923326835624 0.25643924626380754
1 0.31215724496426245 0.7268128654970759 0.19723196881091612 0.14629629629629623
1 0.7405750487329434 0.7102729044834308 0.14487979207277454 0.15559454191033137
0 0.6907472384665367 0.07052306692657567 0.08944769330734259 0.0850357374918779
0 0.23797270955165695 0.7721572449642625 0.07634827810266408 0.0801299545159195
0 0.9703086419753085 0.744788823911631 0.05808317089018862 0.09070825211176099
0 0.7032326185834957 0.8855425601039636 0.09675763482781018 0.10431448992852516
0 0.40615984405458083 0.8851624431448993 0.09221572449642618 0.0929759584145551
1 0.707936972059779 0.3865497076023392 0.15020792722547113 0.24948667966211827
