1 0.8309121621621621 0.269708230958231 0.21872850122850115 0.1486302211302213
0 0.7633998771498772 0.4413267813267813 0.09933046683046691 0.08717444717444726
0 0.7801904176904176 0.5613759213759214 0.09432432432432442 0.08432432432432425
0 0.6278439803439803 0.6928163390663391 0.09518427518427508 0.0908906633906632
0 0.6038329238329239 0.1553378378378379 0.09604422604422612 0.0866093366093366
0 0.7843366093366093 0.8317321867321867 0.08917690417690426 0.0874692874692874
0 0.6295577395577396 0.817582923832924 0.09518427518427526 0.09175061425061425
0 0.2171007371007371 0.7914281326781326 0.10546683046683049 0.09946560196560184
0 0.3350061425061425 0.40898648648648656 0.09947174447174449 0.08574938574938569
0 0.33543611793611794 0.537607493857494 0.09175675675675671 0.08746314496314501
0 0.3482985257985258 0.6842444717444718 0.09518427518427518 0.09089680589680586
0 0.3508691646191646 0.8030067567567568 0.08317567567567566 0.07974815724815733
0 0.5009305896805897 0.8064342751842752 0.09175061425061415 0.08832309582309596
0 0.5073648648648649 0.6670945945945945 0.08232186732186732 0.07717444717444706
0 0.48549754299754294 0.5551873464373465 0.078034398034398 0.07460073710073725
0 0.4717813267813269 0.4188452088452089 0.08146191646191647 0.07460687960687962
0 0.45377149877149875 0.29793918918918927 0.09003685503685496 0.08832309582309578
0 0.6085503685503685 0.29922604422604426 0.08917690417690416 0.08574938574938583
0 0.6046898034398035 0.4308507371007372 0.0968980343980344 0.08832309582309582
0 0.6218396805896805 0.5547604422604423 0.09175061425061425 0.08060196560196581
0 0.6051197788697789 0.03385135135135136 0.08746314496314483 0.06770270270270272
0 0.7805497542997543 0.6928624078624079 0.09646805896805893 0.08574938574938588
0 0.9146744471744472 0.31165847665847674 0.09432432432432424 0.08660933660933659
0 0.9116769041769042 0.4501443488943489 0.09861179361179345 0.09089066339066354
0 0.9168212530712531 0.5791984029484029 0.09689803439803431 0.0968980343980344
0 0.9292536855036854 0.6958200245700246 0.09089066339066339 0.09175061425061415
0 0.924539312039312 0.8488820638820639 0.08660933660933653 0.08574938574938588
0 0.21967137592137595 0.6542321867321866 0.08832309582309579 0.08574938574938569
0 0.20937960687960688 0.5256050368550369 0.0900368550368551 0.07888820638820657
0 0.20423832923832924 0.3952641277641278 0.0866093366093366 0.07717444717444706
0 0.1930896805896806 0.2807862407862407 0.08660933660933666 0.08146191646191638
1 0.9404975429975431 0.26651719901719906 0.11777641277641288 0.1486363636363636
0 0.3131388206388206 0.14401719901719906 0.09003685503685506 0.08232186732186729
0 0.7551812039312038 0.3012653562653563 0.09718058968058965 0.090036855036855
1 0.5343611793611793 0.2547205159705159 0.2358845208845209 0.1557800982800981
1 0.6847911547911548 0.26433353808353804 0.21444717444717448 0.1379176904176904
