0 0.07935752688172043 0.03173387096774192 0.09225268817204302 0.06346774193548384
0 0.24744892473118282 0.26830376344086027 0.10006989247311834 0.0823494623655914
0 0.4027688172043011 0.40329838709677424 0.09903225806451618 0.08547849462365588
1 0.30522849462365587 0.2386881720430108 0.17512365591397852 0.1282150537634409
1 0.5764381720430107 0.11253494623655909 0.1374247311827957 0.13059677419354843
1 0.44423118279569895 0.3646801075268817 0.1621182795698924 0.1546827956989246
0 0.4037016129032258 0.533024193548387 0.08715591397849462 0.08403763440860208
1 0.8734274193548387 0.8183440860215053 0.09088709677419345 0.21090322580645168
0 0.8640833333333333 0.9009032258064514 0.08856451612903234 0.08331182795698909
0 0.42169892473118287 0.6475833333333334 0.09547311827956977 0.09276881720430122
0 0.27263978494623653 0.7876317204301075 0.09817204301075264 0.09546774193548395
0 0.8474973118279571 0.40134408602150545 0.08556451612903232 0.08555913978494627
0 0.583231182795699 0.8816155913978495 0.09006451612903221 0.0938225806451612
1 0.5867150537634408 0.4782983870967742 0.13516129032258065 0.17450000000000015
0 0.5482822580645161 0.5395940860215054 0.08443548387096761 0.08318817204301077
0 0.13575537634408602 0.9008279569892473 0.08405913978494621 0.0788064516129032
0 0.8526774193548387 0.6575806451612902 0.07955913978494618 0.07580645161290318
0 0.5700967741935483 0.7720376344086022 0.09231182795698925 0.08555913978494613
1 0.8653978494623656 0.5960349462365592 0.09764516129032275 0.17487634408602162
0 0.7138790322580645 0.7650698924731183 0.07766129032258069 0.07401075268817231
0 0.5340725806451614 0.15021236559139783 0.08105913978494624 0.07430645161290324
1 0.8583413978494625 0.3521854838709677 0.09689784946236567 0.15986559139784925
0 0.7144704301075269 0.6457741935483872 0.08427419354838711 0.08431182795698948
1 0.7474462365591398 0.5739086021505377 0.1242903225806451 0.2021075268817203
0 0.428994623655914 0.8922876344086024 0.08376344086021502 0.0756505376344085
