1 0.3216217948717949 0.6978141025641026 0.14443162393162381 0.16346581196581206
1 0.7565598290598292 0.9024508547008547 0.07435042735042738 0.1942435897435898
1 0.684869658119658 0.9111111111111111 0.0816452991452991 0.17692307692307696
1 0.4108119658119658 0.6924444444444443 0.14622222222222234 0.16107692307692317
1 0.23541666666666666 0.6972158119658121 0.1354829059829059 0.17181623931623927
1 0.13817307692307695 0.7016901709401709 0.13309829059829076 0.18434615384615394
1 0.4979145299145299 0.6945299145299145 0.14622222222222214 0.14974358974358964
1 0.577258547008547 0.6802136752136752 0.16054273504273517 0.16764102564102557
1 0.6539209401709402 0.6772307692307692 0.16591025641025645 0.15809401709401713
1 0.7275982905982906 0.6766324786324787 0.1760512820512822 0.14974358974358964
1 0.8252179487179487 0.8968846153846155 0.08052991452991436 0.2053760683760683
