0 0.4238399742930592 0.7941516709511568 0.09719151670951158 0.09906169665809765
1 0.4059383033419024 0.4326703084832905 0.17862467866323908 0.2619730077120823
0 0.577728149100257 0.9228084832904884 0.09719151670951186 0.0984447300771207
1 0.046561696658097715 0.7768123393316196 0.09312339331619543 0.4139331619537277
0 0.4148071979434447 0.12375964010282771 0.10903598971722356 0.10404884318766071
1 0.4059383033419024 0.4326703084832905 0.17862467866323908 0.2619730077120823
0 0.4263592544987147 0.9302924164524422 0.10976221079691519 0.1078984575835475
0 0.2793862467866324 0.8065777634961439 0.10976221079691519 0.10232005141388169
0 0.28226221079691505 0.9419987146529563 0.0906169665809768 0.09420308483290485
1 0.263737146529563 0.43625964010282775 0.12390102827763491 0.2565938303341901
1 0.36143316195372754 0.1176124678663239 0.17029562982005134 0.12097043701799474
0 0.41916452442159385 0.6552120822622108 0.09906169665809755 0.10404884318766082
0 0.27680269922879175 0.6642448586118251 0.104672236503856 0.100931876606684
