0 0.2695276872964169 0.736830618892508 0.11126384364820847 0.10371986970684033
0 0.4185114006514658 0.8622377850162867 0.11126384364820847 0.10937459283387603
0 0.4112182410423452 0.5833941368078177 0.100416938110749 0.1054723127035831
1 0.2536644951140065 0.3614462540716612 0.12559609120521167 0.2601042345276871
1 0.6647785016286644 0.6965798045602606 0.1937133550488596 0.13641693811074893
0 0.2669087947882735 0.5925504885993486 0.10610423452768725 0.10231270358306202
1 0.3526970684039088 0.0498762214983713 0.17262540716612373 0.0997524429967426
0 0.40680130293159616 0.048703583061889245 0.11052768729641686 0.09740716612377849
1 0.3978110749185668 0.35780781758957664 0.18106840390879486 0.2655570032573291
0 0.27244299674267086 0.8741042345276874 0.0918566775244299 0.09549185667752437
0 0.7271693811074917 0.7331368078175895 0.10276872964169383 0.10276872964169383
0 0.4159576547231271 0.7242345276872966 0.0985211726384365 0.10041693811074914
1 0.3978110749185668 0.35780781758957664 0.18106840390879486 0.2655570032573291
0 0.5719511400651467 0.8546514657980457 0.09852117263843674 0.09979153094462527
