0 0.2489562807881774 0.209378078817734 0.10160714285714273 0.10160098522167489
0 0.2507389162561577 0.05875615763546796 0.09804187192118216 0.08912561576354681
0 0.40377770935960583 0.21244150246305418 0.08381157635467991 0.0795135467980295
0 0.4067087438423645 0.05519088669950739 0.07842980295566496 0.07842364532019698
0 0.5573245073891624 0.19868226600985223 0.10516625615763553 0.0944704433497536
0 0.5539932266009852 0.05728140394088669 0.08238300492610827 0.0745012315270936
0 0.08834359605911318 0.2056403940886699 0.10378078817733989 0.10142857142857149
0 0.08474137931034476 0.059993842364532 0.09546798029556647 0.09782019704433492
0 0.7194612068965519 0.20795874384236457 0.10727216748768467 0.10692733990147774
0 0.6988269704433497 0.07500615763546795 0.09803571428571435 0.09951970443349746
