1 0.14047891036906854 0.3215114235500879 0.13493848857644986 0.15384885764499118
1 0.5143739015817222 0.5834666080843585 0.08126977152899811 0.30974516695957827
1 0.5900219683655537 0.30668936731107205 0.16918277680140592 0.14260544815465725
1 0.6659248681898067 0.30566783831282957 0.181963971880492 0.14056239015817223
1 0.0554173989455185 0.32278998242530754 0.110834797891037 0.15538664323374343
1 0.7379964850615114 0.3015773286467487 0.19320738137082608 0.13442882249560628
1 0.8547649384885765 0.5471770650263621 0.07518892794376109 0.29441564147627436
1 0.6033128295254833 0.5878119507908611 0.08331282952548329 0.2826537785588752
1 0.7796528998242531 0.557146309314587 0.07615992970123003 0.29185852372583465
1 0.08604569420035145 0.6218036028119508 0.1068277680140597 0.3383699472759227
1 0.18724956063268897 0.5952240773286467 0.09864674868189806 0.3547275922671352
1 0.29561072056239013 0.5988027240773287 0.09456063268892806 0.3261028119507909
1 0.6991498242530756 0.5645540421792618 0.08689367311072065 0.3046353251318102
1 0.3991146748681898 0.5875571177504394 0.08484622144112484 0.31179261862917385
1 0.23708479789103695 0.31895650263620384 0.14516256590509682 0.15078646748681898
1 0.32908831282952555 0.3133326010544816 0.15641036906854117 0.15180579964850618
1 0.41751537785588744 0.3107776801405975 0.16254393673110715 0.14874340949033385
1 0.5015971001757469 0.30873242530755707 0.1691871704745168 0.14771968365553606
