0 0.5050032175032174 0.3249967824967825 0.09045688545688557 0.08484555984555985
0 0.18122586872586874 0.590440797940798 0.09420205920205911 0.09045688545688538
0 0.5099903474903476 0.5851383526383526 0.10792149292149293 0.09731660231660225
0 0.3468564993564994 0.5913770913770914 0.10231016731016748 0.09232947232947228
0 0.6681338481338481 0.578899613899614 0.09857142857142857 0.09482625482625485
0 0.6681338481338481 0.578899613899614 0.09857142857142857 0.09482625482625485
1 0.5054697554697555 0.35649935649935643 0.10709137709137719 0.14088803088803087
1 0.3523680823680823 0.4815283140283141 0.11073359073359072 0.12892535392535392
1 0.19169240669240667 0.34781531531531534 0.12127413127413113 0.13999356499356494
1 0.1985682110682111 0.48750321750321746 0.10916988416988423 0.12539253539253545
1 0.03308880308880306 0.6031756756756756 0.06617760617760612 0.13101029601029607
1 0.9606241956241955 0.352007722007722 0.07746460746460758 0.1564607464607465
1 0.8204375804375804 0.4739414414414414 0.11229086229086231 0.15092020592020586
0 0.16998391248391256 0.3085135135135135 0.08684041184041191 0.0793564993564994
0 0.1800900900900901 0.4636229086229086 0.09132561132561123 0.0860875160875161
0 0.8307689832689832 0.4357625482625483 0.09702059202059198 0.08713642213642206
0 0.3446718146718148 0.45600386100386103 0.092947232947233 0.0860875160875161
0 0.026644144144144125 0.8516731016731015 0.05328828828828825 0.08162162162162172
