0 0.199355223880597 0.06307164179104477 0.13844776119402982 0.12614328358208954
0 0.19854029850746274 0.20277313432835822 0.14369552238805974 0.13844179104477608
0 0.657641791044776 0.2003044776119403 0.12400000000000028 0.1309970149253732
0 0.8153850746268657 0.21368955223880592 0.12282985074626854 0.11382686567164187
0 0.5199164179104478 0.2034656716417911 0.1467940298507463 0.14459104477611945
0 0.5199761194029852 0.06362089552238809 0.14321194029850762 0.12724179104477618
0 0.8166089552238806 0.08288656716417905 0.123844776119403 0.10929552238805966
0 0.6561940298507463 0.06980895522388064 0.12086567164179092 0.11131940298507466
0 0.9612746268656717 0.22701791044776118 0.07625671641791038 0.09839402985074637
0 0.349334328358209 0.06764179104477616 0.12736119402985102 0.12465671641791044
0 0.35699402985074624 0.20535522388059704 0.14332537313432842 0.1387820895522388
0 0.9674626865671642 0.08493432835820902 0.06388059701492547 0.08971343283582091
