0 0.35999048826886487 0.6420830691185796 0.10327837666455289 0.09958782498414727
0 0.5050697526949905 0.7702599873176919 0.09589727330374141 0.0977425491439442
0 0.5004565630944832 0.6331705770450222 0.09774254914394401 0.10266328471781873
0 0.3653772986683575 0.916138237159163 0.08941027266962587 0.09294863665187068
1 0.4434939759036145 0.1027298668357641 0.16802790107799617 0.11935954343690537
1 0.7472637920101457 0.7433417882054534 0.18855421686746957 0.13278376664552916
1 0.3470989220038047 0.4171337983512999 0.12225110970196569 0.2531769181991121
1 0.1423493975903614 0.7396448953709575 0.1111160431198478 0.4018008877615727
0 0.4961572606214332 0.10879518072289152 0.10758402029169299 0.10266328471781869
1 0.48740646797717196 0.41359226379201025 0.17624603677869385 0.2584844641724795
0 0.8079930247305009 0.7789251743817375 0.10003170577045027 0.10003170577045017
1 0.04080532656943558 0.7630310716550414 0.08161065313887116 0.3779327837666456
1 0.48740646797717196 0.41359226379201025 0.17624603677869385 0.2584844641724795
0 0.6569086873811034 0.8972035510462905 0.09589727330374159 0.09713379835129986
