0 0.46604904632152594 0.04895640326975479 0.08544959128065381 0.07908991825613083
0 0.7358283378746593 0.17899727520435962 0.09150408719346041 0.09281743869209805
0 0.4691198910081744 0.16409264305177113 0.09053405994550418 0.08367302452316087
0 0.7430544959128066 0.29429155313351496 0.11226702997275212 0.10411444141689367
0 0.4659945504087193 0.29931062670299724 0.09741689373297006 0.0894114441416893
0 0.6024305177111716 0.28552316076294276 0.09881198910081726 0.09467574931880111
0 0.734125340599455 0.06345504087193457 0.08963487738419601 0.07886648501362399
0 0.3294986376021799 0.16303542234332422 0.0962724795640326 0.08788010899182562
0 0.32582561307901914 0.046528610354223426 0.08892643051771106 0.0904850136239783
0 0.33266757493188004 0.29658038147138965 0.09944959128065409 0.1004632152588557
0 0.6028937329700272 0.056016348773842005 0.09352588555858302 0.08349863760217985
0 0.6002724795640325 0.16884741144414162 0.08926430517711156 0.08388555858310628
1 0.2622888283378747 0.047907356948228924 0.17592370572207097 0.077133514986376
1 0.2670435967302452 0.16545776566757492 0.18543324250681198 0.09879564032697545
1 0.2688937329700273 0.28326975476839233 0.19230517711171666 0.10619073569482293
