1 0.7186286254728876 0.7188587641866331 0.1405863808322825 0.15098360655737714
0 0.8043852459016394 0.10481084489281212 0.08201134930643125 0.08047919293820925
0 0.8209489281210592 0.7516834804539724 0.08740857503152567 0.08924337957124837
0 0.5315290037831021 0.8822887767969734 0.08574401008827234 0.08532156368221927
0 0.3941235813366961 0.888565573770492 0.08948297604035296 0.09022068095838595
0 0.23092055485498109 0.7789092055485498 0.07408575031525852 0.07775535939470374
1 0.9619955863808323 0.7185529634300126 0.07474779319041615 0.14914880201765462
1 0.8307912988650694 0.39767339218158887 0.13936317780580088 0.24883984867591413
1 0.6869577553593946 0.4047288776796974 0.14575662042875162 0.24209331651954602
1 0.8447005044136192 0.09564943253467847 0.13942622950819666 0.11090794451450198
0 0.6779760403530896 0.7621563682219419 0.08659520807061788 0.08277427490542269
0 0.8202175283732661 0.6261916771752837 0.09829129886506917 0.089482976040353
0 0.9563713745271121 0.7523518284993694 0.08599621689785633 0.08802017654476685
0 0.958609709962169 0.09740542244640607 0.08151954602774263 0.10342370744010088
1 0.3029066834804539 0.7349085750315257 0.19138713745271116 0.14196090794451446
1 0.9532849936948296 0.3946185372005044 0.09216897856242125 0.24884615384615372
0 0.6823928121059268 0.8889344262295081 0.09389029003783098 0.10122320302648173
