1 0.7061017498379779 0.47174335709656523 0.1498185353208036 0.2488399222294232
0 0.4051069345430978 0.9610239792611793 0.09197666882696043 0.07665586519766689
0 0.826801685029164 0.16346727154893065 0.08429682436811403 0.08272197018794547
1 0.311348023331173 0.8111244329228773 0.19672067401166551 0.1459170447180816
0 0.8516202203499675 0.9609494491250811 0.08985093972780296 0.07680492546986398
0 0.2373558003888529 0.856351263771873 0.07615035644847701 0.07992222942320157
1 0.7386552171095269 0.7946273493195075 0.1445042125729099 0.15519118600129636
1 0.8539436163318213 0.46449125081011017 0.14324692158133523 0.2557744653272844
1 0.8682404406999353 0.15405055087491903 0.1433117303953337 0.11399870382372013
0 0.8397861309138043 0.03419313026571613 0.08325340246273502 0.06838626053143226
0 0.7014095917044718 0.9583862605314323 0.09650680492546976 0.08193130265716139
0 0.8430751782242385 0.6993778353856124 0.10103046014257921 0.09197666882696039
0 0.688956578094621 0.15653596889176927 0.0892158133506158 0.08481529488010378
0 0.6968697342838626 0.8391315618924174 0.08900842514581978 0.08508101101749865
0 0.9690894361633182 0.829053791315619 0.060524951393389495 0.09047310434219076
0 0.8438269604666234 0.8283668178872328 0.08984445884640314 0.09173039533376534
0 0.5463415424497732 0.959057031756319 0.08813350615683731 0.08058976020738802
0 0.5450129617627998 0.8495074530136099 0.09372002592352552 0.09895009721322118
