0 0.5311940768746063 0.9081978575929427 0.0856899810964083 0.0852678008821675
0 0.6775488342785131 0.7881411468178954 0.08654064272211717 0.0827221172022687
1 0.8441682419659736 0.12205419029615631 0.13933837429111529 0.11083805923125399
1 0.8302678008821677 0.423887838689351 0.13927536231884063 0.248683049779458
0 0.9560838059231254 0.7783427851291745 0.08657214870825482 0.08796471329552637
1 0.7181758034026465 0.7448708254568368 0.14049779458097034 0.15088846880907375
1 0.9617044738500315 0.7445652173913043 0.07533081285444236 0.14905482041587917
1 0.9529993698802773 0.4208349086326401 0.09274102079395088 0.24868935097668543
0 0.8038783868935098 0.13120982986767488 0.08195967233774404 0.08042848141146808
0 0.819700693131695 0.6522621298046628 0.09822936357907981 0.0894265910522999
