1 0.4162112586970272 0.06967741935483869 0.12633776091081608 0.13935483870967738
1 0.6699399114484503 0.7695256166982922 0.10743200506008845 0.2288425047438332
0 0.5939437065148641 0.27292220113851984 0.08564832384566719 0.08652751423149903
0 0.2952182163187855 0.21123023402909546 0.09197975964579364 0.08400379506641367
0 0.5993611638203667 0.126302972802024 0.08584440227703975 0.08462365591397847
0 0.5947596457938014 0.7906925996204933 0.09013915243516772 0.08891208096141665
0 0.0639120809614168 0.21265338393421887 0.08167615433270074 0.07947501581277665
1 0.7374288425047438 0.07076533839342188 0.11743833017077804 0.14153067678684375
1 0.6007716635041115 0.7136053130929791 0.10154332700822256 0.22442757748260575
1 0.7346900695762175 0.6845382669196711 0.11331435800126509 0.22222011385199245
0 0.4107242251739405 0.11569892473118278 0.08653383934218879 0.08838709677419357
1 0.5073529411764707 0.4485357368753953 0.10185325743200489 0.19805819101834252
0 0.9365433270082226 0.6097343453510436 0.08564832384566756 0.0892726122707147
0 0.8398576850094875 0.19477229601518023 0.0865338393421885 0.09094876660341554
1 0.07895951929158762 0.1394370651486401 0.08248576850094867 0.19425679949399105
1 0.673247944339026 0.14569259962049333 0.10448450347881093 0.15305502846299812
1 0.3466951296647692 0.4430170777988615 0.121473750790639 0.20786843769765956
1 0.22942441492726123 0.22512966476913346 0.10934851359898803 0.20490828589500307
0 0.7594022770398482 0.12017394054395951 0.08585072738772927 0.07726122707147368
1 0.42456989247311816 0.5224256799493991 0.10062618595825437 0.23055660974067066
0 0.7524225173940543 0.771584440227704 0.08314990512333977 0.08167615433270087
0 0.4129285262492093 0.606685641998735 0.08741302972802034 0.08476913345983558
1 0.6102783048703352 0.07574003795066414 0.09271347248576832 0.14921568627450987
1 0.9168089816571792 0.540673624288425 0.12582542694497134 0.20821631878557878
1 0.955695762175838 0.45790322580645154 0.08734345351043646 0.20456040480708432
0 0.9513978494623657 0.10117647058823531 0.09593927893738129 0.09448450347881096
0 0.5012302340290955 0.5139753320683113 0.08564832384566747 0.08300442757748257
0 0.3326249209361163 0.5107716635041113 0.08584440227703975 0.09075268817204311
1 0.9237381404174573 0.06405439595192915 0.1298039215686272 0.1281087919038583
0 0.676315623023403 0.19375395319418093 0.08768500948766604 0.08339658444022763
0 0.7630360531309297 0.2817488931056293 0.08829854522454134 0.08653383934218846
0 0.674291587602783 0.8605502846299811 0.08211891208096143 0.07505376344086048
0 0.20783997469955717 0.29615749525616697 0.09013915243516761 0.08707779886148002
0 0.5119829222011385 0.19620809614168244 0.09013915243516744 0.08462365591397843
0 0.6756198608475648 0.36430740037950665 0.08653383934218842 0.08388361796331455
