0 0.36227272727272725 0.056969696969696976 0.1350909090909088 0.11393939393939395
0 0.20960606060606063 0.05960606060606063 0.1456363636363636 0.11921212121212126
0 0.2078484848484848 0.199030303030303 0.14563636363636362 0.14206060606060592
0 0.05236363636363635 0.05687878787878789 0.1047272727272727 0.11375757575757578
0 0.3587515151515152 0.1946545454545454 0.12804848484848463 0.12979393939393943
0 0.6886060606060607 0.20036363636363638 0.1282424242424242 0.11563636363636358
0 0.05233333333333335 0.19452727272727274 0.1046666666666667 0.11884848484848479
1 0.06050909090909093 0.5235909090909091 0.12101818181818186 0.29298787878787863
1 0.9391575757575757 0.5227151515151515 0.1204727272727274 0.2807030303030302
1 0.2148818181818182 0.5235909090909091 0.14561818181818179 0.30702424242424226
1 0.6719030303030304 0.5165757575757577 0.18246060606060605 0.28947878787878784
