0 0.31106683016554265 0.053850398528510146 0.12838749233599026 0.10770079705702029
0 0.13572961373390557 0.04732985898221952 0.12125689760882923 0.09465971796443905
0 0.13286633966891487 0.6100613120784795 0.11472103004291853 0.11055793991416327
0 0.29948497854077255 0.7554169221336603 0.11174739423666477 0.11412017167381983
1 0.4794328632740649 0.1591171060698958 0.13181483752299186 0.17118332311465348
0 0.13254445125689765 0.7602820355610056 0.10283261802575094 0.10342121397915405
0 0.30740036787247094 0.20334150827713068 0.11947271612507677 0.10698957694665852
0 0.1363488657265481 0.17880748007357453 0.12541385652973622 0.10936235438381355
0 0.3010729613733905 0.346591048436542 0.11947271612507673 0.11293684855916608
0 0.13570815450643772 0.3184886572654813 0.12185162477007984 0.12125689760882903
1 0.13728694052728385 0.5529061925199263 0.1159840588595954 0.207063151440834
1 0.2987461679950951 0.6958798283261803 0.120913549969344 0.21938687921520525
0 0.4789576946658492 0.18529429797670136 0.1254199877375843 0.12125689760882895
