0 0.7159668989547038 0.12764808362369334 0.09245644599303145 0.09385598141695696
0 0.581678281068525 0.24512485481997678 0.09750290360046496 0.09414053426248556
0 0.2892886178861788 0.11581010452961671 0.10064459930313586 0.09102787456445993
0 0.2881852497096399 0.2543641114982578 0.10285133565621377 0.09580139372822298
0 0.7311295005807201 0.253150406504065 0.1097619047619048 0.10060975609756095
0 0.4260423925667828 0.25667828106852497 0.10237514518002318 0.09721254355400702
0 0.4311207897793262 0.11595528455284558 0.09267131242740992 0.08795005807200933
0 0.13552264808362366 0.11351916376306616 0.09264808362369338 0.09219512195121952
0 0.14109756097560966 0.2587688734030198 0.09613240418118467 0.0891986062717771
0 0.5729616724738675 0.10567363530778166 0.09052264808362372 0.08311265969802549
