0 0.25093344155844155 0.39768398268398264 0.09517857142857143 0.08309523809523789
0 0.1074810606060606 0.40380411255411264 0.08913961038961038 0.08309523809523822
0 0.5518425324675323 0.5366044372294373 0.08498376623376613 0.08372835497835496
1 0.17222943722943723 0.3621753246753247 0.18068181818181822 0.14467532467532476
0 0.5870183982683983 0.8808468614718614 0.09064935064935052 0.09443181818181812
0 0.27441017316017313 0.7862527056277058 0.09880952380952376 0.09608766233766237
0 0.5375405844155845 0.14469426406926406 0.08158549783549783 0.07478896103896106
0 0.8530005411255412 0.39745670995671006 0.08612012987012996 0.08611471861471871
0 0.4244372294372295 0.6452949134199134 0.09609307359307348 0.09337121212121229
1 0.8639150432900433 0.3479788961038961 0.09752705627705631 0.1609036796536795
0 0.07987283549783551 0.028693181818181805 0.09285173160173162 0.05738636363636361
0 0.5574864718614719 0.38588203463203463 0.09241883116883122 0.0971212121212121
0 0.24905573593073593 0.26355248917748925 0.10071969696969703 0.08288419913419914
0 0.726482683982684 0.8902272727272728 0.0870238095238095 0.08339826839826839
0 0.11650162337662338 0.5185660173160173 0.08521103896103896 0.07886363636363625
0 0.259724025974026 0.5244561688311687 0.0906493506493507 0.08521103896103895
0 0.13178030303030303 0.7669534632034632 0.09028138528138528 0.08498917748917743
0 0.8696942640692641 0.9002597402597402 0.08913961038961045 0.0838528138528138
0 0.27611471861471865 0.9062527056277055 0.11016233766233763 0.1000919913419914
0 0.7191098484848485 0.643474025974026 0.08482142857142855 0.08485930735930748
0 0.7084415584415585 0.389207251082251 0.09790043290043293 0.09790584415584408
0 0.2598079004329004 0.6493506493506493 0.07680194805194807 0.07554112554112583
0 0.5701731601731602 0.6324675324675325 0.09442640692640711 0.0868722943722943
0 0.8582142857142857 0.6553571428571427 0.08007575757575758 0.07629870129870127
0 0.8671266233766234 0.7618695887445889 0.09140692640692652 0.08158549783549773
0 0.13663690476190476 0.9001839826839827 0.08460497835497835 0.07931818181818186
1 0.30721049783549786 0.23374458874458875 0.17626082251082253 0.12904761904761908
1 0.4471158008658009 0.36055465367965367 0.16317099567099566 0.15568722943722935
0 0.431780303030303 0.8915882034632036 0.0843073593073593 0.07614177489177477
0 0.7049377705627706 0.5301812770562772 0.08460497835497832 0.08082792207792201
0 0.3861525974025974 0.02493235930735933 0.0931709956709957 0.04986471861471866
1 0.5801812770562771 0.10677218614718612 0.1383170995670996 0.13144480519480523
0 0.43373647186147185 0.7594724025974027 0.09241883116883112 0.07988636363636371
1 0.5967640692640693 0.35321969696969696 0.14050865800865805 0.16679653679653672
1 0.7279788961038962 0.35420725108225104 0.1253950216450217 0.1647564935064935
0 0.4053841991341991 0.3994237012987013 0.09967532467532474 0.08603354978354978
0 0.7185146103896103 0.7635443722943723 0.07816558441558445 0.07449134199134227
0 0.4049621212121212 0.5260281385281385 0.08687229437229439 0.0808333333333333
0 0.5737987012987013 0.7705573593073594 0.09291125541125539 0.08611471861471848
0 0.11931006493506494 0.6541774891774893 0.09699675324675323 0.09155844155844153
0 0.862202380952381 0.5115827922077922 0.1054437229437228 0.10911796536796543
