0 0.5148199999999999 0.8969425000000001 0.09423000000000006 0.08550499999999997
0 0.09811249999999995 0.8964199999999999 0.08783500000000005 0.08201999999999998
0 0.23288499999999998 0.8914775000000003 0.08084999999999994 0.078525
0 0.36824 0.8835675 0.0767800000000002 0.0820149999999999
0 0.37365750000000003 0.7669600000000001 0.08579500000000007 0.08385999999999998
0 0.5064725 0.7705949999999999 0.08288499999999986 0.08337000000000001
0 0.2384175 0.7749575000000001 0.08773500000000013 0.07949499999999993
0 0.2384200000000001 0.6462625000000001 0.08482999999999995 0.08288499999999986
0 0.09785000000000002 0.7752025 0.09258000000000015 0.09064500000000013
0 0.09566750000000002 0.650385 0.09403499999999984 0.08919000000000014
0 0.3789925 0.6486875000000001 0.0887049999999999 0.08773499999999979
0 0.5103625000000002 0.6549775 0.08286499999999997 0.08484500000000009
