0 0.20376807039597733 0.3239126335637964 0.10003142677561289 0.09698931489629165
1 0.582605279698303 0.2478378378378378 0.08774984286612193 0.16634820867378997
1 0.5207699560025142 0.17655876807039594 0.12072281583909472 0.15062853551225652
1 0.6620741671904462 0.16880578252671272 0.10822124450031405 0.14989314896291642
1 0.7245945945945946 0.09203016970458835 0.1221118793211815 0.1542803268384664
0 0.4018573224387178 0.14199874292897546 0.08598994343180419 0.08783155248271528
0 0.5839252042740416 0.2982338152105593 0.08510999371464475 0.08598365807668132
0 0.6650879949717159 0.3890446260213702 0.08598994343180391 0.0833563796354496
0 0.7519547454431175 0.307005028284098 0.0877435575109993 0.08598994343180386
0 0.6637680703959773 0.8821684475172846 0.08160276555625398 0.0745820238843498
0 0.8282935260842237 0.22057510999371463 0.08598994343180381 0.09037712130735386
0 0.6657888120678819 0.21908233815210557 0.08774355751099958 0.08423632935260843
0 0.7460747957259586 0.1436235072281584 0.08861722187303571 0.08248271527341283
0 0.31963859208045253 0.5490006285355122 0.08510999371464494 0.08247642991829059
0 0.9401634192331867 0.1275675675675676 0.0973978629792584 0.09389063482086747
0 0.5863796354494029 0.820131992457574 0.08862350722815844 0.0877435575109993
0 0.7403708359522313 0.784154619736015 0.08950345694531751 0.08950345694531742
0 0.28450974230043996 0.23581081081081087 0.0827718416090509 0.08327467001885608
0 0.503463230672533 0.21996228786926456 0.08423632935260843 0.08247642991829042
1 0.9492803268384664 0.4831929604022628 0.10018227529855413 0.20357008170961635
1 0.9053299811439345 0.5643557510999373 0.12810810810810816 0.2097045883092394
1 0.6600879949717158 0.7907353865493402 0.10617221873035824 0.23252042740414838
1 0.5894060339409176 0.7376524198617221 0.10362664990571972 0.22988686360779384
1 0.7223821495914519 0.7069421747328724 0.11845380263984925 0.22287240729101213
1 0.4143588937774985 0.5481238214959145 0.10801382778126951 0.2281395348837211
1 0.4990729101194217 0.47047140163419243 0.10704588309239467 0.19391577624135764
1 0.33758013827781275 0.46608422375864234 0.12292897548711505 0.20795725958516642
0 0.057225015713387783 0.2383438089252043 0.08116279069767436 0.07897548711502193
1 0.2257510999371465 0.24847894406033944 0.11845380263984921 0.20269013199245775
1 0.0694374607165305 0.16646763042111884 0.08554996857322433 0.19596480201131364
1 0.4090760527969831 0.07957888120678819 0.11845380263984916 0.15915776241357638
1 0.9139283469516029 0.07826209930861093 0.12722815839094911 0.15652419861722186
0 0.9243714644877435 0.6329289754871151 0.08510999371464503 0.08871150219987418
0 0.40404776869893144 0.6298994343180389 0.08686360779384052 0.08423632935260843
0 0.49179446888749206 0.537771841609051 0.08510999371464513 0.08248271527341294
