0 0.6298825010490978 0.35465169953839704 0.09912715065044048 0.09037767519932856
0 0.26088753671842213 0.8102370960973563 0.1797859840537137 0.17006714225765837
0 0.07335081829626525 0.8059819555182544 0.1467016365925305 0.16399076793957193
0 0.6277444397817878 0.812056231640789 0.17006714225765845 0.15670163659253053
0 0.7965946286193875 0.8163092740243391 0.14091061686949244 0.1603483004616031
0 0.076995383969786 0.4792152748636173 0.153990767939572 0.15670163659253047
0 0.07820814099874104 0.6438145195132186 0.1564162819974821 0.1530591691145615
0 0.2596726814939152 0.6438145195132186 0.17006294586655468 0.1530591691145615
0 0.2572429710449014 0.48164288711707925 0.17006294586655468 0.15913134704154425
0 0.4400650440621066 0.64685060847671 0.16399076793957193 0.15670583298363405
0 0.6295656735207721 0.49500629458665546 0.1737096097356272 0.1542761225346203
0 0.626527486361729 0.6523164078892153 0.17006714225765837 0.1433403273185061
0 0.8020625262274443 0.6517100293747378 0.14698699118757866 0.1518464120856065
0 0.8014540495174152 0.5223373898447335 0.08989089383130511 0.08503566932438099
0 0.7975178346621905 0.37287452790600084 0.09328997062526244 0.09183382291229544
0 0.7858560637851447 0.2183592110784725 0.08746537977339486 0.08892152748636173
0 0.7953315148971886 0.05801091061686949 0.08600503566932426 0.08892152748636173
0 0.6153042383550147 0.05436424674779689 0.09620646244229974 0.08746118338229122
0 0.6247796894670583 0.19357742341586237 0.10057910197230376 0.09183801930339908
0 0.4411078472513639 0.04707721359630717 0.0889215274863618 0.08454469156525386
0 0.43965169953839695 0.20232270247587078 0.11224506924045322 0.10058329836340749
0 0.44256609315988255 0.35756819135543433 0.10932857742341595 0.10786823331934536
0 0.2661875786823332 0.32403692824171215 0.11515316827528337 0.11370541334452368
0 0.26326898866974396 0.1673373898447335 0.11515736466638696 0.10932857742341584
0 0.25379353755770034 0.03979018044481746 0.08746118338229127 0.07871590432228283
0 0.07595258078052869 0.04051825430130088 0.0903776751993285 0.07142677297524129
0 0.0825136382710869 0.1753545950482585 0.10641208560637849 0.10203944607637436
0 0.07449643306756185 0.33861938732689884 0.10495593789341172 0.104951741502308
