1 0.30200799507995074 0.9386193111931119 0.18459409594095932 0.12153136531365293
1 0.15388068880688802 0.9370079950799508 0.19388683886838864 0.12475399753997532
1 0.15138683886838866 0.8088068880688808 0.19674661746617456 0.11590405904059031
0 0.9157718327183272 0.8348031980319802 0.11208487084870848 0.1031488314883149
0 0.24788437884378847 0.9655381303813039 0.09959409594095957 0.06769372693726924
0 0.5642343173431735 0.8506211562115622 0.09122386223862235 0.08466174661746621
0 0.4118788437884378 0.8434440344403444 0.09658671586715854 0.09062730627306272
0 0.4104950799507994 0.9641666666666667 0.11332718327183267 0.07043665436654373
0 0.09289975399753994 0.827389298892989 0.09897293972939732 0.08942804428044274
0 0.7514544895448955 0.8431488314883149 0.11268757687576873 0.09837638376383766
0 0.09126383763837635 0.9703567035670357 0.0970172201722017 0.05805658056580567
