1 0.45069912609238455 0.6780794839783604 0.14848938826466923 0.12206824802330421
1 0.3649500624219725 0.6780774032459426 0.14988347898460255 0.13461506450270488
1 0.279900124843945 0.6780774032459426 0.1457012068248023 0.13461506450270488
1 0.19415314190595087 0.6770328755722015 0.13733666250520185 0.14367873491469005
1 0.10073657927590518 0.6791240116521016 0.13315022888056596 0.14786100707449018
1 0.6713379109446524 0.6683187682064087 0.1784644194756552 0.12625052018310443
1 0.6002330420307948 0.6690137328339575 0.16870578443612164 0.1290387016229713
1 0.5284290470245526 0.667270079067832 0.16173533083645447 0.13810237203495634
1 0.7170495214315439 0.8871389929255098 0.07141073657927581 0.22488972118185602
1 0.03799417394923011 0.6826092384519351 0.07598834789846022 0.15065334997919264
1 0.5671722846441947 0.8923845193508114 0.08149396587598826 0.21439866833125265
1 0.6506845609654599 0.8897627965043696 0.08149396587598845 0.21964211402413644
1 0.4764003329171869 0.8933936745734498 0.08391177694548493 0.21238035788597587
1 0.38522471910112355 0.8966208905534747 0.08553058676654193 0.2059259259259259
1 0.29707657095297546 0.9002517686225552 0.08835205992509376 0.1986641697877654
1 0.787852684144819 0.8804827299209322 0.07584685809404935 0.23820224719101124
1 0.18209529754473575 0.9024698293799417 0.08431543903454018 0.19422804827299214
1 0.09697045359966708 0.9024698293799417 0.09642114024136489 0.19422804827299214
