0 0.3680945198592258 0.3052589240824536 0.09358471593765708 0.09475113122171948
0 0.9129160382101558 0.42019356460532936 0.08480643539467088 0.0894871794871796
0 0.6469783810960282 0.05757918552036204 0.08529914529914531 0.08334338863750629
0 0.5037883358471594 0.5365837104072398 0.09007038712921075 0.0836349924585219
0 0.22464052287581707 0.05928607340372049 0.10527903469079947 0.08090497737556564
0 0.5034967320261438 0.6512217194570136 0.0871442936148819 0.09065862242332834
0 0.9204248366013073 0.06634238310708895 0.08332327802916034 0.08531422825540473
0 0.22658873805932625 0.1840623428858723 0.09650578179989938 0.10137757667169436
0 0.5058949220713926 0.30912016088486677 0.08832076420311723 0.082473604826546
0 0.777516339869281 0.2961965811965812 0.0772046254399197 0.08246857717445963
0 0.3679411764705881 0.1877174459527401 0.09943187531422826 0.10187028657616899
0 0.09669683257918554 0.41801407742584223 0.09601809954751146 0.08870789341377579
0 0.3692659627953746 0.4219431875314228 0.0912418300653595 0.09650578179989938
0 0.781025641025641 0.4160960281548517 0.08538964303670189 0.0848114630467572
0 0.6426998491704374 0.43013323278029164 0.08598290598290603 0.09065359477124178
0 0.5034364002011061 0.06172448466566112 0.09455505279034669 0.08968325791855208
0 0.5056309703368527 0.18723227752639515 0.09309200603318268 0.09114630467571642
0 0.08963046757164403 0.06318501759678227 0.10138260432378071 0.08578682755153348
0 0.7829638009049775 0.17894419306184012 0.08626948215183516 0.08432378079436902
0 0.6469758672699849 0.1869859225741579 0.08822021116138772 0.0799346405228758
0 0.9249069884364003 0.3096455505279035 0.09475113122171963 0.08597787833081952
1 0.0979788838612368 0.387938662644545 0.09183509301156363 0.1440824534942183
1 0.5026495726495726 0.4985444947209653 0.09460030165912517 0.14699346405228747
0 0.9032679738562092 0.7576696832579186 0.0772046254399195 0.07779286073403728
0 0.771375062845651 0.763519356460533 0.08363499245852181 0.09065862242332844
0 0.6414127702362996 0.3041503267973857 0.0812971342383106 0.0789592760180995
1 0.7621920563097033 0.5975867269984917 0.0760382101558571 0.17020613373554552
0 0.788328305681247 0.060017596782302673 0.08919557566616386 0.08822021116138755
0 0.09158119658119662 0.1840623428858723 0.10040723981900468 0.09358471593765716
0 0.916513323278029 0.18259929612870787 0.0833433886375062 0.08383107088989443
0 0.7710809451985922 0.6497586726998492 0.08071392659627949 0.08889894419306188
0 0.3633081950729011 0.06269733534439413 0.09796882855706396 0.09260432378079438
0 0.6380191050779286 0.5383383609854198 0.08364002011060818 0.09065359477124178
0 0.636850175967823 0.767028657616893 0.08481146304675724 0.08364002011060846
0 0.6348039215686275 0.6509276018099547 0.08188536953242828 0.0830517848164907
0 0.634218200100553 0.8828355957767722 0.09358471593765731 0.09884364002011073
