1 0.7281818181818182 0.8123871171455636 0.14078914141414142 0.3330028418061256
0 0.33296559343434345 0.6443937480265236 0.11148042929292931 0.10968424376381451
0 0.43256470959595966 0.7476791916640354 0.11330492424242412 0.11151247237132937
0 0.7354734848484847 0.9414556362488158 0.10873737373737369 0.10785601515629938
0 0.7354734848484847 0.4551878749605305 0.12335858585858589 0.11882538680138928
0 0.8378140782828283 0.3391032522892327 0.11604482323232321 0.11151247237132937
1 0.8031818181818182 0.23390748342279757 0.16710858585858582 0.2843037574992106
1 0.7242345328282829 0.3339406378275971 0.1565814393939393 0.30536154089043266
1 0.3452825126262626 0.52215977265551 0.13552714646464645 0.2948342279760026
1 0.43600852272727275 0.6156109883170192 0.1356597222222222 0.3211556678244396
