1 0.4373118279569893 0.09993991144845034 0.16760278304870335 0.11905755850727374
1 0.7403130929791271 0.7389310562934851 0.1880771663504108 0.1324478178368118
0 0.6501865907653385 0.8924035420619861 0.09565464895635706 0.09688804554079673
1 0.3411606578115117 0.41354838709677416 0.12194180898165712 0.2525363693864641
1 0.03616698292220118 0.7614010120177104 0.07233396584440235 0.38042378241619224
0 0.4987318153067679 0.7657811511701456 0.09565464895635678 0.09749525616698289
0 0.35401960784313724 0.6379285262492094 0.10301707779886146 0.09933586337760926
1 0.13302972802024046 0.733697027197976 0.10686907020872868 0.39680581910183416
1 0.481113219481341 0.41001581277672366 0.1758001265022139 0.2578304870335232
0 0.48984187223276415 0.10598987982289684 0.10731182795698917 0.10240354206198614
1 0.481113219481341 0.41001581277672366 0.1758001265022139 0.2578304870335232
0 0.4941302972802024 0.6290385831752057 0.09749525616698289 0.10240354206198617
0 0.8008886780518658 0.7744244149272611 0.09977862112586973 0.09977862112586973
0 0.3593927893738139 0.911290322580645 0.08918406072106261 0.09271347248576851
