0 0.15341937200638633 0.6938131985098457 0.10731772219265556 0.09080894092602458
0 0.03156466205428416 0.6961335816923896 0.06312932410856832 0.09441724321447591
0 0.8873416711016499 0.8163491218733369 0.09131985098456627 0.08926024481106977
0 0.7433927621075039 0.8248616285258117 0.09338477913783942 0.08461415646620542
0 0.5937732836615222 0.825122405534859 0.09854177754124546 0.09648217136774895
0 0.44802288451303873 0.825635976583289 0.10525279403938272 0.10783395423097406
0 0.4481852048962215 0.9496886641830762 0.09906333155934001 0.0995582756785523
0 0.03311335816923897 0.8207344332091538 0.06622671633847795 0.09493347525279405
0 0.15548430015965944 0.8217668972857904 0.1062852581160193 0.09906333155934025
0 0.2983954230973922 0.8217668972857903 0.102155401809473 0.10731240021287927
0 0.8815753060138372 0.9404656732304417 0.08172432144757875 0.08729643427354979
0 0.03414316125598721 0.9499760510910057 0.06828632251197442 0.09441724321447571
0 0.5940526875997871 0.9541458222458753 0.09349121873336894 0.08730175625332623
0 0.7375039914848324 0.9488850452368283 0.08605641298563053 0.08358169238956885
0 0.8930202235231508 0.6904603512506653 0.09441724321447571 0.09338477913783905
0 0.7433954230973923 0.687879191059074 0.09029270888770624 0.08822245875465665
0 0.59145023948909 0.6922671633847791 0.1000904736561999 0.09493347525279414
0 0.4431186801490155 0.6932969664715274 0.10370409792442796 0.09802554550292712
0 0.2963331559340075 0.689686003193188 0.11144225651942528 0.08564129856306545
