1 0.9488403519798867 0.4804714016341922 0.10106222501571338 0.20181018227529848
1 0.4122093023255814 0.5458422375864237 0.10177875549968558 0.22549968573224383
1 0.4977152734129478 0.46994343180389686 0.10625392834695135 0.19303582652419854
1 0.6587240729101194 0.7902105593966059 0.10888749214330626 0.23691389063482068
1 0.9066467630421118 0.566024512884978 0.1289817724701445 0.2062036455059708
1 0.6644720301697046 0.32340980515399115 0.11319296040226252 0.18601508485229415
1 0.5920427404148335 0.2466341923318668 0.10538026398491511 0.16583909490886245
1 0.7351068510370836 0.25628849780012564 0.12810182275298554 0.16934632306725322
1 0.7956505342551854 0.16547140163419233 0.13337523570081689 0.1772407291011942
1 0.9136675047140164 0.07878692646134508 0.12898177247014467 0.15757385292269016
1 0.40953488372093033 0.09527969830295413 0.11415461973601493 0.17197988686360788
1 0.0710087994971716 0.16502828409805156 0.07921433060967943 0.1943808925204274
0 0.40404776869893144 0.6298994343180389 0.08686360779384052 0.08423632935260843
0 0.49179446888749206 0.537771841609051 0.08510999371464513 0.08248271527341294
0 0.6637680703959773 0.8821684475172846 0.08160276555625398 0.0745820238843498
0 0.9243714644877435 0.6329289754871151 0.08510999371464503 0.08871150219987418
0 0.4018573224387178 0.14199874292897546 0.08598994343180419 0.08783155248271528
0 0.5839252042740416 0.2982338152105593 0.08510999371464475 0.08598365807668132
0 0.6650879949717159 0.3890446260213702 0.08598994343180391 0.0833563796354496
0 0.7519547454431175 0.307005028284098 0.0877435575109993 0.08598994343180386
0 0.8282935260842237 0.22057510999371463 0.08598994343180381 0.09037712130735386
0 0.9401634192331867 0.1275675675675676 0.0973978629792584 0.09389063482086747
0 0.057225015713387783 0.2383438089252043 0.08116279069767436 0.07897548711502193
