0 0.8494804499196572 0.6588644884841992 0.0792608462774504 0.0755222281735404
1 0.8551231922870917 0.3546143545795393 0.0965345474022496 0.15926620246384557
0 0.4201178361006963 0.648904659882164 0.09511515800749862 0.09242099625066966
0 0.40084092126406 0.5308516336368505 0.08598821638993033 0.08001071237279053
0 0.7117916443492233 0.64710230316015 0.0839582217461167 0.08399571505088392
1 0.1420058918050348 0.03162560257096945 0.19121049812533478 0.0632512051419389
1 0.304084092126406 0.24154258168184253 0.174467059453669 0.12773433315479382
0 0.8608435993572576 0.901274772362078 0.08823245848955558 0.0829994643813605
0 0.6977637921799679 0.5349625066952332 0.08374397429030535 0.08000535618639526
0 0.11809587573647562 0.6576968398500269 0.09600964113551153 0.09062667380824853
0 0.8443197643277986 0.40358864488484203 0.08524370648098571 0.08523835029459025
0 0.5320701660417783 0.15339850026780932 0.08075522228173529 0.0740278521692555
1 0.44256561328334226 0.3670621317621853 0.16151044456347077 0.1541028387787894
0 0.7112024638457417 0.7659507230851633 0.0773701124799143 0.07373326191751492
0 0.8534279592929833 0.516553294054633 0.10437064809855369 0.10800749866095354
1 0.712297803963578 0.48224156400642737 0.09832886984467072 0.1692608462774504
0 0.2716175682913765 0.7884279592929836 0.09780396357793249 0.09510980182110339
0 0.5462265666845206 0.5413202999464383 0.08411890733797528 0.08287627209426886
1 0.5892287091590788 0.3575040171397964 0.14071772897696838 0.1625281199785752
0 0.5679592929833959 0.7728923406534548 0.09196572040707011 0.08523835029459015
0 0.10638725227637923 0.4098714515265132 0.08823245848955544 0.08224959828602046
0 0.4012587038028923 0.4055356186395287 0.09866095340117838 0.085158007498661
1 0.17047670058918052 0.3686663095875737 0.1788430637386181 0.14320299946438142
0 0.5518130690948045 0.39213176218532403 0.0914783074450992 0.09613283342260309
0 0.42738618103910025 0.8926914836636317 0.08344938403856457 0.07536689876807719
1 0.18667113015532938 0.5827611140867703 0.1922603106588109 0.20792179967862875
0 0.24652115693626142 0.27104713444027856 0.09969469737546874 0.08204070701660421
0 0.3822228173540439 0.02976700589180506 0.09222281735404396 0.05953401178361012
0 0.1352463845741832 0.9011997857525443 0.0837439742903053 0.07851098018211027
0 0.4293224424209963 0.7619201928227103 0.0914783074450991 0.07907337975361543
1 0.5742769148366363 0.11586234600964111 0.13690948044991968 0.13010712372790575
1 0.8701526513122656 0.8190251740760579 0.0905463310123191 0.21011247991430118
0 0.7190894483128013 0.8913444027852168 0.0861381896089984 0.08254954472415632
0 0.5810444563470809 0.8820594536689876 0.08972683449384028 0.09347080878414556
0 0.07905998928762722 0.03348955543652918 0.09190680235672204 0.06697911087305836
