0 0.28643310082435 0.6420830691185796 0.10327837666455293 0.09958782498414727
0 0.4315123652504756 0.7702599873176919 0.09589727330374131 0.0977425491439442
0 0.4268991756499683 0.6331705770450222 0.09774254914394405 0.10266328471781873
0 0.2918199112238426 0.916138237159163 0.08941027266962587 0.09294863665187068
1 0.36993658845909966 0.1027298668357641 0.16802790107799617 0.11935954343690537
1 0.6737064045656309 0.7433417882054534 0.18855421686746965 0.13278376664552916
1 0.2735415345592898 0.4171337983512999 0.12225110970196573 0.2531769181991121
1 0.06879201014584649 0.7396448953709575 0.11111604311984782 0.4018008877615727
0 0.4225998731769182 0.10879518072289152 0.10758402029169294 0.10266328471781869
1 0.413849080532657 0.41359226379201025 0.17624603677869377 0.2584844641724795
0 0.7344356372859859 0.7789251743817375 0.10003170577045017 0.10003170577045017
1 0.413849080532657 0.41359226379201025 0.17624603677869377 0.2584844641724795
0 0.5833512999365885 0.8972035510462905 0.09589727330374159 0.09713379835129986
