1 0.9433574575204532 0.14230648206419133 0.11202643171806152 0.19767778477029588
1 0.746079295154185 0.1525582127123978 0.15235997482693509 0.17717432347388293
1 0.8397923222152298 0.14926368785399627 0.1362492133417244 0.17058527375707988
0 0.9108432976714916 0.20929515418502204 0.0922466960352423 0.08639395846444306
0 0.8039521711768408 0.20929515418502204 0.08639395846444309 0.07906859660163632
0 0.6944996853366898 0.21149150409062306 0.08419131529263674 0.07760855884203896
1 0.6429893014474511 0.14962555066079294 0.174826935179358 0.1739521711768408
1 0.5415166771554436 0.14391755821271235 0.18625550660792953 0.17132158590308375
0 0.5841283826305853 0.20581183134046568 0.0922466960352423 0.09146003775959732
0 0.46947451227186915 0.2045374449339207 0.10366897419760863 0.10279421019509136
