1 0.7009705159705159 0.4622183222183222 0.08415935415935404 0.13719901719901717
1 0.6892927342927343 0.7251035451035451 0.08738153738153738 0.30176904176904185
1 0.6067672867672868 0.4624552474552474 0.09114075114075118 0.1381783081783082
1 0.5861618111618112 0.7245945945945946 0.08636363636363635 0.29872235872235864
1 0.4754106704106704 0.7296770796770796 0.09246402246402254 0.29872235872235886
1 0.3793927693927694 0.7266286416286417 0.08941382941382935 0.29262548262548277
1 0.28995085995085995 0.7294068094068095 0.0929027729027729 0.2928255528255529
1 0.2005756405756406 0.722937872937873 0.08937872937872937 0.2951772551772552
1 0.9719217269217271 0.45837837837837836 0.05545454545454532 0.13924183924183933
1 0.4244489294489295 0.471079326079326 0.10416637416637425 0.12495261495261503
1 0.797923832923833 0.7201755001755001 0.08761319761319769 0.30693576693576685
1 0.7943067743067743 0.4649104949104949 0.07316251316251304 0.12845208845208847
1 0.8961196911196911 0.7242909792909793 0.0840821340821341 0.29400140400140407
1 0.515036855036855 0.4643418743418744 0.10085644085644076 0.14005616005616006
1 0.2588469638469638 0.46758687258687254 0.13597402597402597 0.13152334152334147
1 0.3412846612846613 0.46789399789399794 0.12249912249912245 0.1323692523692524
1 0.17258862758862759 0.4674464724464724 0.15071604071604075 0.13556686556686548
1 0.8901719901719902 0.4584380484380484 0.07203229203229206 0.1401404001404001
