0 0.8460201429499676 0.8331189083820663 0.09007797270955165 0.09196881091617928
0 0.8289506172839506 0.16649122807017544 0.08451591942820005 0.08293697205977899
0 0.8538336582196231 0.9634470435347628 0.09008447043534766 0.0718063677712802
0 0.5464294996751138 0.854314489928525 0.09396361273554249 0.09920727745289173
0 0.8419688109161794 0.035581546458739434 0.08346978557504882 0.07116309291747887
1 0.8704970760233919 0.157050032488629 0.14368421052631572 0.11429499675113719
0 0.5477615334632878 0.9615497076023393 0.08836257309941518 0.07560103963612731
0 0.8452664067576349 0.7037946718648472 0.1012930474333982 0.09221572449642623
0 0.6986809616634178 0.8439116309291749 0.08923976608187137 0.08530214424951288
1 0.8561630929174789 0.46829759584145547 0.14361923326835624 0.25643924626380754
1 0.31215724496426245 0.8158317089018843 0.19723196881091612 0.14629629629629623
1 0.7405750487329434 0.7992917478882392 0.14487979207277454 0.15559454191033145
0 0.6907472384665367 0.15954191033138398 0.08944769330734259 0.0850357374918779
0 0.23797270955165695 0.8611760883690709 0.07634827810266408 0.0801299545159196
0 0.9703086419753085 0.8338076673164393 0.05808317089018862 0.09070825211176099
0 0.7032326185834957 0.9608771929824562 0.09675763482781018 0.0769460688758936
0 0.40615984405458083 0.9635217673814165 0.09221572449642618 0.07165692007797282
1 0.707936972059779 0.4755685510071475 0.15020792722547113 0.2494866796621182
