0 0.6258401849948613 0.7352158273381295 0.09540082219938337 0.0890133607399794
0 0.6217831449126412 0.8394758478931141 0.08657759506680344 0.08125385405960953
0 0.6218191161356629 0.17187307297019527 0.11072970195272362 0.09428057553956833
0 0.7626772867420349 0.9550359712230216 0.11918807810894169 0.08890030832476875
0 0.7492908530318602 0.8561382322713258 0.09636176772867447 0.09262589928057548
0 0.7482605344295991 0.7393782117163412 0.09592497430626919 0.08728674203494342
0 0.7476310380267213 0.6271942446043165 0.0930215827338127 0.08682425488180887
0 0.7405215827338131 0.5150590955806784 0.08401336073997936 0.07820657759506684
0 0.7436176772867423 0.4058196300102775 0.09200411099691679 0.091032887975334
0 0.7404804727646453 0.29517985611510794 0.08617163412127427 0.08230215827338129
0 0.738198869475848 0.18322970195272356 0.09256423432682431 0.08677800616649539
0 0.6184326824254881 0.3856372045220966 0.09326824254881831 0.08942446043165471
0 0.6213437821171633 0.5006243576567317 0.09274922918807829 0.09216341212744111
0 0.6232117163412125 0.6173072970195272 0.09468653648509741 0.09288797533401849
0 0.6196171634121272 0.27728674203494347 0.10187564234326789 0.10513874614594039
1 0.5389080164439877 0.8376413155190134 0.21714799588900316 0.0835046248715314
1 0.5425102774922919 0.7382322713257965 0.2222764645426517 0.07882836587872563
1 0.5394321685508735 0.6309352517985612 0.21681911613566282 0.07954779033915711
1 0.5423741007194245 0.5206320657759507 0.22131551901336088 0.08926002055498454
1 0.538792394655704 0.4042394655704008 0.21830421377183984 0.10416238437821175
1 0.6777183967112025 0.95603802672148 0.22369989722507708 0.0868961973278521
