1 0.7761091127098323 0.6099250599520384 0.20923261390887302 0.12763189448441245
1 0.0808812949640287 0.6538788968824939 0.11298561151079141 0.4276738609112709
1 0.20223621103117503 0.656810551558753 0.11800959232613917 0.4268345323741007
0 0.3843045563549161 0.7648051558752997 0.09139088729016762 0.08637290167865701
0 0.5284232613908872 0.7471822541966425 0.08838129496402883 0.08546762589928046
0 0.66632793764988 0.7481594724220624 0.08839928057553945 0.08718225419664272
0 0.5201528776978418 0.6136121103117506 0.08782374100719444 0.09008992805755409
0 0.38531175059952044 0.6246552757793765 0.08781774580335734 0.08194844124700236
0 0.5311960431654676 0.4770293764988009 0.08317146282973628 0.08543764988009593
0 0.3914178657074341 0.4735401678657074 0.09305155875299737 0.09008992805755399
0 0.8398681055155875 0.6369784172661871 0.0835491606714625 0.07628297362110299
