0 0.6495468462951625 0.7926821800367421 0.11897121861604436 0.12395590936925911
0 0.14237905695039813 0.1807470912431108 0.1252602571953461 0.109234537660747
0 0.3098224127372934 0.20031230863441513 0.11932639314145725 0.10685854255970605
0 0.13501224739742812 0.045226576852418876 0.12110838946723818 0.09045315370483775
0 0.3101377832210655 0.05323331292100426 0.12823637477036123 0.10646662584200851
0 0.48200857317819973 0.18666870789957138 0.12526638089405995 0.12110226576852416
0 0.1363563992651562 0.3244488671157379 0.12170238824249834 0.12110838946723822
0 0.30603796693202695 0.35046846295162276 0.11932639314145749 0.1127924066135945
1 0.4805848132271892 0.15869259032455602 0.13421310471524794 0.1743968156766687
1 0.137881200244948 0.5562247397428047 0.1221800367421923 0.20619105939987767
1 0.30304347826086947 0.6972810777709737 0.12012247397428032 0.21337415799142687
0 0.1340661359461115 0.7625352112676057 0.10270667483159816 0.10329454990814446
0 0.13821187997550521 0.6135272504592775 0.11457440293937533 0.11042253521126776
1 0.6364941824862218 0.7229240661359463 0.11797305572565835 0.23799755052051444
0 0.3041579914268218 0.7572106552357625 0.11161053276178823 0.11398040416411516
