0 0.27142625081221566 0.7375146198830409 0.11097465886939573 0.10345029239766072
0 0.4200227420402859 0.8625958414554906 0.11097465886939573 0.10909031838856392
0 0.5730636777128005 0.8550292397660818 0.09826510721247587 0.09953216374268982
0 0.26881416504223515 0.5936094866796622 0.10582846003898631 0.10204678362573115
1 0.04268680961663414 0.7045484080571801 0.08537361923326828 0.4185055230669266
0 0.7278784925276153 0.733830409356725 0.10250162443144904 0.10250162443144904
1 0.3993762183235868 0.3594769330734244 0.18059779077322935 0.2648667966211827
0 0.2743339831059128 0.8744314489928524 0.09161793372319686 0.09524366471734892
0 0.41747563352826517 0.7249512670565302 0.0982651072124757 0.10015594541910333
1 0.25560428849902533 0.3631059129304743 0.12526965562053274 0.2594282001299544
1 0.3543794671864848 0.051046133853151356 0.1721767381416504 0.10209226770630271
1 0.6656497725795971 0.6973684210526315 0.19320987654320956 0.13606237816764097
1 0.3993762183235868 0.3594769330734244 0.18059779077322935 0.2648667966211827
0 0.4127485380116959 0.5844769330734243 0.10015594541910318 0.10519818063677717
0 0.40834307992202734 0.049876543209876535 0.11024041585445088 0.09975308641975307
