0 0.14080346820809245 0.8195895953757225 0.09189595375722545 0.08796531791907516
0 0.1418699421965319 0.42667630057803463 0.10039884393063586 0.08366473988439302
0 0.1376878612716762 0.3061994219653179 0.0953757225433526 0.08701156069364162
0 0.13852312138728323 0.16815317919075143 0.09370520231213854 0.09202890173410404
0 0.29664739884393065 0.947063583815029 0.09203468208092475 0.08366473988439288
0 0.2882803468208092 0.8265895953757225 0.08533526011560699 0.08366473988439298
0 0.28828323699421965 0.6801763005780347 0.0886820809248555 0.08199421965317928
0 0.28275144508670524 0.4239884393063584 0.09616184971098271 0.0800231213872833
0 0.28409826589595377 0.2894653179190751 0.09369942196531787 0.09035260115606927
0 0.42174855491329477 0.19502312138728323 0.08204046242774585 0.07262427745664742
0 0.7062196531791907 0.20516763005780347 0.0924624277456648 0.08172254335260117
0 0.14946242774566482 0.5533265895953757 0.10262427745664737 0.0990115606936417
0 0.13914450867052022 0.949901734104046 0.09297109826589578 0.08847398843930626
0 0.430849710982659 0.8313583815028902 0.08389595375722529 0.08942196531791892
0 0.5753092485549133 0.56957225433526 0.09339306358381487 0.09507514450867043
0 0.28991040462427753 0.15642196531791908 0.09542774566473994 0.09709826589595377
0 0.5813323699421965 0.8326820809248554 0.09075722543352614 0.08064739884393075
0 0.7154566473988441 0.8372398843930636 0.09010404624277457 0.08031791907514471
0 0.2907890173410405 0.5471387283236994 0.08701156069364148 0.08364161849710978
0 0.4251127167630057 0.573471098265896 0.09508092485549151 0.10045664739884386
0 0.5687514450867052 0.1941965317919075 0.08767630057803488 0.085364161849711
0 0.4296445086705201 0.31771676300578033 0.08911560693641625 0.08803468208092481
0 0.5731069364161849 0.31711271676300573 0.0910693641618499 0.09110404624277453
0 0.42179479768786127 0.45049710982658964 0.09942774566474011 0.09403468208092494
0 0.5779710982658959 0.9490260115606934 0.08403468208092488 0.07663005780346815
0 0.7124739884393062 0.45667630057803466 0.0915375722543356 0.08595375722543341
0 0.5731156069364162 0.437092485549133 0.09374566473988419 0.09506358381502888
0 0.5769479768786128 0.7052601156069364 0.08471676300578024 0.09075144508670525
0 0.43470520231213866 0.9520953757225433 0.09033526011560675 0.09037572254335247
0 0.7137976878612716 0.7057456647398844 0.0911907514450868 0.08618497109826588
0 0.43101445086705215 0.7047687861271676 0.09000578034682075 0.08734104046242776
0 0.14313294797687856 0.6809161849710983 0.09435838150289005 0.09200578034682066
0 0.7082745664739886 0.588985549132948 0.09202890173410413 0.08701156069364172
0 0.7036734104046243 0.3317919075144509 0.09081502890173392 0.08462427745664741
0 0.7172803468208092 0.9575144508670519 0.09202890173410404 0.08381502890173415
