1 0.08023250942605785 0.6928236279849184 0.09825303728529541 0.3450523669878511
1 0.035242982823627984 0.3777712609970674 0.07048596564725597 0.17447842480100542
1 0.19647046501885218 0.3682697947214077 0.13597402597402602 0.16619187264348548
1 0.28663175534143265 0.3641307080016757 0.138902387934646 0.17253456221198152
1 0.37216589861751154 0.3580351906158358 0.14620863007959786 0.16619187264348548
1 0.45452869710934235 0.36265605362379555 0.14523669878508602 0.15009635525764561
1 0.5329953917050692 0.35072266443234185 0.15498114788437367 0.16229157938835356
1 0.60853581901969 0.34828655215751997 0.16375785504817758 0.15839128613322173
1 0.683590280687055 0.34341432760787594 0.1627817343946378 0.15449518223711772
1 0.8332111436950146 0.6188416422287389 0.0766108085462927 0.2824759111855886
1 0.769757017176372 0.6308336824465857 0.09123586091328044 0.29592794302471725
1 0.6457708420611648 0.6369731881022204 0.0853833263510683 0.28481357352325104
1 0.5542438206954335 0.6320025136154168 0.08831168831168842 0.2842312526183496
1 0.42616254713028906 0.6264453288646837 0.0824884792626726 0.278965228320067
1 0.3439945538332635 0.6378487641390868 0.07368663594470044 0.2912484289903644
1 0.28288018433179724 0.6676770004189359 0.08948051948051956 0.29943443653121077
1 0.1819941348973606 0.6922413070800167 0.09006284038542103 0.3193213238374528
