0 0.735609217171717 0.7413920454545454 0.09958964646464652 0.09958964646464642
0 0.2949494949494948 0.8779987373737373 0.08901515151515152 0.09253787878787877
1 0.416439393939394 0.3776736111111112 0.17546717171717174 0.2573421717171718
0 0.5851925505050506 0.8591477272727273 0.09547348484848515 0.0967045454545453
0 0.42943181818181825 0.5962815656565656 0.0973106060606059 0.102209595959596
0 0.4340246212121212 0.7327651515151515 0.09547348484848488 0.0973106060606061
0 0.42515151515151517 0.0742234848484848 0.10710858585858575 0.10220959595959601
1 0.3727209595959597 0.06818497474747474 0.1672853535353535 0.11883207070707058
1 0.2767518939393939 0.38119949494949484 0.12171085858585858 0.2520580808080806
1 0.416439393939394 0.3776736111111112 0.17546717171717174 0.2573421717171718
1 0.07034406565656562 0.7025063131313133 0.11107954545454564 0.3995833333333331
1 0.6751483585858585 0.7059659090909092 0.18772095959595927 0.13219696969696942
0 0.2895864898989899 0.6051546717171717 0.10282196969696968 0.09914772727272751
