0 0.33735054347826093 0.2993260869565217 0.10329891304347838 0.10678260869565222
0 0.46911413043478273 0.1632554347826087 0.09248913043478271 0.08196739130434776
0 0.33013315217391304 0.16616304347826086 0.10277717391304354 0.09093478260869575
1 0.2658695652173913 0.05307065217391303 0.17260869565217385 0.0809239130434782
1 0.26682336956521735 0.16459782608695653 0.18820108695652168 0.08786956521739137
1 0.27290760869565206 0.2877989130434782 0.1794021739130434 0.10385869565217383
0 0.3257907608695652 0.04544021739130435 0.08767934782608694 0.08393478260869555
0 0.7359402173913041 0.1792092391304348 0.1040978260869565 0.10277717391304346
0 0.6056195652173914 0.05526358695652176 0.09384782608695665 0.08664673913043482
0 0.7337282608695654 0.06384782608695654 0.10058695652173913 0.09317391304347829
0 0.6077309782608696 0.28784510869565216 0.09361413043478295 0.09061413043478264
0 0.470116847826087 0.0498695652173913 0.08859239130434775 0.08484782608695647
0 0.46805434782608696 0.3040190217391304 0.09067391304347804 0.08511413043478265
0 0.7435190217391302 0.2984945652173913 0.12301630434782636 0.11242391304347829
0 0.6034945652173912 0.16596195652173912 0.08720652173913042 0.0828586956521738
