0 0.41712868117797697 0.829987195902689 0.08639564660691437 0.08416133162612037
1 0.5097023047375162 0.7040620998719591 0.1720422535211271 0.10274647887323951
0 0.26356914212548016 0.9573047375160052 0.09919974391805396 0.08411011523687581
1 0.5007906530089626 0.4468886043533931 0.1830921895006401 0.11947503201024318
1 0.05515044814340588 0.4724071702944943 0.10099231754161331 0.12691421254801535
1 0.3509891165172854 0.3334475032010243 0.17055697823303445 0.13256722151088343
1 0.3641741357234314 0.5855537772087068 0.1824711907810499 0.11619078104993606
0 0.26571382842509594 0.6942157490396926 0.08788092189500636 0.08565300896286805
0 0.552900128040973 0.7006209987195903 0.0997951344430215 0.08862996158770801
0 0.5701792573623561 0.8281274007682458 0.09161331626120357 0.08639564660691419
0 0.4247599231754162 0.5686939820742637 0.09620358514724714 0.09619718309859145
0 0.0815941101152369 0.5725192061459667 0.09743918053777226 0.08875160051216384
0 0.2629449423815621 0.8269526248399487 0.1018822023047374 0.0974135723431498
0 0.2630249679897567 0.432010243277849 0.08770166453265064 0.08619718309859156
0 0.0783898847631243 0.43978553137003845 0.10456466069142122 0.08669014084507051
0 0.41277208706786167 0.9575736235595391 0.08855313700384099 0.08357234314980799
0 0.2571830985915493 0.15467029449423814 0.09619718309859139 0.0915428937259923
0 0.4074327784891164 0.295089628681178 0.09464788732394377 0.09309859154929574
0 0.5615620998719592 0.422842509603073 0.09878361075544184 0.09206145966709348
