0 0.5771846846846848 0.9252831402831404 0.09731660231660262 0.09857142857142838
1 0.4051737451737452 0.43451415701415713 0.17885456885456893 0.26231016731016743
1 0.26278957528957525 0.438108108108108 0.12406048906048898 0.2569240669240667
1 0.6688770913770913 0.7691441441441441 0.19134491634491602 0.13474903474903444
1 0.3606113256113257 0.11905083655083654 0.17051480051480053 0.121126126126126
1 0.04672458172458166 0.7762548262548264 0.09344916344916332 0.41446589446589455
0 0.4230984555984557 0.7964607464607465 0.09731660231660234 0.09918918918918924
0 0.7305051480051479 0.8052541827541827 0.1015122265122265 0.1015122265122265
0 0.2813384813384812 0.9444980694980694 0.09073359073359069 0.09432432432432424
0 0.2758719433719433 0.6663867438867439 0.10480694980694977 0.10106177606177624
0 0.41405405405405404 0.12520592020592017 0.10917631917631905 0.10418275418275422
0 0.4184169884169884 0.6573423423423425 0.09918918918918901 0.10418275418275429
0 0.2784588159588159 0.8089028314028313 0.1099034749034749 0.1024517374517373
0 0.42562097812097816 0.9327767052767053 0.1099034749034749 0.10803732303732298
1 0.4051737451737452 0.43451415701415713 0.17885456885456893 0.26231016731016743
