1 0.8014804703905921 0.8839983200335993 0.07377992440151192 0.23116337673246537
1 0.10701595968080642 0.6843763124737506 0.1379714405711885 0.1498614027719446
1 0.20094288114237724 0.6819151616967661 0.13445191096178083 0.1477530449391012
1 0.2888912221755566 0.6843784124317513 0.1457118857622848 0.13438471230575383
1 0.37437421251574965 0.6819151616967659 0.15204115917681635 0.13508609827803444
1 0.4609155816883662 0.6843763124737506 0.15344813103737914 0.12312473750524978
1 0.542177656446871 0.6738240235195295 0.15837463250734976 0.13578748425031498
1 0.6132381352372952 0.6741768164636708 0.17103737925241483 0.13086518269634612
1 0.6839479210415792 0.6755816883662327 0.18159596808063855 0.1266442671146576
1 0.7308777824443511 0.891327173456531 0.07426291474170517 0.21650566988660233
1 0.6639416211675766 0.8935258294834104 0.0898992020159596 0.21210835783284337
1 0.5774611507769845 0.8957244855102898 0.08599328013439729 0.20771104577908442
1 0.48829063418731633 0.8962137757244855 0.08843343133137335 0.20673246535069312
1 0.3942377152456951 0.8998782024359513 0.08990340193196135 0.19940361192776146
1 0.308779924401512 0.9035195296094078 0.0945611087778245 0.1921209575808484
