0 0.2772503689129366 0.03393999016232169 0.10167240531234616 0.06787998032464337
0 0.5239301524840138 0.24599114608952286 0.09252336448598124 0.08401377274963107
0 0.7651082144613869 0.2518445646827349 0.09823413674372856 0.10368912936546987
0 0.7628603049680275 0.04328578455484505 0.09611903590752624 0.0865715691096901
0 0.035956714215445114 0.34818002951303495 0.07191342843089023 0.11947860304968021
0 0.6429906542056073 0.24552385636989668 0.09001475651746187 0.09085095917363505
0 0.2759960649286768 0.13681751106738807 0.10093457943925224 0.09193310378750608
0 0.15162321692080669 0.031824889326119064 0.10570585341859304 0.06364977865223813
0 0.6464092474176093 0.03976881455976391 0.09911460895228692 0.07953762911952782
0 0.522798819478603 0.13755533694048203 0.09704869650762432 0.09458927693064434
0 0.7730668962124938 0.36871372356123955 0.10846532218396414 0.1025135268076733
0 0.40361534677816047 0.24171175602557793 0.10255779636005903 0.09257255287752093
0 0.15371372356123955 0.24242498770290205 0.11529758976881438 0.102557796360059
0 0.035317265125430375 0.1192572552877521 0.07063453025086075 0.10275454992621746
0 0.3957697983275948 0.1398917855386129 0.0897196261682243 0.09109690113133304
0 0.3993359567142154 0.030791933103787517 0.0911460895228727 0.061583866207575035
0 0.40078701426463365 0.355607476635514 0.10821446138711267 0.11534677816035417
0 0.03544023610427936 0.23108706345302513 0.07088047220855873 0.10241023118544029
0 0.5251352680767338 0.3573536645351697 0.10683718642400386 0.10191834727004413
0 0.2781603541564191 0.3561977373339892 0.11283817019183447 0.10521396950319717
0 0.6487211018199703 0.14650762420068858 0.10137727496310842 0.09714707329070339
0 0.6492375799311362 0.3598868666994589 0.10113133300541072 0.09822921790457456
0 0.1494589276930645 0.3548942449581899 0.10964092474176099 0.10536153467781592
0 0.7607378258730938 0.14896704377766842 0.09377274963108684 0.08829316281357599
0 0.1544269552385637 0.12496310870634535 0.11672405312346273 0.11249385145105756
0 0.2774225282833251 0.2426955238563699 0.09621249385145128 0.09670437776684711
0 0.5236596163305461 0.040260698475159874 0.09227742252828336 0.08052139695031975
