0 0.7620129032258064 0.07283548387096773 0.08261935483870923 0.08262580645161301
0 0.6331677419354841 0.0934741935483871 0.08136774193548373 0.08137419354838717
0 0.5284032258064516 0.09972903225806445 0.08324516129032236 0.08387096774193548
0 0.6830354838709677 0.1812967741935484 0.09756774193548355 0.09907096774193543
0 0.5738290322580645 0.18354838709677418 0.08781290322580641 0.0855612903225806
0 0.4646290322580645 0.18842580645161294 0.09156774193548374 0.09081290322580644
0 0.3032741935483871 0.09194193548387104 0.09069032258064529 0.08694193548387096
0 0.41522903225806457 0.11195483870967742 0.07318064516129046 0.07818064516129022
1 0.7024903225806453 0.0593161290322581 0.1839870967741931 0.1186322580645162
0 0.34791935483870956 0.20005806451612906 0.09081935483870962 0.08856774193548386
0 0.02970645161290327 0.20583548387096773 0.05941290322580654 0.08330967741935473
1 0.5860000000000002 0.0658290322580645 0.17721290322580663 0.131658064516129
0 0.2372129032258065 0.20193548387096774 0.09307096774193535 0.0938193548387097
0 0.0993806451612903 0.28615161290322577 0.09756129032258083 0.09943870967741929
1 0.4715935483870968 0.0686967741935484 0.1881548387096773 0.1373935483870968
1 0.34806774193548395 0.06687096774193546 0.17564516129032257 0.13374193548387092
1 0.2625870967741935 0.0577516129032258 0.12040000000000023 0.1155032258064516
1 0.07469354838709669 0.22182903225806447 0.11154193548387088 0.19910322580645157
0 0.04312258064516124 0.44907741935483864 0.08624516129032248 0.09256774193548394
0 0.8038709677419354 0.18429677419354837 0.09456774193548372 0.09606451612903215
