0 0.5792135476463834 0.12195752009184839 0.08678530424799066 0.08111366245694601
0 0.5833840413318027 0.025315729047072345 0.09179678530424788 0.05063145809414469
0 0.2951492537313434 0.11983352468427096 0.11739380022962109 0.1031572904707232
0 0.4377669345579792 0.12501435132032146 0.091377726750861 0.0847588978185992
0 0.29983065442020673 0.26293340987370833 0.09472445464982761 0.0947187141216992
0 0.7192278989667049 0.13766360505166472 0.09139494833524683 0.09277841561423646
0 0.7326664753157293 0.2616102181400689 0.11160160734787586 0.09968427095292758
0 0.15090700344431682 0.2627698048220436 0.09508610792192876 0.10119977037887497
0 0.4366791044776119 0.2591475315729047 0.09310562571756602 0.08741102181400685
0 0.5864810562571757 0.25379161882893225 0.09638346727899005 0.09305970149253738
0 0.719922502870264 0.02417336394948336 0.08447187141217027 0.04834672789896672
0 0.15005740528128583 0.1294747416762342 0.0823650975889782 0.07958094144661303
