0 0.7069570787956438 0.25692504804612437 0.08570147341447774 0.0790006406149903
0 0.4778955797565663 0.24984625240230618 0.10552850736707242 0.10463805253042932
0 0.9271812940422807 0.25468930172966053 0.09390134529147992 0.08794362588084559
0 0.8183728379244074 0.2546893017296605 0.0879436258808455 0.08048686739269707
1 0.7594618834080716 0.1969346572709802 0.15509288917360659 0.18035233824471494
1 0.9513100576553492 0.18649903907751444 0.09609865470852023 0.2012235746316465
1 0.6527802690582959 0.19207238949391411 0.18252402306213966 0.17170403587443947
1 0.5521684817424727 0.1898366431774503 0.19057655349135164 0.1726008968609866
1 0.8548558616271622 0.19358103779628447 0.13869314541960287 0.17364509929532349
0 0.5946060217809097 0.2511434977578475 0.09390134529147982 0.09310057655349147
