0 0.5738589211618258 0.2303200948429164 0.09438055720213406 0.09094250148192065
0 0.7273829282750442 0.23923829282750447 0.12899229401304066 0.12010077059869598
0 0.11786307053941912 0.09625370480142265 0.09539419087136947 0.09185536455245988
0 0.1192471843509187 0.233556609365738 0.10618850029638403 0.10113811499703607
0 0.41831061055127433 0.2315619442797866 0.09957320687611144 0.09028452874925898
1 0.07845287492590391 0.22540011855364553 0.15690574985180783 0.1034380557202134
1 0.07344398340248968 0.09244220509780679 0.14688796680497937 0.09632483698873741
0 0.5689300533491405 0.09248666271487847 0.08960877296976898 0.08888559573206879
0 0.42029342027267336 0.09305275637225847 0.09950800237107289 0.09095435684647307
0 0.2787196206283344 0.09390634262003554 0.09438055720213387 0.08579727326615294
0 0.2770035566093658 0.23890337877889745 0.097812685240071 0.0978067575577949
0 0.710074096028453 0.10954949614700649 0.0943746295198578 0.0958032009484291
