1 0.8468091259640103 0.386060411311054 0.14205012853470447 0.25363753213367596
0 0.8198939588688946 0.08755141388174809 0.08359254498714651 0.08203084832904876
0 0.9651703084832904 0.7475771208226222 0.0683740359897174 0.08971722365038577
0 0.5417769922879178 0.8800192802056556 0.08739717223650383 0.08696658097686356
0 0.691047557840617 0.7575706940874035 0.08826478149100253 0.0843701799485864
0 0.8360314910025707 0.6189845758354755 0.1001863753213366 0.09120822622107971
0 0.5404595115681234 0.7678598971722365 0.09293701799485857 0.09812339331619556
0 0.9674517994858614 0.08000321336760927 0.06381105398457583 0.10541773778920306
0 0.8367769922879177 0.7468958868894603 0.08909383033419008 0.09096401028277634
1 0.700202442159383 0.39325192802056563 0.14856683804627246 0.2467609254498715
0 0.40172236503856035 0.8864170951156811 0.09120822622107957 0.09196015424164532
0 0.6955494858611825 0.886793059125964 0.09570051413881736 0.10317480719794363
0 0.23537275064267354 0.7746465295629821 0.07551413881748073 0.07925449871465305
0 0.6832005141388175 0.08067802056555266 0.08847043701799494 0.08410668380462732
1 0.3087467866323907 0.7297975578406168 0.19507712082262205 0.14469794344473005
1 0.7324839331619537 0.7134383033419024 0.1432969151670951 0.1538946015424165
1 0.8609865038560411 0.07821336760925453 0.14211439588688946 0.11304627249357334
1 0.9620244215938303 0.3829466580976863 0.07466580976863756 0.25364395886889446
0 0.8445051413881748 0.884836118251928 0.08910025706940865 0.08909383033419035
