1 0.46000329597890577 0.06015491100856953 0.1868094924192485 0.12030982201713906
1 0.04567567567567565 0.6996769940672379 0.0913513513513513 0.2460382333553067
1 0.6429729729729728 0.37355965721819384 0.19597890573500346 0.217811470006592
1 0.5348681608437706 0.3645056031641397 0.19278180619644023 0.1943770599868161
1 0.4206361239288069 0.3597132498352011 0.16881344759393543 0.18586025049439675
1 0.3665820698747528 0.44997692814765994 0.17147659854976932 0.20769281476598564
1 0.26060316413974954 0.4558371786420567 0.1533750823994727 0.21620962425840465
0 0.20957811470006593 0.5375642715886619 0.08205669083717866 0.07899143045484508
0 0.3111865524060646 0.5245286750164799 0.0996967699406725 0.09738958470665765
0 0.4216183256427159 0.518394858272907 0.09816084377060008 0.0897231377719184
0 0.531278839815425 0.5249110085695452 0.09355306526038236 0.08589321028345424
0 0.48411667765326305 0.4236849044166118 0.09279499011206323 0.07822017139090302
0 0.6440079103493738 0.5310448253131179 0.09202373104812145 0.08895847066578785
0 0.6106493078444296 0.4317369808833224 0.09432432432432404 0.08052076466710617
0 0.7145583388266312 0.4512920237310481 0.0766842452208305 0.0720896506262361
0 0.7755273566249175 0.5195418589321029 0.08819380355965731 0.08895847066578766
0 0.06578773895847063 0.7848780487804878 0.09509558338826615 0.08895187870797625
1 0.19642056690837179 0.4729268292682926 0.0927620303230058 0.2040738299274884
1 0.057033618984838476 0.2051779828609097 0.10672379696769917 0.20066578773895855
0 0.07978905735003294 0.2706229400131839 0.0996835860250496 0.10160184574818712
0 0.3337343441001977 0.18265655899802244 0.09279499011206323 0.09049439683586022
0 0.7568358602504942 0.0526664469347396 0.08441661173368453 0.08442320369149647
0 0.28811799604482535 0.07218852999340811 0.09266315095583397 0.08883322346736978
0 0.6251878707976272 0.07375411997363217 0.08313777191825959 0.08314436387607127
0 0.5181443638760712 0.0801450230718523 0.08505603164139723 0.08569545154911007
0 0.4529828609096902 0.170771259063942 0.09355965721819363 0.09278839815425177
0 0.40250823994726437 0.09263678312458798 0.07477257745550447 0.07988134475939343
0 0.7996044825313117 0.16655240606460117 0.0966249176005272 0.09815425181278833
0 0.6761404087013844 0.16348714568226763 0.0996901779828607 0.1012261041529334
0 0.22061964403427825 0.1845748187211602 0.0950955833882662 0.09586025049439686
0 0.5645583388266315 0.16578773895847068 0.08972313777191812 0.08742254449571515
0 0.03318391562293996 0.4370929466051417 0.06636783124587992 0.09458141067897166
