0 0.7257164090368611 0.23182223543400712 0.11041022592152194 0.11013674197384066
0 0.41486028537455416 0.22668549346016648 0.0998751486325801 0.10259809750297261
0 0.5642033293697978 0.09667954815695602 0.08988109393579062 0.0857134363852557
0 0.2731302021403092 0.08950356718192624 0.10155172413793101 0.08947086801426873
0 0.11197978596908435 0.09497621878715815 0.10422116527942936 0.09958382877526753
0 0.41771105826397137 0.08088882282996429 0.09463733650416162 0.08948275862068963
0 0.12494054696789529 0.23475029726516053 0.11052318668252084 0.10826397146254467
0 0.2748543400713437 0.236640903686088 0.09810344827586195 0.0980975029726516
0 0.571730083234245 0.22717300832342446 0.09982164090368653 0.09637931034482762
0 0.7092122473246135 0.10690249702734837 0.09465517241379313 0.0960879904875148
