0 0.5788316151202748 0.1294759450171821 0.08927835051546396 0.08194158075601368
0 0.14599656357388321 0.26145761741122564 0.12324169530355089 0.12038373424971352
0 0.43516036655211915 0.12353951890034368 0.09895761741122548 0.10160366552119135
0 0.7233934707903779 0.2634478808705613 0.10979954180985096 0.10450171821305843
0 0.29109679266895755 0.25696735395188997 0.11518327605956476 0.10981099656357389
0 0.432442726231386 0.25846792668957613 0.10394616265750264 0.09196449026345928
0 0.7132101947308133 0.13430985108820162 0.09118556701030936 0.0925715922107674
0 0.2934450171821306 0.1295103092783505 0.11048682703321866 0.09286941580756021
0 0.7185652920962199 0.023596792668957645 0.08427835051546373 0.04719358533791529
0 0.14067583046964485 0.12347079037800683 0.10483390607101946 0.0953951890034364
0 0.581159793814433 0.027920962199312716 0.09794387170675846 0.05584192439862543
0 0.5844215349369989 0.2571735395189003 0.10217640320733143 0.09619129438717071
