1 0.2053259452411995 0.47876792698826587 0.0917340286831811 0.20181225554106905
0 0.45904498044328546 0.17996088657105608 0.09252281616688379 0.09176010430247716
1 0.3379302477183833 0.4554856584093871 0.18493481095176018 0.2283376792698826
0 0.6293415906127773 0.08401890482398956 0.08221642764015626 0.08222294654498051
0 0.07093872229465445 0.7875684485006519 0.08736636245110821 0.0919165580182529
0 0.089986962190352 0.27870599739243807 0.09857887874837044 0.10047588005215113
0 0.25107235984354626 0.0275847457627119 0.09290091264667551 0.0551694915254238
1 0.051395045632333713 0.7056192959582791 0.10279009126466743 0.23761408083441976
0 0.7595306388526727 0.06316492829204692 0.08348109517601 0.08348761408083452
0 0.2960071707953064 0.08247066492829211 0.09163624511082145 0.08784876140808344
0 0.5234843546284225 0.09033898305084741 0.08411342894393725 0.08474576271186439
0 0.6797294654498044 0.17275749674054758 0.09858539765319395 0.10010430247718381
1 0.46598761408083444 0.06502933507170795 0.1847392438070404 0.1300586701434159
0 0.038357235984354573 0.4433311603650586 0.07671447196870915 0.09353324641460237
0 0.2292568448500652 0.19361147327249023 0.09404172099087338 0.09479791395045638
0 0.8018252933507171 0.17578878748370275 0.09555410691003892 0.09706649282920461
1 0.7017829204693611 0.05224250325945241 0.19383963494133008 0.10448500651890481
0 0.4091297262059974 0.10269230769230768 0.0739439374185139 0.07899608865710549
1 0.06748370273794002 0.21398631029986964 0.10554106910039089 0.1984419817470666
0 0.569383963494133 0.17503259452411996 0.08872881355932187 0.08645371577574963
0 0.34111799217731414 0.19171447196870928 0.09176662320730118 0.08949152542372883
0 0.3921870925684486 0.5332073011734026 0.11102346805736628 0.10920469361147327
0 0.22246088657105617 0.5386701434159061 0.09737288135593211 0.10192959582790095
