1 0.7617596810933941 0.4037927107061503 0.1545823842065302 0.15325740318906605
1 0.9509889901290814 0.6944229309035687 0.09726271829916468 0.3340926347760063
1 0.5669001518602885 0.4112566438876234 0.1179233105542901 0.14309794988610486
1 0.055421412300683384 0.42123386484434316 0.07913439635535292 0.13893697798025811
1 0.3676632498101746 0.4174392558845862 0.09628321943811695 0.13647304479878516
1 0.3676632498101746 0.4174392558845862 0.09628321943811695 0.13647304479878516
1 0.6693944570994684 0.40705201214882314 0.14317008352315858 0.14537965072133643
1 0.2628132118451025 0.4141685649202733 0.0905391040242975 0.15060744115413824
1 0.15911161731207288 0.4142331055429005 0.07791192103265006 0.15157934700075923
1 0.8558143507972665 0.40594722854973425 0.16856871678056215 0.14390660592255114
1 0.4686199696279423 0.412792331055429 0.10563022019741843 0.1446431283219438
