0 0.04119251336898394 0.9571711229946523 0.08238502673796788 0.08458823529411767
0 0.04154278074866308 0.6955989304812834 0.08308556149732615 0.09539037433155091
0 0.1854759358288771 0.6911898395721925 0.09072727272727264 0.08864705882352936
1 0.7285668449197861 0.6849839572192513 0.18421390374331542 0.10681283422459889
0 0.3358208556149733 0.693783422459893 0.09487165775401064 0.09383422459893029
0 0.17955614973262032 0.953451871657754 0.08647058823529404 0.08398395721925143
0 0.47632352941176476 0.7005106951871657 0.08862566844919786 0.09074331550802146
0 0.47216310160427805 0.8241657754010694 0.08864705882352936 0.08916577540106954
0 0.48109090909090907 0.9565187165775402 0.1007807486631016 0.08589304812834217
0 0.32432085561497326 0.9449919786096258 0.08211764705882377 0.08771657754010694
0 0.792572192513369 0.6992139037433155 0.09406417112299492 0.08600000000000012
0 0.3301149732620321 0.8202780748663101 0.09175935828877015 0.08968983957219245
0 0.18547326203208558 0.8288315508021391 0.09383422459893065 0.0850213903743315
0 0.633053475935829 0.9410989304812835 0.09674866310160461 0.09030481283422463
0 0.04232085561497332 0.8290935828877005 0.08464171122994664 0.09694652406417126
