0 0.7110892049127342 0.9357013574660633 0.08392372333548802 0.07670329670329697
0 0.2312249515190691 0.20588558500323206 0.08422107304460238 0.07820943762120235
1 0.10034906270200387 0.20114738202973492 0.085727213962508 0.20665158371040723
1 0.07982870071105366 0.5352036199095023 0.11906270200387835 0.22142210730446013
0 0.7131577246283128 0.2542501616031028 0.08961215255332906 0.08522947640594693
0 0.07069166127989658 0.6106690368455074 0.09661279896574002 0.09765352294764044
0 0.7909372979961214 0.8447802197802198 0.08497737556561091 0.08347123464770521
0 0.8802941176470587 0.25529088558500324 0.08843568196509381 0.09294764059469938
0 0.5452133160956689 0.2567582417582417 0.09212023270846789 0.08648351648351643
0 0.5961603102779574 0.5219941822883 0.08773109243697463 0.08466063348416307
0 0.8017840982546864 0.3441790562378797 0.09023917259211363 0.08843568196509373
0 0.3580252100840336 0.0765934065934066 0.08659987071751767 0.0848610213316097
0 0.7221784098254687 0.10723658694246928 0.090239172592114 0.08961215255332909
0 0.9148804137039432 0.08530058177116996 0.10465416936005181 0.0983839689722043
0 0.8932611506140917 0.4525274725274726 0.08773755656108574 0.08585649644473159
0 0.8136748545572074 0.5217744020685199 0.09274078862314143 0.08773755656108602
0 0.7124466709760827 0.428552036199095 0.08843568196509373 0.0857272139625083
0 0.6289754363283775 0.33515837104072393 0.08753070458952802 0.08842921784098251
0 0.554234001292825 0.9467162249515193 0.08898513251454404 0.08209437621202335
0 0.4477020038784745 0.9476535229476405 0.08146735617323865 0.08898513251454414
0 0.3568358112475759 0.9473432449903039 0.09024563671622489 0.08585649644473149
0 0.4179314802844215 0.8683839689722043 0.0795862960568842 0.07833225597931456
0 0.24528765352294768 0.8602359405300581 0.09023917259211373 0.08585003232062056
0 0.3311441499676794 0.7866031027795733 0.09023917259211368 0.08648351648351661
0 0.24278280542986427 0.7139107950872658 0.08648351648351653 0.0852230122818359
0 0.6345119586296055 0.18531674208144794 0.08773109243697472 0.08648351648351647
0 0.4475016160310277 0.5185229476405947 0.09475759534583074 0.0875307045895284
0 0.4417291531997414 0.17447963800904975 0.088435681965094 0.09032967032967036
0 0.08729476405946993 0.2735649644473174 0.08347123464770516 0.08122171945701352
0 0.2741176470588236 0.5180769230769231 0.08898513251454432 0.08083387201034255
0 0.3640433096315449 0.4516515837104073 0.08835811247575952 0.08585003232062047
0 0.5116224951519069 0.45259211376858444 0.090239172592114 0.09023917259211378
0 0.43109566903684554 0.3783322559793148 0.0845959922430513 0.08084033613445375
0 0.5570555914673561 0.7746961861667744 0.08961215255332906 0.08146735617323841
0 0.6466677440206853 0.7170426632191337 0.08710407239818997 0.0802133160956691
0 0.7099612152553328 0.7966289592760181 0.09462184873949588 0.08899159663865515
0 0.7119101486748545 0.6242792501616031 0.0911376858435684 0.07957336780866192
0 0.7824725274725274 0.7027892695539754 0.09204266321913374 0.09204266321913364
0 0.8672979961215257 0.7763348416289593 0.0938461538461541 0.0893341952165484
0 0.851053652230123 0.9584583063994828 0.0938461538461541 0.08179056237879784
0 0.9540820943762119 0.9598125404007757 0.09054298642533952 0.07908209437621214
0 0.8984001292824821 0.5912702003878474 0.0958823529411764 0.09524886877828054
0 0.7980704589528118 0.1790530058177117 0.08773755656108594 0.07895927601809948
0 0.534224305106658 0.5815093729799612 0.0875307045895283 0.08482870071105371
0 0.9673464770523594 0.6793729799612154 0.06401422107304473 0.09123464770523582
0 0.9693988364576599 0.5126244343891404 0.05990950226244345 0.09211376858435677
0 0.23438590820943758 0.35890433096315455 0.092120232708468 0.08899159663865538
0 0.36191338073691004 0.5782352941176471 0.08773109243697468 0.09274725274725283
0 0.44398190045248864 0.6762572721396249 0.08933419521654835 0.08663219133807372
0 0.6298093083387201 0.8643083387201035 0.09212023270846807 0.09086619263089829
0 0.5246541693600516 0.0782385261797027 0.09114414996767933 0.08843568196509369
0 0.32368455074337416 0.2721105365223012 0.0940012928248221 0.08585003232062051
