0 0.0375833857772184 0.550201384518565 0.0751667715544368 0.07915670232850842
1 0.3034266834487099 0.1836752674638137 0.07980490874764035 0.17424795468848323
1 0.3733448709880427 0.17818124606670863 0.13764002517306478 0.17937067337948412
1 0.4751101321585904 0.17196349905601008 0.1537444933920703 0.1713152926368784
0 0.11142857142857139 0.4858842039018251 0.09517935808684692 0.09029578351164257
1 0.5768753933291378 0.16317495280050345 0.17717432347388318 0.18889238514789164
1 0.6910824417872876 0.17269351793580867 0.16252989301447462 0.16985525487728123
1 0.7957772183763375 0.17305852737570798 0.18888609188168673 0.16765261170547519
0 0.8590308370044053 0.22760226557583382 0.0922466960352422 0.09370673379483944
1 0.07732221522970423 0.4237161736941473 0.1317872876022658 0.19950283196979218
1 0.13235368156073 0.26483952171176844 0.13544367526746398 0.1885210824417874
0 0.05194461925739456 0.04844241661422279 0.07992448080553807 0.07687224669603515
0 0.741161107614852 0.22467589679043423 0.09517306482064167 0.09663939584644424
0 0.6346349905601008 0.22687224669603526 0.08565764631843913 0.08346129641283823
0 0.5281151667715543 0.23162995594713662 0.08932032724984255 0.0885840151038389
0 0.4142699811202013 0.24297671491504091 0.08859030837004402 0.08639395846444305
0 0.30628067967275024 0.24480805538074263 0.0907866582756449 0.09151667715544376
0 0.1718313404657017 0.32695720578980486 0.09516677155443692 0.09699811202013837
