0 0.21607822954194553 0.6652213072568194 0.087318579516212 0.08531652084405547
0 0.07165465774575394 0.9227174472465259 0.09041173443129187 0.08442614513638684
0 0.06913793103448278 0.6694647452393206 0.09679361811631482 0.09180648481729299
0 0.4959984559958827 0.6741919711785898 0.08529593412249095 0.08733401955738566
0 0.6468399382398354 0.9057411219763253 0.0931137416366447 0.08691199176531135
0 0.07138445702521876 0.7979439011837365 0.09529593412249114 0.09330416881111678
0 0.2160756562017499 0.7976917138445703 0.09030880082346901 0.08182707153885743
0 0.5005867215645908 0.923255275347401 0.09699433865156976 0.08801338136901704
0 0.35528306742151317 0.7894595985589296 0.08831188883170366 0.08632012352032936
0 0.21038085434894493 0.9176299536798765 0.08322182192485841 0.08082861554297488
0 0.4919943386515697 0.7932012352032939 0.08531652084405557 0.08581574884199689
0 0.3607745753988678 0.667717447246526 0.09130725681935148 0.09030880082346864
0 0.3497066392177046 0.9094879053010809 0.07903242408646448 0.08442099845599578
