1 0.8372755227552275 0.2624846248462484 0.21900369003690057 0.1488191881918819
1 0.6927521525215251 0.2509655596555966 0.21470479704797044 0.1380811808118081
1 0.5367958179581797 0.24846248462484632 0.2361746617466174 0.15596555965559664
0 0.921860393603936 0.5782626076260764 0.09701722017220167 0.09701722017220177
0 0.6238161131611316 0.5505504305043051 0.09186346863468627 0.08070725707257079
0 0.31810578105781057 0.13857318573185728 0.09014760147601479 0.08242312423124229
0 0.608361008610086 0.4367927429274292 0.09701722017220159 0.08843173431734319
0 0.3350369003690037 0.4140405904059041 0.09959409594095939 0.08585485854858577
0 0.3206857318573186 0.2776568265682657 0.09186346863468636 0.08585485854858539
0 0.6341820418204182 0.8144311193111929 0.09530135301353011 0.09186346863468627
0 0.6131488314883149 0.2981980319803198 0.0892865928659286 0.08585485854858557
0 0.3379182041820418 0.5341728167281673 0.09186346863468636 0.08757072570725714
0 0.9138806888068881 0.45365928659286586 0.09873308733087334 0.0910086100861009
0 0.44952952029520293 0.298690036900369 0.09015375153751537 0.08842558425584252
0 0.9371894218942188 0.8414083640836407 0.08671586715867158 0.08585485854858557
0 0.793570110701107 0.8225246002460024 0.08929274292742932 0.08757072570725714
0 0.2047785977859779 0.39957257072570734 0.08671586715867159 0.07727552275522766
0 0.4819034440344403 0.5527613776137762 0.0781242312423125 0.07469864698646991
0 0.6324661746617466 0.6885885608856088 0.09530135301353002 0.09100246002460036
0 0.5065621156211563 0.6655350553505536 0.08242312423124236 0.07726937269372676
0 0.2274169741697417 0.7886223862238623 0.10559655596555964 0.09959409594095953
0 0.21078720787207872 0.5336961869618697 0.09014760147601472 0.07899138991389913
0 0.3535639606396064 0.8033302583025831 0.08327798277982777 0.0798462484624844
0 0.19447724477244774 0.27710332103321034 0.08671586715867159 0.08156211562115626
0 0.34281672816728165 0.6801937269372694 0.09530135301353015 0.09100246002460018
0 0.507180196801968 0.8033302583025831 0.09186346863468636 0.08843173431734333
0 0.21943726937269376 0.6563407134071341 0.08843173431734316 0.08585485854858567
0 0.6072632226322262 0.031017835178351747 0.08757687576875749 0.062035670356703494
0 0.47026445264452643 0.416060885608856 0.08156211562115616 0.07469249692496914
0 0.9299569495694956 0.7046617466174662 0.0910086100861009 0.0918696186961868
0 0.756110086100861 0.3004059040590406 0.09730012300123002 0.09014760147601471
0 0.764338868388684 0.440639606396064 0.09945264452644531 0.08728167281672816
0 0.781150061500615 0.5608364083640837 0.09444034440344411 0.0844280442804427
0 0.781509840098401 0.6924846248462485 0.09658671586715858 0.08585485854858567
0 0.929538745387454 0.2970756457564575 0.09444034440344402 0.08670971709717094
