1 0.4121359223300971 0.6826885735623599 0.09079910380881259 0.3513069454817027
1 0.674826362957431 0.4167942494398806 0.1408177744585511 0.1429910380881255
1 0.7407412247946228 0.7102520537714712 0.0908028379387603 0.2961799850634802
1 0.17292755787901415 0.42385735623599696 0.0766318147871547 0.14908887229275578
1 0.27492531740104553 0.42379387602688573 0.08905153099327841 0.14813293502613895
1 0.5229312920089619 0.6999850634802091 0.09620612397311415 0.32752800597460796
1 0.7656740104555638 0.41358849887976107 0.1520425690814043 0.15073935772964905
1 0.3780526512322629 0.4270108289768484 0.09470126960418224 0.13423076923076924
1 0.3780526512322629 0.4270108289768484 0.09470126960418224 0.13423076923076924
1 0.5740160567587752 0.42092979835698285 0.1159858103061987 0.1407468259895445
1 0.070941000746826 0.43074309185959675 0.07783420463032098 0.13665421956684093
1 0.4773506348020911 0.42244025392083645 0.10389469753547424 0.14226661687826733
1 0.8581833457804333 0.4157076176250934 0.16579910380881277 0.1415421956684092
1 0.6304835698282301 0.7172796863330845 0.10160941000746819 0.28644884241971635
1 0.9517942494398808 0.6994436146377894 0.09566467513069442 0.32860343539955206
1 0.8482935026138909 0.6994436146377893 0.10268857356235998 0.3264451082897683
