0 0.3627206809583858 0.24532786885245902 0.08875788146279946 0.08655737704918029
1 0.046065573770491766 0.42401008827238335 0.09213114754098353 0.20171500630517022
1 0.6400567465321564 0.17491172761664564 0.16283732660781855 0.1701765447667086
1 0.5256336696090794 0.16537515762925598 0.17750945775535953 0.18924968474148793
1 0.25166771752837325 0.1859142496847415 0.07995586380832312 0.17457755359394697
0 0.25452711223203034 0.2471626733921816 0.09095838587641854 0.09168978562421194
1 0.4236759142496847 0.17418032786885246 0.1540353089533415 0.17163934426229494
1 0.32171815889029 0.18040983606557376 0.1379003783102144 0.1797099621689787
0 0.12122320302648172 0.3282377049180328 0.09046658259773015 0.09107818411097102
1 0.7449495586380834 0.17527742749054223 0.18924337957124857 0.16796973518284997
0 0.06081021437578811 0.49259457755359387 0.09022068095838569 0.08581967213114776
0 0.6902301387137452 0.22699243379571246 0.09535308953341713 0.09682219419924332
0 0.8083228247162673 0.22992433795712483 0.09242118537200486 0.09388398486759132
1 0.08186002522068091 0.2659394703656998 0.1393694829760403 0.19218158890290019
0 0.47678121059268597 0.23395964691046664 0.08948928121059259 0.08875157629255988
0 0.5835025220680958 0.22919293820933165 0.08581967213114738 0.08361916771752835
