0 0.058076165462902195 0.5871799080761654 0.09993434011818797 0.09102429415627047
1 0.04137229152987524 0.48450426789231776 0.08274458305975048 0.13016414970453047
1 0.4971470781352595 0.722091267235719 0.17644780039395963 0.10537754432042029
1 0.48800722258699913 0.4583322390019698 0.1877806959947471 0.12253447143795133
1 0.3478923177938279 0.600548260013132 0.18714379514116875 0.11916611950098499
1 0.33436966513460264 0.34198621142481944 0.17492449113591585 0.1359619172685489
0 0.39225869993434 0.3026460932370322 0.09707156927117543 0.09548260013131975
0 0.4022028890347997 0.851240971766251 0.08860801050558123 0.08631648063033494
0 0.5414510833880498 0.7185620485883125 0.10235062376887698 0.09089954038082715
0 0.24471109652002623 0.9690151017728169 0.10173998686802381 0.0606565988181223
0 0.5503348653972425 0.4336703873933027 0.10131319763624437 0.09441891004596188
0 0.05478988837820103 0.45104727511490483 0.10724228496388703 0.0889100459619173
0 0.24407091267235717 0.8481286933683518 0.10449113591595523 0.09990807616546286
0 0.24691070256073527 0.7119927774130006 0.09013131976362439 0.08784635587655938
0 0.39773473407747867 0.969290873276428 0.09082074852265247 0.06010505581089955
0 0.24415298752462247 0.4430728824688116 0.0899474720945504 0.08840446487196323
0 0.23816152330925805 0.15863099146421536 0.09866053841103069 0.09388706500328295
0 0.24571569271175306 0.5692481943532502 0.0836309914642153 0.0893302692055155
0 0.5591726854891663 0.849333552199606 0.09395929087327644 0.08860801050558109
0 0.4100295469468156 0.5832567301378857 0.09866710439921206 0.09866053841103083
