0 0.5388785347043703 0.7941516709511568 0.09719151670951158 0.09906169665809765
1 0.5209768637532135 0.4326703084832905 0.17862467866323917 0.2619730077120823
0 0.6927667095115682 0.9228084832904884 0.09719151670951195 0.0984447300771207
1 0.1484736503856042 0.7768123393316196 0.11937660668380463 0.4139331619537277
1 0.0418123393316195 0.8128534704370179 0.083624678663239 0.37300771208226235
0 0.5298457583547558 0.12375964010282771 0.10903598971722361 0.10404884318766071
1 0.5209768637532135 0.4326703084832905 0.17862467866323917 0.2619730077120823
0 0.5413978149100257 0.9302924164524422 0.10976221079691509 0.1078984575835475
0 0.39442480719794343 0.8065777634961439 0.10976221079691513 0.10232005141388169
0 0.3973007712082261 0.9419987146529563 0.09061696658097684 0.09420308483290485
1 0.37877570694087404 0.43625964010282775 0.12390102827763487 0.2565938303341901
1 0.4764717223650386 0.1176124678663239 0.1702956298200514 0.12097043701799474
0 0.5342030848329048 0.6552120822622108 0.09906169665809755 0.10404884318766082
0 0.3918412596401028 0.6642448586118251 0.10467223650385596 0.100931876606684
