0 0.6962323037323038 0.9252831402831404 0.09731660231660262 0.09857142857142838
1 0.5242213642213643 0.43451415701415713 0.17885456885456893 0.26231016731016743
1 0.3818371943371943 0.438108108108108 0.12406048906048901 0.2569240669240667
1 0.7879247104247104 0.7691441441441441 0.19134491634491593 0.13474903474903444
1 0.4796589446589447 0.11905083655083654 0.17051480051480047 0.121126126126126
1 0.1527348777348777 0.7762548262548264 0.11952380952380941 0.41446589446589455
1 0.04330437580437585 0.8135263835263835 0.0866087516087517 0.3716602316602316
0 0.5421460746460747 0.7964607464607465 0.09731660231660244 0.09918918918918924
0 0.8495527670527669 0.8052541827541827 0.1015122265122265 0.1015122265122265
0 0.4003861003861003 0.9444980694980694 0.09073359073359073 0.09432432432432424
0 0.3949195624195624 0.6663867438867439 0.10480694980694977 0.10106177606177624
0 0.5331016731016732 0.12520592020592017 0.10917631917631915 0.10418275418275422
0 0.5374646074646074 0.6573423423423425 0.09918918918918906 0.10418275418275429
0 0.39750643500643495 0.8089028314028313 0.1099034749034749 0.1024517374517373
0 0.5446685971685973 0.9327767052767053 0.1099034749034749 0.10803732303732298
1 0.5242213642213643 0.43451415701415713 0.17885456885456893 0.26231016731016743
