1 0.1629963122311002 0.26966810079901665 0.19456054087277194 0.14086047940995697
1 0.30745543945912734 0.27573755377996306 0.17525507068223736 0.14514443761524265
0 0.25201290719114927 0.44344806392132763 0.09609711124769507 0.08752304855562391
0 0.7420374923171481 0.05154271665642287 0.1115488629379224 0.10308543331284574
0 0.09224339274738778 0.1741579594345421 0.1038229870928089 0.09266748617086663
0 0.5652950215119853 0.063438844499078 0.10381684081130908 0.09695759065765212
0 0.570620774431469 0.18509219422249537 0.0995328826060235 0.09352796558082363
0 0.41618930547019045 0.4645543945912723 0.10382298709280884 0.09524277811923787
0 0.9085863552550707 0.9046558082360172 0.1048678549477565 0.09891210817455456
0 0.09003687768899817 0.31002458512599884 0.09610325752919492 0.08837123540258164
0 0.10167486170866624 0.578079287031346 0.09266748617086663 0.08322679778733869
0 0.09187768899815613 0.46153042409342354 0.09609711124769524 0.08580208973570982
1 0.4643945912722802 0.3996773202212662 0.17932390903503367 0.20594345421020288
0 0.09868162261831596 0.7254333128457284 0.09781807006760916 0.09524277811923779
0 0.2631684081130916 0.5837461585740626 0.09438844499078058 0.08408727719729563
1 0.9150399508297481 0.6867055931161647 0.11677934849416093 0.2153657037492315
1 0.7528733866011063 0.6837031346035648 0.11677320221266145 0.20936078672403172
0 0.9175507068223725 0.04622925629993855 0.11320835894283944 0.0924585125998771
0 0.5801229256299938 0.6096250768285189 0.10639213275968036 0.09867240319606627
0 0.127919483712354 0.8384419176398279 0.09266748617086662 0.08665642286416689
0 0.9181130915795945 0.18778119237861093 0.11321450522433919 0.10606023355869693
0 0.9094867854947757 0.3451259987707437 0.10904118008604793 0.10725261216963737
0 0.43133066994468344 0.7228733866011063 0.10124769514443764 0.08751690227412412
0 0.4042901044867855 0.04415488629379227 0.11326367547633688 0.08830977258758455
0 0.9151598033189919 0.4782759680393361 0.11797787338660128 0.10784880147510743
1 0.6214136447449293 0.5441333743085434 0.14672403196066391 0.20334972341733248
0 0.24711739397664417 0.038137676705593086 0.09953288260602351 0.07627535341118617
0 0.9103810694529809 0.7479471419791026 0.10844499078057773 0.11321450522433937
1 0.4655531653349724 0.662178856791641 0.1544499078057775 0.19562999385371876
0 0.5901813153042409 0.7366133988936694 0.09180700676090954 0.09009219422249559
0 0.27028580208973574 0.7215119852489243 0.1012476951444375 0.09438229870928083
0 0.7419883220651505 0.8958912108174553 0.10725875845113689 0.09695759065765212
0 0.24864474492931773 0.3095974185617701 0.09781807006760905 0.09266748617086659
0 0.5743054701905347 0.32212354025814377 0.10639827904117984 0.1021081745543945
0 0.0852550706822372 0.04034726490473263 0.09695144437615244 0.08069452980946526
0 0.7692163491087891 0.17403503380454824 0.10553779963122317 0.1003872157344806
0 0.7394652735095267 0.46639827904118003 0.11154271665642285 0.10382298709280884
0 0.7413767670559313 0.7503349723417332 0.10637984019668115 0.10037492317148118
