1 0.06975911185588608 0.6928236279849184 0.09825303728529541 0.3450523669878511
1 0.18599706744868041 0.3682697947214077 0.13597402597402602 0.16619187264348548
1 0.27615835777126096 0.3641307080016757 0.138902387934646 0.17253456221198152
1 0.3616925010473398 0.3580351906158358 0.14620863007959786 0.16619187264348548
1 0.4440552995391706 0.36265605362379555 0.14523669878508605 0.15009635525764561
1 0.5225219941348973 0.35072266443234185 0.15498114788437367 0.16229157938835356
1 0.5980624214495183 0.34828655215751997 0.16375785504817766 0.15839128613322173
1 0.6731168831168831 0.34341432760787594 0.16278173439463772 0.15449518223711772
1 0.8227377461248429 0.6188416422287389 0.0766108085462927 0.2824759111855886
1 0.7592836196062004 0.6308336824465857 0.09123586091328036 0.29592794302471725
1 0.635297444490993 0.6369731881022204 0.0853833263510683 0.28481357352325104
1 0.5437704231252618 0.6320025136154168 0.08831168831168842 0.2842312526183496
1 0.4156891495601173 0.6264453288646837 0.08248847926267264 0.278965228320067
1 0.33352115626309176 0.6378487641390868 0.0736866359447004 0.2912484289903644
1 0.27240678676162555 0.6676770004189359 0.08948051948051956 0.29943443653121077
1 0.17152073732718884 0.6922413070800167 0.09006284038542103 0.3193213238374528
