0 0.2709525357607282 0.7373439531859557 0.11104681404421331 0.10351755526657984
1 0.353959687906372 0.05075422626788033 0.1722886866059818 0.10150845253576066
0 0.5727860858257479 0.8549349804941483 0.09832899869961016 0.09959687906371896
0 0.2683387516254876 0.5933452535760728 0.10589726918075419 0.10211313394018215
0 0.5662321196358909 0.0471521456436931 0.0944798439531862 0.09076723016905065
0 0.4079583875162549 0.04958387516254876 0.11031209362808833 0.09916775032509752
0 0.27386215864759417 0.8743498049414824 0.09167750325097523 0.09530559167750319
0 0.4123667100130039 0.5842067620286087 0.10022106631989583 0.10526657997399222
1 0.6654323797139141 0.6971716514954486 0.19333550065019472 0.13615084525357576
0 0.4170968790637192 0.7247724317295189 0.09832899869960993 0.10022106631989602
1 0.39898569570871273 0.3590604681404422 0.18071521456436934 0.2650390117035112
1 0.050292587776332845 0.7146163849154746 0.10058517555266569 0.37622886866059807
1 0.39898569570871273 0.3590604681404422 0.18071521456436934 0.2650390117035112
0 0.7277015604681404 0.7336573472041611 0.10256827048114443 0.10256827048114434
0 0.4196456436931079 0.8625065019505851 0.11104681404421325 0.10916124837451217
1 0.25512028608582576 0.36269180754226266 0.12535110533159943 0.259596879063719
