0 0.7150146028037384 0.8435075934579438 0.08595210280373862 0.07609228971962616
0 0.7143078271028037 0.9623247663551403 0.09299649532710282 0.07418224299065426
0 0.7052073598130842 0.5951781542056075 0.09299649532710282 0.08792640186915893
0 0.5711448598130842 0.3229877336448598 0.0869742990654206 0.08698014018691587
0 0.415668808411215 0.19707359813084113 0.08290303738317772 0.0733878504672897
0 0.4211068925233645 0.3159900700934579 0.09513434579439248 0.07882593457943929
0 0.42586156542056075 0.4450963785046729 0.08018107476635515 0.07474883177570096
0 0.276571261682243 0.29250876168224293 0.09468457943925226 0.09130257009345788
0 0.2748685747663552 0.8344217289719627 0.10143107476635523 0.0896378504672897
0 0.42706775700934574 0.9579293224299065 0.09467289719626161 0.08297313084112153
0 0.561676401869159 0.19790303738317755 0.09367990654205614 0.08959112149532714
0 0.4273977803738318 0.8316413551401869 0.0898539719626168 0.08362149532710274
0 0.424185163551402 0.7113317757009346 0.09264602803738321 0.08656542056074772
0 0.5660864485981307 0.44592289719626166 0.09981308411214958 0.10453271028037382
0 0.41822137850467295 0.5761127336448598 0.09777453271028025 0.09473714953271034
0 0.5750116822429907 0.7126752336448597 0.0906308411214952 0.09170560747663555
0 0.13797897196261683 0.5591442757009346 0.1087850467289721 0.100052570093458
0 0.5725379672897196 0.574713785046729 0.09098714953271002 0.09438084112149535
0 0.5786244158878504 0.8448247663551401 0.0883235981308412 0.08827102803738322
0 0.13242990654205597 0.697353971962617 0.09873831775700932 0.09466121495327114
0 0.1326401869158878 0.8333060747663552 0.10469626168224284 0.09565420560747655
0 0.27740362149532705 0.5562792056074767 0.09978387850467287 0.09129672897196266
0 0.2850292056074767 0.9528621495327103 0.11498831775700942 0.09310747663551423
0 0.13092873831775706 0.9572897196261682 0.10239485981308422 0.08425233644859818
0 0.2790566588785048 0.16230140186915887 0.10320677570093459 0.10658878504672897
0 0.570146028037383 0.9598510514018691 0.09169392523364485 0.0791296728971963
0 0.27521028037383183 0.428446261682243 0.09717289719626172 0.08086448598130844
0 0.28080023364485984 0.6873276869158879 0.08961448598130843 0.08285630841121494
0 0.12946553738317756 0.16992114485981308 0.09469042056074747 0.09299649532710277
0 0.12862149532710268 0.30941880841121494 0.0963785046728972 0.08792640186915883
0 0.13284754672897206 0.43116238317757005 0.10145443925233648 0.08454439252336449
0 0.7047780373831776 0.33104556074766356 0.08332943925233643 0.07704439252336448
0 0.7128358644859812 0.4589456775700935 0.08573014018691606 0.08179322429906544
0 0.7031308411214953 0.20732476635514016 0.09343457943925237 0.08258177570093457
0 0.7107856308411217 0.7131658878504673 0.0887675233644862 0.0803154205607476
