0 0.2525341574495771 0.10428432010409894 0.09271958360442435 0.0889329863370202
0 0.09176317501626544 0.3718510084580351 0.09838646714378678 0.10027976577748851
0 0.29738126219908917 0.1759986987638257 0.09145738451528962 0.08767729342875734
0 0.8022121014964216 0.2691346779440468 0.09536759921925826 0.09687703318152238
0 0.3424040338321404 0.2850292778139233 0.09158750813272609 0.08931685100845803
0 0.36732921275211455 0.08977878985035784 0.08514638906961605 0.08515289525048803
0 0.5244144437215356 0.18385165907612228 0.08394925178919949 0.08458035133376708
0 0.5966037735849057 0.08630774235523746 0.09587508132726068 0.08830839297332467
0 0.03925829538061153 0.5361548471047495 0.07851659076122305 0.0933506831489916
1 0.7016005204944697 0.11413793103448282 0.1913207547169815 0.15610930383864677
0 0.6300650618087186 0.17754391672088485 0.0820559531554976 0.08206245933636963
0 0.23076122316200395 0.28692257644762525 0.093858165256994 0.09461288223812628
1 0.06930383864671437 0.30725764476252443 0.10533506831489892 0.19805465191932345
0 0.570224463240078 0.2683799609629148 0.08855562784645399 0.08628497072218604
1 0.4670299284320104 0.12858165256994145 0.18437865972674036 0.18982433311646063
0 0.7599999999999999 0.1567306441119063 0.083318152244632 0.08332465842550434
0 0.6803545868575146 0.26610930383864667 0.09839297332465813 0.09990891346779429
0 0.41028301886792456 0.19618087182823682 0.07379960962914789 0.07884189980481449
0 0.46010084580351335 0.2732986337020169 0.09234222511385803 0.09158100195185427
