0 0.9059724999999998 0.7705949999999999 0.08288499999999986 0.08337000000000001
0 0.7784925 0.6486875000000001 0.0887049999999999 0.08773499999999979
0 0.49516750000000015 0.650385 0.09403499999999987 0.08919000000000014
0 0.08557750000000004 0.77205 0.09985500000000014 0.09307000000000012
0 0.6379175 0.7749575000000001 0.08773500000000006 0.07949499999999993
1 0.09085000000000001 0.9534000000000001 0.0971400000000001 0.09219999999999996
0 0.76774 0.8835675 0.07678000000000015 0.0820149999999999
0 0.35581000000000007 0.6513525 0.09743000000000009 0.09209500000000011
0 0.9143199999999998 0.8969425000000001 0.09423000000000015 0.08550499999999997
0 0.7731575000000002 0.7669600000000001 0.08579500000000011 0.08385999999999998
0 0.08363749999999999 0.6518375 0.10082499999999991 0.08531500000000014
0 0.49761249999999996 0.8964199999999999 0.08783500000000001 0.08201999999999998
0 0.63792 0.6462625000000001 0.08483000000000009 0.08288499999999986
0 0.6323850000000001 0.8914775000000003 0.08084999999999987 0.078525
0 0.36057000000000006 0.8925800000000002 0.09306999999999994 0.09422999999999997
0 0.36041749999999995 0.7756850000000001 0.09888500000000001 0.10131000000000007
0 0.9098625 0.6549775 0.08286500000000006 0.08484500000000009
0 0.21984249999999997 0.77205 0.09597499999999991 0.1008200000000001
0 0.49735 0.7752025 0.09258000000000016 0.09064500000000013
0 0.2179050000000001 0.6479600000000001 0.10470000000000006 0.08046000000000005
