0 0.16875242404654164 0.5262249515190691 0.09776341305753054 0.09274725274725273
0 0.3688946347769878 0.27860374919198455 0.09325145442792486 0.09400129282482228
0 0.8909631544925665 0.6030736910148674 0.09023917259211345 0.08934065934065942
0 0.4350840336134454 0.1683968972204267 0.09086619263089862 0.08711053652230123
0 0.8947123464770521 0.14925339366515836 0.08277957336780817 0.08278603749191993
0 0.14713316095669038 0.28251131221719455 0.08723335488041388 0.08347123464770516
0 0.7323723335488042 0.07928571428571428 0.09525533290239147 0.08773755656108599
0 0.5045798319327732 0.08273432449903038 0.08459599224305096 0.08460245636716231
0 0.03822882999353594 0.15963800904977377 0.07645765998707188 0.09656108597285078
0 0.3905268261150614 0.09714608920491279 0.09212023270846813 0.08835811247575957
0 0.47981577246283125 0.27672268907563025 0.09099547511312214 0.08873949579831933
0 0.2307950872656755 0.3629831932773109 0.09775048480930854 0.0996315449256625
0 0.8155817711700064 0.25792501616031027 0.09775694893341935 0.09926308985132508
0 0.24169360051712988 0.21940853264382684 0.0933678086619264 0.09337427278603753
0 0.11698771816418878 0.44751131221719476 0.0820943762120233 0.08209437621202326
0 0.03170329670329675 0.3907983193277311 0.0634065934065935 0.0777052359405301
0 0.7772592113768585 0.6111990950226245 0.10828700711053675 0.10197155785391077
0 0.13971557853910788 0.8016031027795733 0.09475113122171941 0.09114414996767943
0 0.1212184873949579 0.9552973497091145 0.09745959922430511 0.08811247575953449
0 0.6739366515837105 0.6084873949579832 0.10738202973497114 0.09475113122171944
0 0.10765352294764058 0.07690691661279897 0.08209437621202327 0.07895927601809945
0 0.08909179056237883 0.5922882999353587 0.08482870071105367 0.0813057530704588
0 0.21461538461538462 0.8792081447963801 0.09835811247575978 0.09836457659987047
0 0.5683548804137039 0.6102973497091145 0.10738849385908217 0.10377504848093076
0 0.42126373626373637 0.6170620555914674 0.10557853910795081 0.10106658047834516
0 0.02694893341952169 0.6793729799612154 0.05389786683904338 0.09123464770523582
0 0.2150678733031673 0.7267065287653524 0.09565610859728504 0.10197155785391085
0 0.030982546864899846 0.5126244343891404 0.06196509372979969 0.09211376858435677
0 0.6087815126050419 0.07436005171299287 0.08347123464770521 0.08272139625080803
0 0.9366515837104072 0.2609308338720103 0.09475113122171944 0.09625080801551383
1 0.8232417582417582 0.5359987071751778 0.19050420168067236 0.19740142210730446
1 0.7210924369747901 0.5466515837104071 0.19051066580478357 0.21494505494505498
1 0.6158015513897868 0.5385067873303166 0.17549450549450532 0.2099288946347768
1 0.513354880413704 0.537879767291532 0.16857142857142876 0.20742081447963806
1 0.391153846153846 0.5397575953458308 0.1384938590820944 0.20868131868131867
0 0.5472559793148029 0.18844861021331608 0.07332255979314813 0.07833225597931473
0 0.7061635423400129 0.26018099547511314 0.08798319327731083 0.08572721396250801
0 0.5967517776341306 0.2650678733031675 0.09174531351001924 0.09098901098901098
0 0.6606496444731739 0.1761990950226244 0.08340659340659329 0.08403361344537816
0 0.7656173238526182 0.16993212669683258 0.08152553329023904 0.08153199741435042
