0 0.21752095808383234 0.631446107784431 0.09142514970059877 0.08664071856287414
0 0.3759520958083833 0.7422305389221556 0.0880479041916167 0.08567065868263468
0 0.5072934131736527 0.7405359281437126 0.08755688622754483 0.08616167664670671
0 0.5046317365269462 0.6237095808383234 0.09385029940119759 0.09050898203592822
0 0.6591916167664671 0.7444071856287424 0.09820359281437116 0.0948622754491018
0 0.8009311377245509 0.7400508982035929 0.09529940119760495 0.09776646706586829
0 0.7924700598802396 0.6072604790419162 0.09288023952095814 0.09534730538922158
0 0.7864221556886228 0.48777245508982037 0.08659281437125751 0.08180838323353294
1 0.8160209580838323 0.4766317365269461 0.14963473053892215 0.1086766467065868
0 0.9325149700598804 0.6007305389221557 0.09626347305389216 0.09777245508982026
1 0.27581437125748504 0.6113952095808383 0.20705389221556886 0.12771257485029955
0 0.6450419161676646 0.6248353293413174 0.08707784431137738 0.09244910179640732
