1 0.1032513812154696 0.8888011049723756 0.10097790055248616 0.14438674033149168
0 0.8489944751381215 0.9248038674033148 0.09995580110497243 0.09717679558011035
0 0.854085635359116 0.7915303867403315 0.10273480662983406 0.09718232044198884
0 0.8499226519337018 0.6536243093922652 0.09995580110497233 0.0990276243093923
0 0.6948950276243094 0.655475138121547 0.09718232044198902 0.09532596685082866
0 0.6944309392265192 0.7998591160220995 0.09255248618784534 0.09533149171270724
0 0.6911933701657459 0.9095359116022101 0.08977900552486184 0.08885082872928189
0 0.5514364640883979 0.6573259668508287 0.09718232044198902 0.08977900552486193
0 0.5357044198895027 0.7822734806629834 0.0934751381215467 0.09903314917127079
0 0.3940966850828729 0.655939226519337 0.10643646408839788 0.09995580110497243
0 0.3954861878453039 0.7850497237569061 0.11106077348066297 0.10458563535911611
0 0.24786187845303873 0.6540856353591159 0.10828729281767951 0.09440331491712693
0 0.2432375690607735 0.7929143646408839 0.09718232044198902 0.08699999999999992
0 0.24693922651933706 0.9206381215469615 0.09718232044198877 0.09070165745856347
0 0.10024033149171267 0.9215635359116021 0.09070165745856357 0.08885082872928189
0 0.08728729281767957 0.6702845303867404 0.09625414364640872 0.08792817679557997
