1 0.09550881182490052 0.3762535531552018 0.10383172256964204 0.16534394542353606
0 0.5675895395110859 0.03227686185332573 0.08664013644115985 0.06455372370665147
0 0.5685815804434338 0.1654093234792496 0.09787947697555403 0.09325184764070492
0 0.5596560545764638 0.29338828880045476 0.10118817509948826 0.10317225696418425
0 0.4118391131324616 0.28280272882319507 0.0939113132461626 0.08729960204661741
0 0.4082035247299602 0.1482177373507675 0.08664013644115985 0.08531552018192153
0 0.414482660602615 0.03128482092097781 0.08994314951677092 0.06256964184195563
0 0.26402501421262087 0.037566799317794226 0.0839909039226832 0.07513359863558845
0 0.2531125639567937 0.1561540648095509 0.08597498578737922 0.0853155201819215
0 0.2607305287094941 0.30627913587265493 0.08132461625923833 0.08532689027856731
0 0.25410176236498005 0.4223507674815237 0.0892836839113131 0.09391131324616264
0 0.24352188743604325 0.5499943149516772 0.08663445139283706 0.08598067083570206
0 0.4028936895963615 0.5579363274587834 0.07343945423536115 0.07009664582148945
0 0.40456509380329725 0.6852444570778851 0.07936327458783392 0.07606026151222298
0 0.24021603183627058 0.6759863558840251 0.08399090392268321 0.0787038089823764
0 0.23723706651506535 0.8046219442865264 0.0952359295054008 0.09258669698692448
0 0.09934337691870387 0.5493348493462195 0.09457077885162019 0.09258669698692448
0 0.10364411597498589 0.4203695281409891 0.0952359295054008 0.09126776577600908
0 0.1013274587833996 0.16673393973848785 0.09325184764070506 0.08796475270039798
0 0.10397384877771454 0.03889141557703239 0.09986355884025007 0.07778283115406479
