1 0.3715306767868438 0.0664168247944339 0.16760278304870332 0.11905755850727374
1 0.6745319418089816 0.7054079696394687 0.1880771663504108 0.1324478178368118
0 0.584405439595193 0.8588804554079698 0.09565464895635706 0.09688804554079682
1 0.27537950664136623 0.38002530044275773 0.12194180898165712 0.2525363693864641
0 0.4329506641366224 0.7322580645161291 0.09565464895635678 0.09749525616698289
0 0.28823845667299175 0.604405439595193 0.10301707779886146 0.09933586337760926
1 0.06724857685009497 0.7001739405439595 0.10686907020872868 0.39680581910183416
1 0.4153320683111955 0.37649272612270723 0.17580012650221377 0.2578304870335232
0 0.42406072106261866 0.07246679316888041 0.10731182795698917 0.10240354206198615
1 0.4153320683111955 0.37649272612270723 0.17580012650221377 0.2578304870335232
0 0.4283491461100569 0.5955154965211892 0.09749525616698283 0.10240354206198617
0 0.7351075268817203 0.7409013282732446 0.09977862112586965 0.09977862112586973
0 0.2936116382036684 0.8777672359266289 0.08918406072106261 0.09271347248576842
