1 0.28372459560348406 0.6852322687681461 0.13952716715055996 0.17249688925756948
1 0.19968892575694727 0.6906615512235587 0.13711323102447115 0.1680754873496474
1 0.10459145582745752 0.6936768975528826 0.11902115304852763 0.17330153463293235
1 0.035609705516383254 0.7021215263376192 0.07121941103276651 0.17812940688510986
1 0.6713438407299877 0.665126503525508 0.17169639153878072 0.15319784321858138
1 0.5985649108253837 0.668143923683119 0.1676731646619659 0.1560141020323518
1 0.5478556615512236 0.9040460389879718 0.08738282870178353 0.1910783907092493
1 0.6409788469514724 0.9067005391953546 0.09413521360431347 0.18576939029448367
1 0.8250580671920366 0.898015346329324 0.07435503940273779 0.2031397760265449
1 0.5265906262961427 0.6721650767316466 0.15480713396930734 0.16083782662795526
1 0.7618726669431771 0.9030817088345087 0.09457071754458739 0.1930070510161758
1 0.41926379095810856 0.9028390709249273 0.08304023226876812 0.19349232683533807
1 0.3369950228121111 0.9062173372044796 0.07676897552882625 0.1867357942762339
1 0.4505951887183741 0.683826213189548 0.14354624637080046 0.1511862297801742
1 0.3673620904189133 0.680006221484861 0.14355039402737466 0.16606802156781417
