0 0.21648148148148155 0.6648791152263375 0.08727366255144023 0.08527263374485587
0 0.49225565843621394 0.7927932098765432 0.08527263374485587 0.08577160493827167
0 0.07186213991769548 0.7975334362139918 0.09524691358024705 0.09325617283950631
0 0.06961676954732512 0.6691203703703704 0.09674382716049368 0.09175925925925937
0 0.6470216049382717 0.9052752057613169 0.0930658436213994 0.08686728395061712
0 0.21078703703703705 0.9171579218106996 0.08317901234567893 0.080787037037037
0 0.3556147119341564 0.7890534979423869 0.08826646090534987 0.08627572016460901
1 0.7388991769547325 0.6589094650205761 0.17720164609053496 0.10274691358024683
0 0.3500411522633745 0.909020061728395 0.07899176954732534 0.08437757201646079
0 0.0721322016460905 0.9222427983539093 0.0903652263374486 0.0843827160493827
0 0.49625771604938285 0.6738451646090534 0.08525205761316867 0.08728909465020589
0 0.8004681069958849 0.6725977366255144 0.09048353909465039 0.0827263374485597
0 0.5008436213991769 0.9227803497942386 0.0969444444444445 0.08796810699588495
0 0.2164789094650206 0.7972813786008232 0.09026234567901248 0.08178497942386823
0 0.36110339506172845 0.6673739711934157 0.09126028806584358 0.09026234567901217
