0 0.5999870717517777 0.18425016160310273 0.09475113122171953 0.0939431157078217
0 0.8690174531351001 0.08502908855850029 0.0819650937297996 0.08046541693600519
0 0.7528345184227538 0.09931803490627018 0.0782094376212023 0.07745959922430505
0 0.6528183581124757 0.0763833225597932 0.0812152553329024 0.08272139625080803
0 0.540775694893342 0.09518422753716871 0.09023917259211382 0.09325145442792515
1 0.907792501616031 0.05158371040723979 0.14402714932126695 0.10316742081447958
1 0.8043762120232709 0.06295410471881059 0.14943762120232726 0.12590820943762118
0 0.9355720749838397 0.18782805429864258 0.09475113122171944 0.08873949579831933
1 0.7090853264382675 0.053209437621202366 0.15593406593406592 0.10641887524240473
0 0.8257789269553976 0.18782805429864255 0.08873949579831943 0.08121525533290246
1 0.5948416289592761 0.060788623141564295 0.1656755009696185 0.12157724628312859
0 0.713354880413704 0.19008403361344542 0.08647705235940513 0.07971557853910786
1 0.9521978021978023 0.1193212669683258 0.09431157078215915 0.19401422107304467
0 0.48222042663219133 0.18294117647058822 0.10648351648351656 0.10558500323206217
