0 0.08477047146401992 0.20151985111662532 0.12251861042183623 0.10936724565756818
0 0.08024193548387107 0.0538771712158809 0.11234491315136473 0.10750620347394539
0 0.40015508684863543 0.04742555831265512 0.1113523573200993 0.09485111662531023
0 0.5518889578163773 0.18373759305210915 0.12387717121588072 0.1131327543424317
0 0.7224100496277917 0.20293734491315138 0.11163151364764258 0.10950992555831278
0 0.5476426799007443 0.04748759305210915 0.10632754342431776 0.0949751861042183
1 0.07705955334987595 0.5114640198511167 0.1541191066997519 0.2873200992555831
0 0.251985111662531 0.05174937965260543 0.09877171215880881 0.08978908188585609
1 0.46926178660049633 0.17924937965260548 0.25676178660049637 0.12214640198511173
0 0.7034088089330025 0.06812034739454091 0.09876550868486361 0.10026054590570714
