1 0.7726838966202783 0.7381650099403579 0.0825526838966203 0.30034592445328023
1 0.63279324055666 0.7423439363817098 0.09829423459244527 0.31255268389662033
1 0.5028588469184891 0.7614552683896619 0.09797216699801198 0.3212246520874751
1 0.3517216699801193 0.7902127236580516 0.1027912524850894 0.3022544731610336
1 0.22259045725646123 0.7763936381709742 0.10728827037773363 0.32604373757455274
1 0.3317554671968191 0.43830417495029816 0.10499801192842939 0.18918886679920474
1 0.4402266401590457 0.43483300198807157 0.09343936381709753 0.1896500994035785
1 0.5461530815109343 0.42951491053677937 0.079558648111332 0.1873399602385685
1 0.6502286282306163 0.42627634194831016 0.0860397614314114 0.18363817097415502
1 0.7522226640159047 0.4186441351888668 0.09112524850894628 0.18594831013916502
1 0.8498230616302186 0.41679522862823065 0.10407554671968185 0.17576938369781314
1 0.9423359840954276 0.412168986083499 0.10870377733598396 0.16836978131212713
