0 0.463921568627451 0.045381263616557754 0.09187363834422649 0.09076252723311551
0 0.4637799564270153 0.1589978213507625 0.0966666666666665 0.09491285403050108
0 0.7455555555555556 0.29940087145969496 0.1011655773420479 0.1072004357298475
0 0.6004847494553376 0.28543300653594766 0.09955337690631821 0.09612745098039215
1 0.39519063180827896 0.28812636165577343 0.2024074074074073 0.09063180827886717
1 0.3960702614379084 0.16558823529411765 0.1944934640522876 0.09020697167755984
1 0.3967293028322441 0.05448257080610026 0.19756535947712417 0.08976034858387796
0 0.4587554466230937 0.2947957516339869 0.09306644880174289 0.09100762527233108
0 0.60364651416122 0.056514161220043574 0.09276143790849672 0.08553376906318082
0 0.7336029411764705 0.18181372549019606 0.08671568627450985 0.0880283224400871
0 0.7311819172113291 0.05828159041394335 0.09687363834422638 0.08637799564270147
0 0.6006672113289762 0.16723311546840966 0.09044117647058834 0.08481481481481486
