0 0.7955839646464644 0.7413920454545454 0.09958964646464642 0.09958964646464642
0 0.35492424242424225 0.8779987373737373 0.08901515151515152 0.09253787878787877
1 0.4764141414141414 0.3776736111111112 0.17546717171717177 0.2573421717171718
1 0.03526199494949496 0.7304640151515152 0.07052398989898992 0.36839015151515153
0 0.6451672979797981 0.8591477272727273 0.09547348484848524 0.0967045454545453
0 0.48940656565656565 0.5962815656565656 0.0973106060606059 0.102209595959596
0 0.4939993686868688 0.7327651515151515 0.09547348484848488 0.0973106060606061
0 0.4851262626262627 0.0742234848484848 0.1071085858585858 0.10220959595959601
1 0.43269570707070715 0.06818497474747474 0.1672853535353535 0.11883207070707058
1 0.33672664141414144 0.38119949494949484 0.12171085858585852 0.2520580808080806
1 0.4764141414141414 0.3776736111111112 0.17546717171717177 0.2573421717171718
1 0.1303188131313131 0.7025063131313133 0.11107954545454564 0.3995833333333331
1 0.7351231060606059 0.7059659090909092 0.18772095959595927 0.13219696969696942
0 0.34956123737373734 0.6051546717171717 0.10282196969696962 0.09914772727272751
