0 0.3752643051771118 0.042697547683923726 0.10565667574931885 0.08539509536784745
0 0.5177901907356949 0.2891444141689374 0.1027629427792915 0.10670299727520433
0 0.5233106267029972 0.1625858310626703 0.108408719346049 0.1077983651226158
0 0.9447574931880108 0.16303542234332422 0.09627247956403251 0.08788010899182562
0 0.9410844686648502 0.046528610354223426 0.0889264305177112 0.0904850136239783
0 0.5120108991825613 0.04561307901907359 0.10620163487738422 0.09122615803814718
0 0.9479264305177111 0.29658038147138965 0.09944959128065409 0.1004632152588557
1 0.8775476839237056 0.047907356948228924 0.17592370572207092 0.077133514986376
1 0.8823024523160762 0.16545776566757492 0.18543324250681192 0.09879564032697545
1 0.8841525885558582 0.28326975476839233 0.19230517711171666 0.10619073569482293
