0 0.4401262886597938 0.14174742268041235 0.09902577319587635 0.09957731958762885
0 0.9568067010309278 0.16695876288659794 0.08535567010309296 0.08350515463917524
0 0.3015953608247423 0.25140463917525774 0.09454123711340223 0.08909793814432991
0 0.3075541237113402 0.13253865979381443 0.10252061855670096 0.09208762886597939
0 0.4406185567010309 0.9493324742268042 0.12206185567010291 0.10030412371134027
0 0.4378917525773196 0.8438067010309277 0.11957731958762889 0.10609793814432986
0 0.4356417525773196 0.7316907216494846 0.11005670103092792 0.10156701030927834
0 0.43587886597938147 0.6125463917525773 0.11454123711340214 0.10707216494845362
0 0.4406443298969072 0.4979381443298969 0.11407216494845376 0.11360824742268044
0 0.436639175257732 0.3747603092783505 0.09610309278350522 0.09508762886597939
0 0.44409536082474227 0.2486855670103093 0.1040773195876288 0.09561855670103096
