1 0.05558581928231732 0.6107068741893645 0.09632511889321217 0.3461954172070904
1 0.8667552961521833 0.5897016861219196 0.12239948119325551 0.3331603977518375
0 0.3902615650670126 0.1501902291396455 0.10159533073929979 0.08499783830523133
1 0.3869347168179853 0.6034651967142239 0.10284479031560755 0.3346087332468655
0 0.49336792044963246 0.14491137051448336 0.09556420233463046 0.08147859922178989
1 0.7353004755728492 0.5929615218331171 0.11443147427583246 0.33533073929961077
1 0.2757587548638132 0.6088953739731949 0.09777777777777773 0.3425724167747514
1 0.5060722006052746 0.5987570255079983 0.10356679636835275 0.3396757457846953
1 0.16748162559446608 0.6288110678772157 0.10718979680069167 0.3056376999567661
1 0.6183333333333334 0.5944098573281453 0.11081279723303065 0.34257674016428885
0 0.38297016861219196 0.0619217466493731 0.09304798962386533 0.07745352356247297
0 0.48456766104626026 0.05840250756593169 0.09707306528318214 0.07946822308690013
0 0.5854107220060527 0.05865326415910074 0.09555987894509309 0.07896670990056204
