0 0.9138235294117649 0.8278035617916891 0.09260118726389652 0.09051268213707506
0 0.7678548300053967 0.8364355099838101 0.09469508904479235 0.08580140313005931
0 0.17169724770642206 0.8332973556395035 0.10777657852131692 0.1004533189422558
0 0.3166135995682677 0.8332973556395035 0.103588774959525 0.10881813275769038
0 0.46834052887209915 0.837220723151646 0.10672962763086892 0.10934700485698874
0 0.9079762547220722 0.9536616297895304 0.08287101996762022 0.08852131678359423
0 0.6161359956826767 0.8366999460334592 0.09992444684295745 0.09783594171613608
0 0.31452239611440913 0.6993631948192122 0.11300593631948198 0.08684295736643277
0 0.039023205612520206 0.7059012412304371 0.07804641122504041 0.09574203993524034
0 0.6164193200215865 0.9613653534808418 0.09480302212628179 0.07618996222342164
0 0.7618834322719913 0.9596411225040474 0.08726389638424159 0.0796384241770103
0 0.041637884511602795 0.957447382622774 0.08327576902320559 0.0840259039395574
0 0.9195817593092283 0.700148407987048 0.09574203993524016 0.09469508904479207
0 0.767857528332434 0.6975310307609283 0.09155963302752297 0.08946033459255251
0 0.613780356179169 0.7019805720453318 0.10149487317862908 0.09626551538046425
0 0.46336751214247174 0.7030248246087425 0.1051592012951971 0.09940097139773355
0 0.46850512682137085 0.9559983810037777 0.10045331894225572 0.08692390717754998
0 0.040593631948192134 0.8322504047490555 0.08118726389638427 0.09626551538046407
