0 0.9365907941325238 0.9073773394031361 0.09532625189681361 0.08649974709155285
0 0.6569752149721801 0.6537809812847749 0.0858168942842691 0.08384926656550322
0 0.0982068791097623 0.7810318664643399 0.1010166919575115 0.09415275670207401
0 0.7991831057157309 0.6562341932220537 0.08973697521497205 0.08875569044006056
0 0.6569726858877086 0.783973191704603 0.08875569044006074 0.08041982802225593
0 0.37158320687910984 0.6589301972685887 0.09856348002023275 0.09316641375821963
0 0.09624430955993929 0.6594208396560446 0.1019979767324228 0.08630753667172494
0 0.7883055134041477 0.8938467374810317 0.07767324228629248 0.08296914516944878
0 0.37639858371269613 0.9029640870005059 0.09415275670207382 0.09532625189681342
0 0.5125619625695498 0.6579514415781487 0.09512898330804236 0.09022761760242809
0 0.2320738492665656 0.65549822964087 0.10591805766312602 0.08139605462822455
0 0.6513758219524532 0.9018487607486092 0.08179059180576612 0.07943854324734433
0 0.5147698533131007 0.7842210419828022 0.09365705614567538 0.09169954476479515
0 0.23403388973191702 0.7810318664643399 0.09709155285786536 0.1019929185634801
1 0.10190945877592308 0.9575341426403642 0.0983763277693474 0.08392008093070302
0 0.9320814365199798 0.6625973697521497 0.083829033889732 0.08583206879109773
0 0.9281461810824482 0.7795599393019726 0.08384926656550312 0.08433990895295906
0 0.7937860394537178 0.775882650480526 0.08679312089023783 0.08483560950935769
0 0.5150354071825999 0.9068487607486089 0.08885685381891761 0.08297420333839138
0 0.3762443095599392 0.7847091552857866 0.10003540718259997 0.10248861911987872
