1 0.4005447470817121 0.3607230869001298 0.18024643320363162 0.26435149156939053
1 0.05223735408560309 0.7107944228274966 0.10447470817120617 0.383715953307393
0 0.5738942931258106 0.8553112840466927 0.09807392996108973 0.09933852140077794
0 0.2702367055771725 0.5944001297016861 0.1056225680933852 0.10184824902723748
0 0.421151102464332 0.8628631647211414 0.11075875486381326 0.10887808041504524
0 0.4138910505836576 0.5852853437094683 0.09996108949416332 0.10499351491569404
0 0.40949416342412454 0.05075226977950713 0.1100259403372243 0.10150453955901426
0 0.5673573281452661 0.049623865110246426 0.09423476005188096 0.09053177691309981
0 0.2757457846952009 0.8746757457846952 0.09143968871595326 0.0950583657587547
1 0.35563553826199745 0.05191958495460438 0.17184176394293124 0.10383916990920876
1 0.6663002594033722 0.6979571984435797 0.19283398184176362 0.13579766536964952
1 0.2570525291828794 0.3643450064850842 0.12502594033722433 0.25892347600518795
1 0.4005447470817121 0.3607230869001298 0.18024643320363162 0.26435149156939053
0 0.7284079118028534 0.7343482490272373 0.10230220492866406 0.10230220492866406
0 0.41860894941634247 0.7254863813229572 0.09807392996108953 0.09996108949416342
0 0.27284370946822306 0.7380252918287936 0.11075875486381326 0.103249027237354
