0 0.5091755184623166 0.9073773394031361 0.09532625189681342 0.08649974709155285
0 0.2295599393019728 0.6537809812847749 0.08581689428426903 0.08384926656550322
0 0.3717678300455236 0.6562341932220537 0.0897369752149721 0.08875569044006056
0 0.2295574102175013 0.783973191704603 0.08875569044006086 0.08041982802225593
0 0.3608902377339403 0.8938467374810317 0.07767324228629262 0.08296914516944878
0 0.08514668689934245 0.6579514415781487 0.09512898330804234 0.09022761760242809
0 0.22396054628224585 0.9018487607486092 0.08179059180576626 0.07943854324734433
0 0.08735457764289328 0.7842210419828022 0.09365705614567542 0.09169954476479515
0 0.5046661608497726 0.6625973697521497 0.0838290338897319 0.08583206879109773
0 0.5007309054122407 0.7795599393019726 0.08384926656550322 0.08433990895295906
0 0.3663707637835104 0.775882650480526 0.08679312089023777 0.08483560950935769
0 0.08762013151239247 0.9068487607486089 0.08885685381891759 0.08297420333839138
