1 0.48022140221402204 0.15596248462484627 0.13055350553505551 0.1750615006150062
0 0.1330719557195572 0.04682964329643295 0.12162976629766323 0.0936592865928659
0 0.30685116851168515 0.20577490774907745 0.11984009840098382 0.10731857318573187
0 0.13512607626076256 0.1807810578105781 0.12579950799507977 0.10970479704797054
0 0.3020971709717097 0.3494618696186963 0.11984009840098382 0.11327798277982788
0 0.12499692496924962 0.7615129151291513 0.10314268142681426 0.1037392373923739
0 0.1339421894218942 0.3262330873308733 0.12222632226322251 0.12162976629766313
0 0.294040590405904 0.7632872078720787 0.11209102091020892 0.11447109471094728
0 0.13450184501845022 0.6189852398523985 0.1150676506765067 0.11089790897908984
0 0.47977859778597787 0.18316728167281676 0.12580565805658056 0.12162361623616232
0 0.3071648216482165 0.05130996309963096 0.12878228782287832 0.10261992619926193
1 0.1384440344403445 0.5515375153751539 0.11590405904059044 0.2060270602706027
1 0.29886223862238626 0.6972601476014759 0.12650676506765088 0.22075645756457551
