0 0.14764999999999998 0.9731749999999999 0.08983333333333322 0.052538888888888864
0 0.45163611111111107 0.8562166666666667 0.0920944444444444 0.09263333333333339
0 0.3040638888888889 0.8521777777777778 0.09532777777777783 0.09317777777777789
0 0.29804444444444445 0.9678111111111111 0.08531111111111138 0.0632666666666667
0 0.7845055555555556 0.7264055555555555 0.09772222222222252 0.08934444444444455
0 0.15380000000000008 0.7180694444444445 0.09425555555555548 0.0920944444444444
1 0.718011111111111 0.7116222222222222 0.1913777777777777 0.11096666666666659
0 0.3099916666666667 0.7207638888888889 0.09856111111111103 0.0974833333333331
0 0.6187833333333334 0.9651166666666668 0.1005111111111114 0.0686555555555554
0 0.15379722222222225 0.861063888888889 0.09748333333333348 0.08832777777777769
0 0.45595833333333335 0.7277527777777778 0.09207222222222222 0.09427222222222233
