1 0.5301313197636245 0.14182862770847013 0.17398555482600125 0.12359159553512793
1 0.844671700590939 0.8051543007222587 0.19523965856861417 0.13749179251477328
1 0.43031845042678923 0.4673801707156926 0.12658568614576488 0.2621536441234404
0 0.5964642153644123 0.9581713722915299 0.1121405121470781 0.08234405778069599
0 0.4272455679579776 0.0323079448456993 0.10173998686802381 0.0646158896913986
0 0.5891135915955351 0.6910768220617204 0.10120814182534457 0.10630334865397251
0 0.44630663164806306 0.8457222586999342 0.11214051214707814 0.10453709783322389
0 0.44366710439921203 0.7003053184504268 0.1069402495075509 0.1031188443860802
1 0.5756007879185818 0.46371306631648074 0.18249507550886426 0.26764937623112295
0 0.4492449113591594 0.9676493762311228 0.09258043335522 0.06338804990151016
0 0.7444944189100462 0.14873276428102428 0.09541037426132656 0.09166119500984894
0 0.58026920551543 0.030446487196323046 0.09082074852265255 0.06089297439264609
0 0.5846618516086671 0.14810899540380823 0.11139855548260008 0.10630334865397247
1 0.7211129349967171 0.4672849638870651 0.18791201575837202 0.25940249507550883
0 0.751112934996717 0.956762967826658 0.09929743926460959 0.08516086671043978
1 0.5756007879185818 0.46371306631648074 0.18249507550886426 0.26764937623112295
0 0.5938903479973737 0.833026920551543 0.0992974392646094 0.10120814182534466
0 0.9075541694024949 0.8419993434011819 0.1035784635587657 0.1035784635587656
