1 0.275902278177458 0.6106474820143883 0.21277577937649877 0.1325179856115107
1 0.8184562350119905 0.47987709832134295 0.14361510791366905 0.11973021582733807
0 0.2137410071942446 0.6365107913669065 0.08718225419664269 0.07962829736211029
0 0.5046342925659473 0.6269184652278178 0.09008393285371709 0.08601918465227813
0 0.7827428057553957 0.4970203836930456 0.08369904076738624 0.07613908872901672
0 0.9274340527577936 0.6219814148681054 0.09653477218225416 0.09008992805755389
0 0.7783573141486811 0.6245953237410072 0.09363309352517998 0.09299160671462826
0 0.6382853717026379 0.6382553956834532 0.09712230215827336 0.09124700239808167
0 0.7827158273381295 0.7533333333333333 0.1035131894484412 0.09706235011990412
0 0.6435161870503597 0.7614718225419664 0.102931654676259 0.10403477218225426
0 0.49385491606714627 0.7539148681055154 0.10816546762589944 0.09822541966426872
0 0.35930455635491604 0.7574010791366907 0.10874100719424461 0.10287170263788976
