0 0.49573892893923793 0.6745391349124613 0.08533985581874354 0.08737899073120509
0 0.21567456230690019 0.6655638516992791 0.08736354273944381 0.08536045314109156
0 0.4917327497425334 0.7936096807415035 0.08536045314109156 0.08585993820803299
0 0.06865859938208035 0.6698094747682801 0.09684346035015434 0.09185375901132868
0 0.2099742533470649 0.9181024716786819 0.08326467559217296 0.08087023686920695
0 0.3549510813594233 0.7898661174047374 0.0883573635427395 0.08636457260556132
0 0.3604454170957776 0.6680612770339857 0.09135427394438715 0.0903553038105044
0 0.5003295571575694 0.9237306900102988 0.09704428424304845 0.08805870236869215
0 0.21567198764160658 0.7981024716786818 0.09035530381050477 0.08186920700308953
0 0.07117662203913487 0.9231925849639547 0.09045829042224515 0.08446961894953656
0 0.07090628218331618 0.7983547888774459 0.09534500514933074 0.09335221421215248
0 0.3493717816683831 0.9099562306900102 0.07907312049433594 0.08446446961894956
