0 0.5532456140350877 0.17427225471085117 0.09259909031838844 0.08693307342430148
0 0.8111500974658868 0.2621474983755685 0.0907082521117608 0.08889538661468482
0 0.2583398310591292 0.7812995451591942 0.08768680961663422 0.08163742690058484
0 0.33543859649122815 0.6985315139701104 0.08617283950617291 0.08239116309291761
0 0.71998375568551 0.8567446393762183 0.08435997400909674 0.07710201429499701
0 0.2541812865497077 0.6380571799870045 0.08994801819363231 0.08239116309291741
0 0.5690155945419102 0.8678525016244314 0.08919428200129954 0.08693307342430155
0 0.4306887589343729 0.8686094866796621 0.09524366471734892 0.0959974009096814
1 0.9498473034437948 0.3702209226770632 0.09900584795321633 0.1893957115009747
0 0.5644834307992204 0.6947498375568552 0.0952436647173492 0.09448992852501607
0 0.8780311890838206 0.6989831059129304 0.09146198830409384 0.08768680961663412
0 0.7154515919428199 0.7146003898635477 0.08254710851202073 0.08163742690058502
0 0.6529207277452892 0.6259649122807017 0.09675763482781055 0.09599740090968167
0 0.8002469135802468 0.7653508771929826 0.0854191033138402 0.08390513320337885
0 0.09294671864847301 0.19116634178037692 0.08390513320337875 0.08164392462638069
0 0.33056530214424945 0.18970435347628326 0.09448992852501611 0.08629629629629629
0 0.8074171539961014 0.09616309291747889 0.08819363222871984 0.07936972059779068
0 0.2376250812215724 0.12313515269655619 0.08465886939571143 0.0786159844054581
0 0.7220630279402209 0.17175113710201434 0.09007797270955165 0.085672514619883
0 0.7905003248862897 0.6191617933723197 0.09524366471734902 0.09448992852501625
1 0.8990383365821962 0.447287199480182 0.12800519818063683 0.1972384665367123
0 0.732956465237167 0.031429499675113715 0.08799220272904482 0.06285899935022743
0 0.6382813515269656 0.7849805068226121 0.09259909031838871 0.09133853151396985
1 0.45584145549057825 0.05687459389213773 0.11755685510071484 0.11374918778427547
0 0.45148797920727735 0.5959519168291098 0.08979857050032501 0.08708252111760893
1 0.10864522417153999 0.11784275503573752 0.08346328784925279 0.2015724496426251
1 0.7211046133853151 0.12192657569850551 0.10734243014944776 0.15647173489278748
0 0.8900682261208575 0.17279727095516567 0.08889538661468496 0.09343079922027289
0 0.36899285250162434 0.4974204028589993 0.08818713450292383 0.09322936972059777
0 0.2832846003898636 0.4378947368421053 0.09297595841455486 0.0914619883040938
0 0.37390513320337876 0.37521767381416504 0.09637426900584788 0.0881871345029242
0 0.9082683560753736 0.5105230669265758 0.09638076673164389 0.09574398960363872
0 0.45502599090318385 0.4373976608187134 0.09525016244314503 0.08798570500324913
0 0.444087069525666 0.2985737491877842 0.08708252111760884 0.08272254710851197
0 0.8114554905782975 0.44443469785575046 0.08599090318388569 0.07619883040935671
0 0.24080246913580242 0.27694931773879145 0.09259909031838855 0.08945419103313833
0 0.6430084470435347 0.10245938921377515 0.08818713450292393 0.08693307342430148
1 0.24394736842105258 0.07459389213775175 0.09887589343729698 0.1491877842755035
0 0.4492235217673814 0.09156595191682908 0.08889538661468514 0.09079922027290448
0 0.5421994801819363 0.500711500974659 0.08798570500324908 0.08526965562053282
0 0.9723749187784275 0.5990838206627681 0.05395061728395084 0.0917089018843404
0 0.6374431448992852 0.2530799220272904 0.0879857050032488 0.08888888888888888
0 0.6044574398960364 0.44088693957115016 0.08818713450292383 0.08510071474983776
0 0.5225276153346328 0.367972709551657 0.0876803118908382 0.0907082521117608
0 0.721348278102664 0.3469590643274854 0.08889538661468487 0.08617283950617305
