0 0.7789173126614989 0.3223875968992248 0.08830490956072352 0.08934366925064594
1 0.6858320413436692 0.3217571059431525 0.27358656330749354 0.10987080103359184
0 0.9430620155038759 0.47510594315245475 0.08207235142118843 0.07895607235142103
0 0.9113746770025841 0.312 0.09142118863049065 0.09142118863049102
0 0.798656330749354 0.49484496124031024 0.11324031007751931 0.09558139534883708
1 0.6901395348837209 0.18185529715762275 0.2908217054263564 0.105312661498708
1 0.7343023255813953 0.8075400516795866 0.31020671834625313 0.34037209302325566
0 0.9311162790697675 0.16811627906976748 0.08518863049095621 0.08207235142118857
0 0.7971007751937986 0.16863565891472873 0.08518863049095611 0.07895607235142117
1 0.6922919896640827 0.4704005167958656 0.30805684754521967 0.15725581395348834
