0 0.044386126457949635 0.22280540208717 0.07521792510742786 0.08022099447513814
0 0.37619705340699816 0.6014119091467156 0.0991835481890732 0.09819521178637212
0 0.37173419275629227 0.13349907918968695 0.10117249846531613 0.10464088397790057
0 0.6231706568446901 0.36187845303867405 0.10910374462860647 0.09918968692449344
0 0.8701442602823818 0.6051350521792511 0.1001780233271947 0.09769797421731123
0 0.8800644567219152 0.10944751381215466 0.10117249846531631 0.09918968692449352
1 0.049158993247391064 0.16708103130755061 0.07969306322897479 0.19110497237569057
1 0.386378146101903 0.5372928176795579 0.12169429097605909 0.2219521178637203
1 0.37652240638428486 0.09809392265193374 0.10883364027010432 0.17482504604051563
1 0.625902394106814 0.32219459791283 0.11397790055248604 0.182535297728668
1 0.8611418047882136 0.5557182320441988 0.12511970534069994 0.20567833026396573
1 0.8709975445058319 0.08246777163904237 0.1293984039287907 0.16493554327808474
