1 0.6315132408575032 0.7383543505674653 0.11712484237074418 0.4098738965952081
1 0.45792559899117274 0.7559142496847415 0.10646910466582575 0.41219419924337936
1 0.24500945775535934 0.7556967213114754 0.11414249684741481 0.40609709962168977
1 0.7209489281210594 0.7562421185372005 0.09946406052963434 0.40577553593947036
1 0.9695239596469103 0.7562452711223203 0.05969104665825984 0.36880832282471615
1 0.18824401008827232 0.7392181588902901 0.08265447667087004 0.4080706179066832
1 0.5325851197982345 0.733798865069357 0.08361916771752828 0.4401071878940731
1 0.3970334174022698 0.762405422446406 0.0677742749054226 0.37584489281210576
1 0.8974148802017655 0.7420018915510719 0.11160151324085744 0.40897225725094577
1 0.32177490542244636 0.7404003783102143 0.0862610340479191 0.3952143757881464
1 0.7859962168978564 0.7469010088272384 0.08914249684741493 0.4045586380832283
