0 0.47298527091004733 0.1774829037348764 0.09758548132561816 0.0834245134139926
0 0.6233245660178852 0.752695949500263 0.10863755917937916 0.09691215149921097
0 0.6112335612835349 0.3985665439242504 0.09199894792214598 0.08508679642293533
1 0.4209626512361915 0.75 0.18784850078905868 0.08001052077853774
0 0.737101525512888 0.8711651762230405 0.08375591793792751 0.0850236717517096
0 0.6098053655970542 0.1772593371909521 0.10280904786954237 0.093035244608101
0 0.72907417148869 0.18671225670699632 0.08414518674381895 0.0743713834823777
0 0.48763808521830615 0.7418227248816412 0.11004734350341917 0.10184639663335074
0 0.48574434508153586 0.3972830089426618 0.10331404523934778 0.09177801157285642
1 0.422225144660705 0.9668069437138346 0.1865860073645448 0.06533403471856926
0 0.4880142030510257 0.6360494476591267 0.11413466596528128 0.10250394529195156
0 0.7441951604418728 0.4158705944239873 0.11239873750657559 0.09611783271962115
1 0.40238032614413477 0.5318700683850606 0.21028406102051553 0.07478695423461343
1 0.42133087848500794 0.8573382430299844 0.1897422409258287 0.0903734876380852
0 0.73451604418727 0.5360047343503419 0.08375065754865864 0.07918463966333515
0 0.6119989479221463 0.2870594423987375 0.09720147290899543 0.09416096791162551
0 0.4914176749079432 0.9650631246712257 0.11392425039452903 0.06882167280378731
0 0.47763282482903735 0.28253813782219883 0.10912151499210915 0.08627564439768547
0 0.49138611257233034 0.8562782745923199 0.11138874276696467 0.09351394003156231
0 0.7413019463440292 0.7616806943713835 0.09677538137822202 0.0878958442924777
0 0.47961073119410835 0.5204024197790635 0.10243029984218815 0.09656496580746966
0 0.7408179905312994 0.6524513413992636 0.10289847448711233 0.09372961599158336
0 0.736180957390847 0.301964755391899 0.09954760652288314 0.08928458705944242
0 0.6178116780641768 0.5183798001052078 0.09679116254602838 0.09170962651236181
0 0.6238479747501313 0.9636244082062074 0.10517096265123609 0.0716991057338241
1 0.41880589163598114 0.6429247764334561 0.1897422409258284 0.08122041031036298
0 0.6182272488164124 0.8565255128879535 0.10252498684902661 0.0922198842714361
0 0.62035244608101 0.630118358758548 0.10921620199894817 0.09074697527617044
