0 0.18833948339483395 0.27789667896678966 0.08671586715867158 0.0815621156211563
0 0.20792435424354244 0.5318911439114391 0.09015375153751537 0.0789852398523986
0 0.21908671586715867 0.6512300123001229 0.0884317343173432 0.08585485854858539
0 0.4809471094710948 0.40181734317343176 0.08156211562115616 0.07469249692496914
0 0.20363161131611318 0.3979520295202952 0.086709717097171 0.0772693726937269
0 0.764338868388684 0.440639606396064 0.09945264452644531 0.08728167281672816
0 0.5097047970479704 0.6666851168511685 0.08242312423124226 0.07726937269372676
0 0.5015467404674047 0.8019034440344404 0.09186346863468636 0.08843173431734314
0 0.353019680196802 0.8019034440344402 0.0832841328413284 0.0798462484624846
0 0.3478659286592866 0.6821371463714637 0.09530135301353011 0.09100246002460008
0 0.3328413284132841 0.41083333333333344 0.09959409594095939 0.0858610086100862
0 0.6303321033210332 0.6890036900369004 0.09530135301353011 0.09100861008610099
1 0.6909717097170972 0.2563068880688807 0.2147109471094709 0.1380873308733087
1 0.5367958179581797 0.2520202952029521 0.2361746617466174 0.15597170971709723
0 0.6363407134071342 0.8173585485854858 0.09530135301353021 0.09186346863468627
0 0.9210516605166054 0.702881303813038 0.0910086100861007 0.09186346863468654
0 0.22166359163591637 0.7877367773677735 0.10560270602706026 0.09959409594095943
0 0.921860393603936 0.5818234932349324 0.09701722017220167 0.09701722017220167
0 0.9138806888068881 0.45544280442804425 0.09873308733087334 0.09100861008610084
0 0.9170756457564577 0.31487699876998765 0.09444649446494474 0.08671586715867148
0 0.6019218942189423 0.03190651906519065 0.08757072570725723 0.0638130381303813
0 0.618490159901599 0.2981980319803198 0.08929274292742914 0.08585485854858557
1 0.940150676506765 0.2727367773677737 0.11846863468634682 0.14881918819188195
0 0.45664821648216486 0.296909594095941 0.09014760147601475 0.08843173431734319
0 0.791309963099631 0.8237976629766299 0.0892865928659288 0.08757072570725695
0 0.781509840098401 0.6924846248462485 0.09658671586715858 0.08585485854858567
0 0.6226045510455104 0.41898831488314886 0.09701722017220177 0.08843173431734314
1 0.8354920049200493 0.27059348093480934 0.2190036900369003 0.14881303813038121
0 0.756110086100861 0.3004059040590406 0.09730012300123002 0.09014760147601471
0 0.5032656826568265 0.5331765067650677 0.07813038130381304 0.07469249692496947
0 0.781150061500615 0.5608364083640837 0.09444034440344411 0.0844280442804427
0 0.638059655596556 0.5327460024600247 0.09186346863468646 0.08070725707257079
0 0.3521617466174662 0.5181519065190653 0.09186346863468631 0.08757072570725705
