0 0.7035727272727272 0.08958181818181815 0.09649090909090917 0.09795151515151508
0 0.7291575757575759 0.2248151515151515 0.09503030303030305 0.09649090909090913
0 0.40466060606060594 0.06306363636363634 0.09998787878787885 0.09121818181818181
1 0.47481818181818186 0.19551515151515153 0.25436363636363657 0.11406060606060607
0 0.09652727272727273 0.07568484848484848 0.09923636363636351 0.094521212121212
0 0.5590272727272727 0.20517272727272726 0.11405454545454524 0.10525454545454532
0 0.5583636363636365 0.06951515151515156 0.11090909090909092 0.0996363636363637
0 0.2625454545454546 0.07358787878787876 0.0964969696969696 0.08772121212121213
0 0.26079090909090913 0.2218363636363636 0.10000606060606049 0.09999999999999999
0 0.10971818181818173 0.22518181818181815 0.08812727272727265 0.08578181818181815
1 0.08346666666666668 0.5227151515151515 0.16693333333333335 0.2807030303030302
