1 0.13122803163444638 0.677311072056239 0.09865114235500887 0.35728471001757467
1 0.24597978910369064 0.6814015817223199 0.10120386643233753 0.3286555360281194
1 0.34590509666080843 0.6512456063268893 0.08842706502636195 0.31639279437609846
1 0.4097956942003515 0.6320760105448155 0.08126977152899811 0.3046353251318103
1 0.4913137082601054 0.6307996485061511 0.07770650263620373 0.31843585237258354
1 0.5713159050966607 0.6325878734622145 0.08740333919156432 0.3128119507908612
1 0.7295101054481546 0.6192970123022847 0.10018014059753944 0.2995254833040422
1 0.8580623901581723 0.6146990333919157 0.09762741652021097 0.3046353251318102
1 0.9227196836555361 0.6031985940246045 0.0736028119507906 0.30821616871704743
1 0.06339411247803156 0.35131810193321616 0.12139279437609837 0.18635325131810196
1 0.15905316344463963 0.3442201230228471 0.12459138840070301 0.18706063268892797
1 0.2618123901581722 0.34155755711775043 0.1483699472759227 0.18173550087873463
1 0.4382271528998242 0.3291322495606327 0.15475834797891042 0.17889718804920918
1 0.6105557996485061 0.3202592267135325 0.16150702987697726 0.1710896309314586
1 0.6898879613356766 0.317420913884007 0.17322056239015815 0.16682776801405982
1 0.7656700351493848 0.3145804042179262 0.17712214411247795 0.16185852372583484
