0 0.4403784987277353 0.21125318066157767 0.08954834605597964 0.08732824427480915
1 0.7201844783715012 0.1402099236641221 0.16428753180661582 0.17169211195928744
1 0.6047423664122138 0.1305884223918575 0.1790903307888043 0.19093511450381667
1 0.32833651399491093 0.15131043256997456 0.08066793893129799 0.17613231552162842
1 0.5018765903307888 0.13947201017811703 0.15540712468193366 0.17316793893129756
1 0.39901081424936374 0.14575699745547074 0.1391284987277353 0.1813104325699747
0 0.33122137404580154 0.21310432569974558 0.09176844783714994 0.09250636132315529
0 0.13885496183206106 0.462029262086514 0.08376590330788794 0.08119592875318082
0 0.8899491094147581 0.1957124681933842 0.09324427480916017 0.09472010178117041
0 0.055868320610687056 0.5218002544529261 0.08347964376590332 0.08001272264631029
1 0.10000636132315523 0.38970737913486 0.13853689567430008 0.2014122137404579
1 0.042242366412213725 0.45359732824427484 0.08448473282442745 0.20299618320610704
0 0.7708047073791349 0.19275445292620863 0.09620229007633563 0.09768447837150122
0 0.6631265903307888 0.19497455470737912 0.08658396946564875 0.08436386768447833
0 0.5554548346055979 0.19978371501272268 0.09028625954198455 0.08954198473282443
1 0.8260114503816794 0.14057888040712468 0.19092875318066171 0.16946564885496188
