0 0.20404166666666665 0.7242638888888889 0.11202777777777766 0.09479444444444456
0 0.8137611111111113 0.9731749999999999 0.08983333333333317 0.052538888888888864
0 0.057277777777777795 0.8567555555555554 0.11148888888888893 0.09909999999999987
0 0.9609777777777779 0.8521777777777778 0.07693333333333323 0.09317777777777789
0 0.6637222222222222 0.8613361111111111 0.10286666666666686 0.10071666666666673
0 0.35322777777777786 0.7199555555555556 0.1163333333333334 0.08940000000000003
0 0.20619722222222228 0.8578333333333333 0.11095000000000015 0.10341111111111118
0 0.9604722222222222 0.9678111111111111 0.07794444444444455 0.0632666666666667
0 0.3553805555555555 0.8578333333333333 0.10663888888888877 0.11202222222222237
0 0.5115749999999998 0.8618722222222222 0.10987222222222225 0.11256666666666669
0 0.055391666666666624 0.726686111111111 0.10879444444444442 0.09856111111111117
0 0.8199111111111111 0.7180694444444445 0.09425555555555566 0.0920944444444444
0 0.5064555555555557 0.723725 0.10825555555555566 0.10232777777777788
0 0.9631333333333335 0.7207638888888889 0.0726222222222221 0.0974833333333331
0 0.8199083333333334 0.861063888888889 0.09748333333333348 0.08832777777777769
0 0.6612972222222223 0.72265 0.10448333333333315 0.09910000000000015
