0 0.6721959459459459 0.6821101871101871 0.09613825363825362 0.09009355509355513
0 0.9557588357588358 0.8015384615384614 0.08744282744282753 0.0927130977130976
1 0.2950753638253638 0.91006237006237 0.1692983367983368 0.12395010395010393
0 0.8155457380457379 0.6843892931392931 0.09926195426195421 0.09825883575883569
0 0.5163071725571725 0.8245296257796257 0.07836278586278582 0.07183471933471933
1 0.13779885654885654 0.6887292099792099 0.18554573804573807 0.09664760914760896
0 0.23921777546777548 0.9386928274428274 0.0967411642411643 0.07961018711018734
0 0.9555067567567569 0.6798518711018711 0.08794698544698545 0.09220893970893987
0 0.07671777546777547 0.6991008316008316 0.0891839916839917 0.08313929313929318
0 0.9582796257796258 0.9277572765072764 0.08240124740124755 0.09220893970893958
1 0.5572635135135134 0.7881055093555094 0.1328534303534303 0.12625259875259892
