0 0.7213620788121073 0.026619074814391783 0.08403769274700201 0.053238149628783565
0 0.7384751570531126 0.26820102798400913 0.11414049114791527 0.11351227869788691
0 0.30076242147344373 0.2643832095945174 0.11285551113649349 0.11086807538549409
0 0.7160222729868644 0.14076527698458025 0.0909251856082239 0.09230154197601363
0 0.30109651627641343 0.12768703597944034 0.09093089663049676 0.08266133637921187
0 0.5826984580239865 0.027941176470588212 0.09697886921758989 0.055882352941176425
0 0.5783552255853797 0.1253255282695603 0.09370645345516855 0.08570531125071384
0 0.5899200456881781 0.2571245002855511 0.10911479154768675 0.1041519131924615
0 0.14878926327812678 0.26454882924043405 0.10366647629925757 0.09942318675042827
0 0.15011707595659624 0.13394631639063392 0.09453455168475142 0.09512278697886921
0 0.4490091376356367 0.2745573957738435 0.10163906339234706 0.09703026841804693
0 0.44640776699029133 0.1260308395202741 0.09667618503712178 0.08667047401484868
