0 0.4208739441195581 0.7375146198830409 0.11097465886939573 0.10345029239766072
0 0.5694704353476283 0.8625958414554906 0.11097465886939573 0.10909031838856392
0 0.7225113710201431 0.8550292397660818 0.09826510721247597 0.09953216374268982
0 0.4182618583495776 0.5936094866796622 0.10582846003898631 0.10204678362573115
1 0.17447368421052625 0.7045484080571801 0.12069525666016898 0.4185055230669266
0 0.8773261858349577 0.733830409356725 0.10250162443144904 0.10250162443144904
1 0.5488239116309293 0.3594769330734244 0.18059779077322946 0.2648667966211827
0 0.4237816764132552 0.8744314489928524 0.09161793372319686 0.09524366471734892
0 0.5669233268356075 0.7249512670565302 0.0982651072124757 0.10015594541910333
1 0.40505198180636776 0.3631059129304743 0.12526965562053274 0.2594282001299544
1 0.5038271604938271 0.051046133853151356 0.1721767381416504 0.10209226770630271
1 0.8150974658869394 0.6973684210526315 0.19320987654320945 0.13606237816764097
1 0.5488239116309293 0.3594769330734244 0.18059779077322946 0.2648667966211827
0 0.5621962313190384 0.5844769330734243 0.10015594541910314 0.10519818063677717
0 0.5577907732293698 0.049876543209876535 0.11024041585445082 0.09975308641975307
