0 0.7317994722955143 0.18730343007915567 0.08441160949868076 0.07460686015831137
0 0.48271240105540897 0.521532981530343 0.10528759894459097 0.10184168865435357
0 0.4850976253298153 0.7490105540897097 0.10959366754617413 0.0935356200527704
0 0.4802242744063325 0.6361978891820579 0.09696569920844321 0.0918469656992085
0 0.7310211081794197 0.5315118733509234 0.08401583113456468 0.07943535620052775
0 0.6221292875989445 0.9684195250659632 0.10613720316622695 0.062105540897097494
0 0.6054802110817944 0.2940026385224274 0.10154617414248032 0.09537203166226915
1 0.41807387862796835 0.9679683377308708 0.1900263852242747 0.0630079155672822
1 0.4168337730870713 0.8615778364116095 0.19430079155672808 0.08853825857519772
1 0.40197097625329825 0.7505461741424803 0.21801055408970985 0.08452242744063321
1 0.39983641160949873 0.6435092348284961 0.21985224274406326 0.08300791556728224
1 0.39814775725593665 0.531424802110818 0.21647493403693918 0.08110817941952515
0 0.7332770448548813 0.3048153034300792 0.09471240105540916 0.091688654353562
0 0.6155778364116097 0.8651002638522427 0.10509762532981554 0.09565699208443282
0 0.6139868073878629 0.7562612137203166 0.09930870712401087 0.09053825857519801
0 0.7383614775725592 0.4163878627968338 0.10132453825857518 0.08803693931398418
0 0.7400474934036939 0.6478205804749341 0.09700263852242781 0.09021635883905002
0 0.6169023746701847 0.6401583113456464 0.1065646437994723 0.09667546174142476
0 0.7385672823218998 0.7607124010554089 0.09447493403693971 0.0837467018469658
0 0.4619393139841689 0.1789366754617414 0.09345118733509246 0.0751609498680739
0 0.4641820580474934 0.28855408970976254 0.09918205804749329 0.08268073878627968
0 0.6054670184696571 0.40277572559366753 0.10231134564643805 0.0924960422163588
0 0.7348258575197891 0.8749920844327178 0.08401583113456468 0.0852875989445911
0 0.4764406332453826 0.3994722955145119 0.10160949868073883 0.09053298153034298
0 0.6108707124010555 0.5206569920844327 0.09868073878628003 0.08815303430079169
0 0.6001530343007916 0.17073087071240103 0.09764643799472295 0.07896042216358841
0 0.3501292875989447 0.14365699208443272 0.09387335092348277 0.09212664907651713
0 0.4831556728232191 0.8577335092348285 0.09623218997361474 0.09319788918205811
