0 0.5632537313432836 0.08253731343283581 0.09892537313432853 0.0860298507462686
0 0.5595582089552239 0.22136119402985077 0.1037134328358208 0.10194626865671637
0 0.11435820895522386 0.22635820895522388 0.12137313432835806 0.11217910447761184
0 0.11432835820895523 0.09465671641791042 0.0994626865671644 0.09999999999999999
0 0.4202089552238806 0.23122388059701487 0.10549253731343274 0.10125373134328353
0 0.713334328358209 0.23379104477611937 0.11260298507462725 0.1071402985074627
0 0.2735522388059702 0.0874149253731343 0.09505671641791036 0.08641194029850748
0 0.27182388059701496 0.2334507462686567 0.0985134328358208 0.09850746268656717
0 0.4195820895522388 0.08137313432835817 0.11056716417910471 0.10543283582089547
0 0.7079970149253731 0.10317014925373132 0.09505074626865676 0.09648955223880591
