0 0.3171107544141251 0.627271268057785 0.08589620117709998 0.0946067415730338
0 0.48081326912787575 0.2653210272873195 0.10083467094703052 0.09149812734082398
0 0.04207597645799898 0.1350481540930979 0.08415195291599796 0.09699839486356339
0 0.4680524344569288 0.3829668271803104 0.090251471375067 0.09523274478330672
0 0.1850374531835206 0.13478598180845378 0.09388443017656518 0.08506688068485822
0 0.3276939539860888 0.37860620652755483 0.0908721241305512 0.09025682182985556
0 0.04029159978598184 0.5068298555377208 0.08058319957196368 0.0890048154093098
0 0.47188068485821294 0.13011771000535044 0.08869448903156761 0.08921348314606743
0 0.3239593365436062 0.2510085607276618 0.08216158373461765 0.08776350989834147
0 0.6328571428571429 0.24711342964151953 0.09680042803638332 0.09035313001605126
0 0.1714606741573034 0.8753130016051364 0.0995933654360622 0.10518994114499751
0 0.1755056179775281 0.5086971642589619 0.08901016586409831 0.096474050294275
0 0.32975655430711615 0.12622792937399677 0.09180845371856616 0.08973782771535584
0 0.1742616372391653 0.7520706260032103 0.0902568218298556 0.08901016586409853
0 0.18048689138576787 0.3935446762974853 0.09150347779561258 0.096474050294275
0 0.762573568753344 0.760163188871054 0.11100053504547833 0.10196361690743719
1 0.6958962011771 0.689390048154093 0.1843124665596576 0.1998180845371856
0 0.31742375601926165 0.7483360085607277 0.08900481540930975 0.09647940074906383
1 0.03994917067950774 0.7007169609416801 0.07989834135901548 0.18237560192616367
0 0.1791171749598716 0.25947298020331727 0.08651685393258417 0.08402889245585878
0 0.039769930444087706 0.7615837346174426 0.07953986088817541 0.08647405029427493
0 0.45778491171749597 0.7421107544141251 0.08216158373461734 0.08278758694489045
1 0.040901551631888675 0.4680872124130551 0.08180310326377735 0.15237560192616365
0 0.040947030497592275 0.2647619047619047 0.08189406099518455 0.08776886035312997
1 0.15204654895666142 0.6945425361155697 0.13175494917067948 0.19181380417335478
0 0.04542803638309255 0.8839646869983949 0.0908560727661851 0.10456928838951332
