0 0.8616758241758241 0.1749053724053724 0.09404761904761882 0.07985958485958485
0 0.3793040293040293 0.7095238095238096 0.10781440781440776 0.1078144078144078
0 0.5378510378510379 0.7140781440781441 0.09670329670329646 0.09785103785103784
0 0.3843345543345543 0.15932539682539681 0.10126984126984134 0.09246031746031746
0 0.38928266178266174 0.29551892551892556 0.10829670329670357 0.10196581196581202
0 0.3819536019536019 0.8526800976800978 0.1131257631257632 0.11135531135531143
0 0.7027075702075701 0.16611111111111113 0.09719780219780208 0.09543345543345544
0 0.70247557997558 0.4413186813186813 0.09420634920634924 0.09008547008547002
0 0.71498778998779 0.5766147741147741 0.10822954822954808 0.09966422466422471
0 0.711388888888889 0.7175549450549451 0.09898046398046399 0.09178876678876673
0 0.7053937728937728 0.8518162393162394 0.09590354090354095 0.09042124542124529
0 0.5418498168498168 0.29593101343101347 0.09967032967032957 0.09590354090354089
0 0.8615170940170941 0.5796092796092797 0.10288766788766769 0.08754578754578761
0 0.5509676434676434 0.16293956043956045 0.10608669108669115 0.10049450549450549
0 0.22594627594627595 0.4137362637362637 0.11452991452991464 0.1032967032967033
0 0.39078144078144084 0.5584554334554334 0.1272283272283273 0.11312576312576314
0 0.5394383394383394 0.8487484737484737 0.13125763125763126 0.12484737484737482
0 0.5363034188034189 0.5722985347985348 0.12034798534798537 0.11706349206349219
0 0.7104456654456656 0.29948107448107447 0.10978021978021966 0.09615384615384615
0 0.231043956043956 0.2895940170940171 0.10073260073260056 0.0967582417582417
0 0.5391239316239317 0.43685592185592187 0.10169108669108648 0.09210012210012207
0 0.3855006105006106 0.41617826617826625 0.11666666666666663 0.11843711843711843
0 0.22386752136752133 0.16272588522588524 0.11745421245421239 0.11446275946275948
0 0.8573473748473749 0.8650702075702076 0.10602564102564113 0.10425518925518923
0 0.8671214896214895 0.7180921855921856 0.10469474969474979 0.09580586080586073
0 0.8635378510378511 0.44590659340659344 0.09838217338217348 0.08741758241758243
0 0.8638217338217338 0.31335775335775334 0.0946764346764345 0.08329670329670331
