1 0.4273249783923941 0.706147363872083 0.15926534140017284 0.13103284356093342
1 0.5836970613656008 0.6970980985306828 0.17664217804667237 0.13465427830596377
1 0.339366897147796 0.7028889369057908 0.158543647363872 0.14623595505617976
1 0.45483578219533277 0.9062489196197061 0.09411408815903205 0.1866378565254971
1 0.7035112359550562 0.8997342264477096 0.06877700950734668 0.19966724286949014
1 0.5482238547968885 0.9051620570440796 0.08687121866897148 0.18881158167675033
1 0.6550064822817632 0.6974611063094209 0.1947407087294728 0.13682368193604155
1 0.7762662057044079 0.8943042350907519 0.07818496110630946 0.21052722558340548
1 0.25104364736387214 0.7039779602420052 0.14985738980121008 0.1498573898012101
1 0.6336495246326708 0.9026296456352637 0.0796326707000864 0.1938764044943821
1 0.1641702679343129 0.7057865168539326 0.1455142610198789 0.15203111495246335
1 0.06778738115816763 0.7083189282627484 0.13557476231633525 0.15709593777009512
1 0.5116659464131375 0.6978219533275712 0.1614390665514262 0.1389974070872947
