0 0.0396478873239437 0.566190781049936 0.0792957746478874 0.10352112676056348
0 0.3687868117797694 0.6942157490396926 0.08788092189500636 0.08565300896286805
0 0.1814628681177978 0.43978553137003845 0.10456466069142117 0.08669014084507051
0 0.3660179257362356 0.8269526248399487 0.1018822023047374 0.0974135723431498
0 0.1846670934699104 0.5725192061459667 0.09743918053777224 0.08875160051216384
0 0.029852752880921964 0.3040268886043534 0.05970550576184393 0.08862996158770806
0 0.3666421254801536 0.9573047375160052 0.09919974391805396 0.08411011523687581
0 0.6559731113956465 0.7006209987195903 0.0997951344430215 0.08862996158770801
0 0.36609795134443024 0.432010243277849 0.0877016645326506 0.08619718309859156
0 0.5158450704225351 0.9575736235595391 0.08855313700384113 0.08357234314980799
1 0.15822343149807935 0.4724071702944943 0.10099231754161331 0.12691421254801535
1 0.6127752880921896 0.7040620998719591 0.1720422535211271 0.10274647887323951
