0 0.719922502870264 0.8289810562571757 0.08447187141217027 0.07478185993111368
0 0.708243398392652 0.20375430539609643 0.091825487944891 0.08115958668197475
0 0.7192278989667049 0.9543628013777268 0.09139494833524683 0.090126291618829
0 0.7102841561423652 0.5849282433983926 0.09139494833524683 0.08641216991963271
0 0.1477812858783009 0.42373708381171066 0.09970723306544203 0.08308840413318026
0 0.1436280137772674 0.3040901262916188 0.09471871412169919 0.08641216991963258
0 0.5785304247990815 0.3174253731343284 0.08547646383467282 0.08548220436280132
0 0.14445752009184842 0.16699483352468428 0.09305970149253712 0.09139494833524683
0 0.1473851894374282 0.8194489092996555 0.10729621125143506 0.09772675086107918
0 0.4375401836969001 0.6952812858783008 0.09218714121699176 0.0908381171067739
0 0.4355309988518943 0.939549368541906 0.10247416762342121 0.09648105625717544
0 0.15781285878300808 0.5453559127439725 0.09693455797933416 0.09001148105625723
0 0.14773249138920774 0.9454936854190584 0.10304247990815153 0.09959816303099868
0 0.15286165327210094 0.6810505166475317 0.10610218140068882 0.10047072330654419
0 0.712101033295063 0.4567164179104478 0.09561423650975913 0.09173363949483346
0 0.5832118254879448 0.8239580941446614 0.10820321469575178 0.09548220436280125
0 0.2899856486796785 0.546552812858783 0.10580367393800226 0.10012055109070044
0 0.5798765786452351 0.9388231917336395 0.10821469575200905 0.09548794489093008
0 0.5745350172215843 0.4356314580941446 0.09614236509758896 0.09750861079219282
0 0.29584672789896677 0.8188978185993111 0.11278415614236498 0.09779563719862239
0 0.28902985074626864 0.287471297359357 0.09305396096440867 0.08973019517795636
0 0.5765269804822044 0.6954075774971297 0.07746268656716422 0.08013777267508622
0 0.4272072330654419 0.5663920780711825 0.09815729047072343 0.09350746268656707
0 0.2964954075774971 0.9435419058553388 0.11746842709529286 0.09978185993111366
0 0.5701722158438576 0.19219862227324916 0.09017221584385793 0.08345579793340989
0 0.4267422502870264 0.315556831228473 0.1021641791044775 0.08748564867967852
0 0.5795264064293913 0.5628358208955223 0.09016647531572883 0.0887944890929966
0 0.4293943742824341 0.44110792192881737 0.09150975889781851 0.08081515499425947
0 0.42338978185993115 0.19603042479908153 0.08615958668197485 0.07682548794489091
0 0.2894345579793342 0.15855912743972447 0.10550516647531569 0.10285878300803673
0 0.2921699196326062 0.674813432835821 0.09811710677382324 0.09342709529276695
1 0.09273823191733636 0.9415815154994259 0.1710103329506315 0.09097014925373141
0 0.4375631458094146 0.8144690011481055 0.1003846153846153 0.09725028702640655
1 0.0843857634902411 0.8185045924225027 0.164982778415614 0.0878702640642938
0 0.28769230769230775 0.42106773823191734 0.09549942594718722 0.07947187141216992
0 0.7098622273249139 0.3253444316877153 0.08189437428243396 0.07571756601607349
0 0.7157663605051666 0.7008840413318026 0.08723880597014948 0.07893226176808267
