0 0.5226512261580382 0.6468583106267031 0.10792915531335162 0.10412534059945515
0 0.9358719346049046 0.4031553133514987 0.09384741144414177 0.08757493188010898
0 0.5318038147138964 0.26418528610354225 0.10175476839237041 0.09011444141689377
0 0.3752643051771118 0.7591907356948229 0.10565667574931885 0.10417983651226152
0 0.3836430517711171 0.14519618528610354 0.09633242506811991 0.09239782016348773
0 0.375 0.27367029972752044 0.10217438692098083 0.09934059945504088
0 0.938457765667575 0.2773896457765668 0.092065395095368 0.09415803814713897
0 0.3778310626702997 0.39237874659400546 0.1008937329700272 0.10080108991825616
0 0.37530245231607634 0.5090463215258856 0.10907901907356972 0.10615803814713895
0 0.5232043596730245 0.5205367847411445 0.10769482288828329 0.10167302452316077
0 0.372482288828338 0.63741689373297 0.10376566757493182 0.09791825613079017
0 0.5233106267029972 0.8884713896457767 0.108408719346049 0.10779836512261581
0 0.5181089918256131 0.3989536784741144 0.09675204359673027 0.09255585831062668
0 0.5199100817438691 0.14827792915531338 0.08676294277929149 0.08518801089918256
0 0.9447111716621253 0.14591825613079018 0.09214713896457793 0.08843596730245229
0 0.9447574931880108 0.8889209809264306 0.09627247956403251 0.0878801089918257
0 0.9410844686648502 0.7724141689373297 0.0889264305177112 0.0904850136239783
0 0.5120108991825613 0.7685613079019074 0.10620163487738422 0.09710081743869221
0 0.9432043596730245 0.6415340599455042 0.09523705722070823 0.0863051771117167
0 0.800708446866485 0.1572234332425068 0.09307901907356933 0.08937874659400542
0 0.9458446866485013 0.5153242506811989 0.08994550408719348 0.08946049046321522
1 0.8865313351498638 0.6512261580381471 0.18754768392370566 0.09615258855585838
1 0.8775476839237056 0.7737929155313352 0.17592370572207092 0.07713351498637597
1 0.8823024523160762 0.8913433242506813 0.18543324250681192 0.09879564032697555
