0 0.704854819976771 0.20612078977932635 0.09289198606271781 0.08210220673635309
0 0.706492450638792 0.32912311265969807 0.08284552845528446 0.07659698025551685
0 0.7124651567944253 0.7090243902439025 0.08825203252032543 0.0798490127758421
0 0.7166695702671313 0.838609175377468 0.08545296167247414 0.07565040650406504
0 0.7159668989547038 0.9596399535423925 0.09245644599303145 0.07955865272938437
0 0.7069192799070848 0.5917218350754936 0.09245644599303136 0.08741579558652739
0 0.4190621370499419 0.19592915214866433 0.08242160278745665 0.07296167247386758
0 0.4244686411149826 0.3141550522648084 0.09458188153310106 0.07836817653890829
0 0.2807723577235772 0.2908101045296167 0.09413472706155628 0.09077235772357718
0 0.2794192799070848 0.4259581881533101 0.09660859465737522 0.08039488966318231
0 0.2849767711962834 0.683336236933798 0.08909407665505231 0.08237514518002324
0 0.2849738675958188 0.8304297328687573 0.08573170731707322 0.08405342624854821
0 0.13368176538908236 0.3076219512195122 0.09581881533101046 0.0874157955865273
0 0.2839227642276423 0.5529326364692219 0.09455865272938442 0.09053426248548195
0 0.7115737514518002 0.4580429732868757 0.09109175377468096 0.08484320557491287
0 0.2892886178861788 0.9544279907084784 0.10064459930313586 0.08998257839721246
0 0.28815040650406515 0.15592915214866435 0.09279326364692214 0.09511033681765386
0 0.13452090592334492 0.17243612078977932 0.0941405342624853 0.09245644599303134
0 0.4311207897793262 0.955095818815331 0.09267131242740992 0.08795005807200938
0 0.5685481997677121 0.19126596980255517 0.0844831591173054 0.0780952380952381
0 0.42599883855981413 0.8311556329849012 0.08869918699187007 0.08170731707317055
0 0.5695557491289199 0.3240418118466899 0.0946283391405341 0.09233449477351918
0 0.43148954703832737 0.6955371660859466 0.1121660859465738 0.10947154471544707
0 0.13788327526132416 0.4251567944250871 0.10086527293844369 0.08405342624854821
0 0.5729326364692218 0.43740998838559814 0.09058072009291522 0.09207897793263646
0 0.4213095238095239 0.579067944250871 0.09778745644599288 0.10678861788617869
0 0.14626596980255524 0.5534291521486644 0.10159117305458772 0.09453542392566791
0 0.5742073170731706 0.5682694541231126 0.09208478513356548 0.08761904761904762
0 0.5756707317073172 0.8297038327526133 0.0986120789779326 0.09529616724738678
0 0.14102206736353073 0.6859349593495935 0.08638792102206723 0.08405342624854821
0 0.418109756097561 0.43841463414634135 0.09721835075493601 0.09180023228803719
0 0.13260162601626013 0.822938443670151 0.10074332171893148 0.09628339140534271
0 0.13552264808362366 0.9526596980255517 0.09264808362369338 0.09219512195121962
0 0.5669512195121952 0.6959059233449478 0.08767711962833905 0.09622531939605111
0 0.5729616724738675 0.9448141695702672 0.09052264808362372 0.08311265969802556
