0 0.07534711587544667 0.06996937212863702 0.08759060745278203 0.0816539050535988
0 0.9530117406840224 0.7927386421643695 0.0926391015824401 0.087294538029607
0 0.4003879530372639 0.6653930576824911 0.0906482899438488 0.08808065339458923
0 0.258861664114344 0.7983639612046962 0.0932108218478815 0.09064318529862177
0 0.9500918836140888 0.2945405819295559 0.09879530372639105 0.0905615109749873
0 0.2349438489025013 0.30528075548749367 0.09501276161306796 0.07818785094435934
1 0.5570648289943849 0.5046630934150077 0.12833078101071982 0.16568147013782553
0 0.945229709035222 0.051064318529862165 0.09996426748340986 0.09056151097498728
1 0.9520673813169984 0.5056380806533947 0.09484430832057175 0.17031648800408372
0 0.8009749872383869 0.055520673813169975 0.09748851454823892 0.09650331801939763
0 0.949897907095457 0.564430832057172 0.08622766717713123 0.07838693210821851
0 0.9469627360898418 0.1705768249106687 0.1024400204185808 0.0910566615620214
0 0.3824144971924451 0.43345329249617154 0.09402756508422672 0.08115875446656455
1 0.7064803471158755 0.7170622766717712 0.11931087289433366 0.1771669218989281
0 0.677802450229709 0.7769423175089332 0.07373660030627867 0.07027054619703957
0 0.8204160285860131 0.9059111791730473 0.08408882082695267 0.07910158244002026
0 0.6601863195507911 0.053282286881061756 0.0944206227667177 0.0884839203675344
1 0.4217815211842777 0.3967866258295048 0.15392547217968347 0.14686574783052567
0 0.520574272588055 0.5628611536498214 0.08016845329249611 0.07898417559979583
1 0.8292879019908116 0.8275242470648291 0.08629402756508404 0.2002450229709037
1 0.5778713629402756 0.8328254211332312 0.1334864726901481 0.1906942317508934
1 0.4401939765186319 0.6027947932618684 0.14032669729453798 0.1906942317508932
1 0.9579760081674324 0.7203777437468094 0.08302705461970393 0.20010209290454317
0 0.5537570188871874 0.8875982644206227 0.0855130168453292 0.08908116385911163
1 0.13533690658499237 0.059783052577845844 0.18223072996426753 0.09492087799897897
1 0.2898034711587545 0.27716181725370087 0.16627360898417562 0.12173557937723331
