0 0.7269915254237287 0.8287907431551499 0.10283572359843546 0.10283572359843546
1 0.3974185136897002 0.45321707953063894 0.18118644067796613 0.26573011734028695
0 0.2501271186440677 0.028490873533246443 0.10101043024771852 0.05698174706649289
0 0.41813233376792697 0.951300521512386 0.11133637548891794 0.09609517601043013
0 0.41083441981747065 0.6789504563233377 0.10048239895697508 0.10554106910039118
1 0.2531779661016949 0.4568578878748369 0.12567796610169488 0.26027379400260736
0 0.5716720990873534 0.9499022164276402 0.0985853976531945 0.0988917861799215
0 0.4155769230769232 0.8198826597131682 0.09858539765319432 0.10048239895697514
0 0.27196870925684474 0.960710560625815 0.0919165580182529 0.07727509778357232
0 0.40641460234680576 0.13987614080834415 0.11059973924380694 0.10554106910039118
1 0.3974185136897002 0.45321707953063894 0.18118644067796613 0.26573011734028695
1 0.3522750977835724 0.13364080834419817 0.17273794002607556 0.12270534550195554
1 0.6645599739243806 0.7922099087353325 0.19383963494132952 0.13650586701434123
0 0.26905149934810946 0.832486962190352 0.11133637548891788 0.1037874837027379
0 0.2664308996088656 0.6881127770534551 0.1061734028683181 0.10237940026075633
