0 0.8717597853535354 0.6622166087780235 0.1306660353535353 0.11974107988632782
0 0.8850094696969696 0.4976902431323018 0.12244318181818171 0.11608146510893587
1 0.5740261994949495 0.9079428481212504 0.20394886363636364 0.18348279128512807
0 0.682612058080808 0.49631828228607516 0.1306660353535353 0.12248184401641928
0 0.6935779671717173 0.6731859804231134 0.1288415404040405 0.11608462267129782
0 0.4856991792929294 0.14029996842437636 0.13706123737373743 0.11790969371645088
0 0.49163983585858584 0.4762093463845911 0.1306660353535353 0.11334070097884433
0 0.4952935606060606 0.6603899589516892 0.139804292929293 0.13436375118408578
0 0.28101957070707073 0.2997994947900221 0.12244318181818171 0.11699715819387432
0 0.07633996212121212 0.4803220713609093 0.15168244949494955 0.15447426586675092
0 0.286958648989899 0.12978844332175563 0.1306660353535353 0.11882538680138935
0 0.495295138888889 0.29842911272497635 0.1270107323232325 0.11608146510893592
