0 0.6596763657957245 0.5633521377672208 0.12220308788598572 0.10191805225653208
0 0.811624109263658 0.1801336104513064 0.10181116389548678 0.10166864608076007
0 0.038865795724465586 0.5387173396674584 0.07773159144893117 0.09382422802850356
0 0.9520783847980997 0.6993467933491687 0.09465558194774366 0.1048693586698336
0 0.5064340855106889 0.16237826603325417 0.10752375296912098 0.10552850356294537
0 0.04028206650831356 0.8188747030878861 0.08056413301662713 0.10904394299287402
0 0.6495249406175772 0.9509798099762471 0.12185273159144917 0.09685273159144901
0 0.8174881235154393 0.2979809976247031 0.11870546318289789 0.10712589073634204
0 0.49377672209026136 0.43070071258907366 0.10350356294536835 0.10712589073634204
0 0.9516627078384797 0.8368408551068883 0.09548693586698358 0.10064133016627075
0 0.49973277909738717 0.2972980997624703 0.10694774346793348 0.12013064133016624
0 0.8123515439429929 0.4359560570071259 0.10617577197149668 0.0985154394299287
0 0.042814726840855126 0.9494952494061758 0.08562945368171025 0.09982185273159154
0 0.4973901425178148 0.954186460807601 0.12352137767220923 0.09043942992874116
0 0.04139845605700714 0.6855314726840855 0.08279691211401428 0.1110273159144894
0 0.6538242280285035 0.8350118764845605 0.10325415676959625 0.10087885985748214
0 0.9560273159144895 0.4403147268408551 0.08675771971496435 0.08991686460807607
0 0.652690023752969 0.6954602137767221 0.10222090261282651 0.10620546318289785
0 0.0482868171021378 0.140083135391924 0.0965736342042756 0.10688836104513061
0 0.039557600950118774 0.39560273159144893 0.07911520190023755 0.1065261282660333
0 0.3371437054631829 0.8088182897862233 0.13438242280285048 0.13640142517814735
0 0.34219121140142517 0.9403206650831354 0.14709026128266017 0.11817102137767228
0 0.3423990498812351 0.39762470308788594 0.1217339667458432 0.13099762470308796
0 0.9580136579572446 0.1727464370546318 0.08278503562945373 0.09454275534441801
0 0.19046912114014258 0.40492874109263655 0.1116983372921616 0.10570071258907365
0 0.9517517814726842 0.9592339667458433 0.09530878859857482 0.08034441805225667
0 0.6569774346793349 0.42727731591448925 0.10956057007125898 0.1035451306413302
0 0.18929928741092636 0.7084738717339668 0.10328978622327795 0.1011520190023752
0 0.49759501187648464 0.555166270783848 0.12048693586698346 0.12482185273159144
0 0.20038598574821853 0.14245843230403799 0.11823040380047499 0.10320665083135393
0 0.9571555819477434 0.31456353919239904 0.08450118764845627 0.08938836104513063
0 0.04657660332541564 0.26705760095011877 0.09315320665083128 0.10511282660332544
0 0.342811757719715 0.2780225653206651 0.10248812351543955 0.09193586698337294
0 0.6576989311163894 0.1630730403800475 0.09754750593824216 0.0958254156769596
0 0.19423990498812352 0.5421318289786223 0.11033254156769591 0.09744655581947743
0 0.3525771971496437 0.15884501187648456 0.10230403800475067 0.09967339667458434
0 0.4975712589073635 0.7045635391923991 0.11649643705463164 0.11516033254156766
0 0.18605403800475057 0.825959026128266 0.08938836104513061 0.08766627078384802
0 0.34130047505938244 0.5323931116389549 0.12452494061757707 0.13105700712589072
0 0.6644952494061759 0.29248812351543946 0.10523752969121125 0.0959026128266033
0 0.18777315914489306 0.9578058194774348 0.09282660332541562 0.08320071258907359
0 0.8080730403800477 0.6978028503562946 0.11792755344418067 0.11377672209026139
0 0.8104038004750593 0.9582244655581948 0.11617577197149637 0.08236342042755346
0 0.1904691211401425 0.2751187648456057 0.10623515439429936 0.09893111638954866
0 0.9544536817102138 0.5676365795724466 0.08990498812351563 0.11401425178147269
0 0.3401425178147268 0.6704869358669834 0.1355106888361047 0.13147268408551077
0 0.49338479809976243 0.84166567695962 0.12014251781472696 0.11940023752969141
