1 0.5301313197636245 0.04632961260669727 0.17398555482600125 0.09265922521339454
1 0.844671700590939 0.6941891004596191 0.19523965856861417 0.1374917925147732
1 0.43031845042678923 0.3564149704530531 0.12658568614576488 0.2621536441234404
0 0.5964642153644123 0.8611523309258043 0.1121405121470781 0.11023637557452379
0 0.5891135915955351 0.5801116217990808 0.10120814182534457 0.10630334865397251
0 0.44630663164806306 0.7347570584372947 0.11214051214707814 0.1045370978332238
0 0.44366710439921203 0.5893401181877873 0.1069402495075509 0.1031188443860802
1 0.5756007879185818 0.3527478660538412 0.18249507550886426 0.26764937623112295
0 0.4492449113591594 0.873112278397899 0.09258043335522 0.09624425476034136
0 0.7444944189100462 0.04179908076165461 0.09541037426132656 0.08359816152330922
0 0.5846618516086671 0.045147734734077474 0.11139855548260008 0.09029546946815495
1 0.7211129349967171 0.3563197636244255 0.18791201575837202 0.25940249507550883
0 0.751112934996717 0.8535062376887722 0.09929743926460959 0.10057780695994732
1 0.5756007879185818 0.3527478660538412 0.18249507550886426 0.26764937623112295
0 0.5938903479973737 0.7220617202889035 0.0992974392646094 0.10120814182534466
0 0.9075541694024949 0.7310341431385422 0.1035784635587657 0.1035784635587656
