0 0.36599540581929557 0.04562276671771312 0.09056151097498716 0.08957120980091875
0 0.4924910668708524 0.41131444614599283 0.0861051556916795 0.0908575803981624
0 0.355017866258295 0.2854185809086269 0.0783869321082187 0.08373149566105165
0 0.49614344053088305 0.1700816743236345 0.0846197039305767 0.08511485451761104
0 0.35858090862685044 0.40715416028586016 0.08669729453802968 0.08611026033690662
0 0.2168300153139357 0.2934941296579888 0.08254211332312396 0.08016845329249617
0 0.36054874936191933 0.16637059724349157 0.08759060745278209 0.08561510974987241
0 0.5046656457376212 0.29907350689127105 0.0962021439509954 0.08729453802960696
0 0.21011995916283818 0.6455819295558958 0.08313935681470135 0.0843236345074018
0 0.2224783052577846 0.1745354772843288 0.08957120980091901 0.08115875446656459
0 0.07896886166411436 0.17478560490045938 0.09451761102603383 0.09254211332312402
0 0.21338437978560487 0.5312685043389483 0.0849208779989789 0.09204185809086268
0 0.07680193976518629 0.6458805513016845 0.08847881572230727 0.09204696273608991
0 0.20952526799387444 0.8810413476263401 0.09501786625829518 0.10035732516590108
0 0.21813680449208792 0.42140632976008174 0.08729964267483407 0.09204185809086264
0 0.07923685553854004 0.29854007146503314 0.08967330270546203 0.08373660030627873
0 0.2121975497702909 0.7634609494640123 0.08611026033690657 0.08492087799897911
1 0.07588565594691161 0.492524247064829 0.09620214395099544 0.14537519142419603
0 0.34878254211332316 0.7598979070954568 0.08491577335375185 0.09204696273608999
0 0.07709800918836145 0.5294869831546708 0.09144971924451255 0.08491577335375189
0 0.07674068402246045 0.04735579377233281 0.09600306278713613 0.0910566615620215
0 0.5001148545176111 0.052044410413476225 0.08459928534966811 0.08662072485962229
0 0.48269525267993885 0.75395865237366 0.07838693210821841 0.07898417559979583
0 0.34848392036753434 0.6443950995405819 0.08194997447677381 0.09026033690658498
0 0.22248085758039823 0.04314701378254216 0.0866054109239407 0.08461970393057683
