0 0.18446579804560265 0.3123322475570033 0.08791530944625411 0.08033876221498377
0 0.03221498371335508 0.7221661237785015 0.06442996742671016 0.08104885993485349
0 0.6887817589576547 0.5860651465798046 0.09979153094462537 0.09599999999999999
0 0.19469706840390882 0.46936156351791536 0.0924560260586318 0.08715309446254067
0 0.3613159609120522 0.46164820846905535 0.09409771986970684 0.08715309446254071
0 0.5236319218241041 0.32901954397394134 0.09157654723127051 0.08589576547231269
0 0.5286807817589577 0.5923811074918567 0.10925732899022796 0.09852117263843646
0 0.363527687296417 0.5986970684039088 0.10357654723127055 0.09347231270358311
0 0.1958469055374593 0.5977491856677525 0.0953680781758957 0.09157654723127033
1 0.3691074918566775 0.48748859934853417 0.1121042345276873 0.1305211726384365
1 0.5241042345276873 0.36091205211726385 0.10841693811074929 0.1426319218241043
1 0.206442996742671 0.3521205211726384 0.12277524429967412 0.14172638436482077
1 0.21340390879478832 0.49353745928338766 0.11052117263843657 0.1269446254071662
1 0.03968729641693808 0.6106416938110749 0.07937459283387616 0.13263192182410433
0 0.033162866449511386 0.862214983713355 0.06632573289902277 0.08263192182410446
0 0.6887817589576547 0.5860651465798046 0.09979153094462537 0.09599999999999999
