0 0.8151833333333334 0.3702972222222223 0.09501111111111121 0.10017222222222222
0 0.5117444444444446 0.23231111111111116 0.103411111111111 0.10470000000000003
1 0.785652777777778 0.6828333333333333 0.1368055555555556 0.19916666666666663
0 0.9559472222222223 0.6129833333333334 0.0869944444444445 0.09823333333333342
0 0.8137611111111113 0.2310861111111111 0.08983333333333317 0.08724999999999998
0 0.9601499999999998 0.3547861111111111 0.07858888888888901 0.09371666666666673
0 0.6640138888888888 0.23657777777777772 0.09759444444444448 0.0911333333333333
0 0.057277777777777795 0.09731111111111108 0.11148888888888893 0.09909999999999992
0 0.5165000000000001 0.8958194444444446 0.09228888888888898 0.08686111111111104
0 0.9609777777777779 0.0927333333333333 0.07693333333333323 0.09317777777777779
0 0.6637222222222222 0.10189166666666666 0.10286666666666686 0.10071666666666665
0 0.06047222222222224 0.5259555555555556 0.09384444444444436 0.0853111111111111
0 0.06104722222222222 0.23222500000000001 0.10824999999999993 0.09856111111111117
0 0.20619722222222228 0.0983888888888889 0.11095000000000015 0.10341111111111116
0 0.5137833333333334 0.633972222222222 0.10833333333333335 0.09827777777777778
0 0.9553027777777778 0.738688888888889 0.08828333333333323 0.10017777777777793
0 0.9604722222222222 0.22229722222222223 0.07794444444444455 0.09112777777777792
0 0.3553805555555555 0.0983888888888889 0.10663888888888877 0.11202222222222229
0 0.8100111111111111 0.4898638888888889 0.09242222222222206 0.10017222222222222
0 0.5115749999999998 0.10242777777777777 0.10987222222222225 0.11256666666666672
1 0.06628888888888891 0.46196944444444443 0.1101333333333333 0.18536111111111106
0 0.5130388888888889 0.36124722222222216 0.1008222222222222 0.10663888888888881
1 0.3581027777777778 0.44176666666666664 0.1228500000000001 0.1898666666666667
0 0.216436111111111 0.6201805555555555 0.10237222222222221 0.09539444444444446
0 0.21185 0.35690555555555564 0.10610000000000015 0.09802222222222223
0 0.805811111111111 0.8705333333333334 0.10341111111111127 0.10922222222222236
1 0.07624722222222223 0.6956777777777777 0.10432777777777788 0.2177777777777778
0 0.8087194444444443 0.7425666666666667 0.09371666666666668 0.09242222222222234
1 0.21585 0.5635194444444444 0.09874444444444458 0.17682777777777767
0 0.5161416666666667 0.7529055555555556 0.07884999999999995 0.0775555555555557
1 0.21026388888888883 0.32340833333333324 0.10804999999999987 0.15449444444444435
0 0.3608833333333333 0.5015083333333333 0.10612222222222219 0.09941666666666686
0 0.8199083333333334 0.1016194444444445 0.09748333333333348 0.0883277777777778
1 0.6603666666666667 0.4476972222222222 0.1046999999999999 0.1582166666666666
1 0.36108055555555546 0.6857166666666668 0.09927222222222222 0.18691111111111114
0 0.3637944444444444 0.7562944444444444 0.09074444444444456 0.08453333333333328
1 0.5070833333333334 0.5714305555555556 0.10609999999999982 0.1987944444444445
0 0.06386111111111113 0.7744305555555555 0.10082222222222223 0.09500555555555561
0 0.6616861111111112 0.48792500000000005 0.09952777777777785 0.09241666666666654
