0 0.4475016160310277 0.44030704589528114 0.09475759534583074 0.0875307045895283
1 0.4483128636069812 0.05916612798965738 0.11694893341952167 0.11833225597931477
0 0.534224305106658 0.5032934712346477 0.0875307045895283 0.08482870071105371
0 0.36191338073691004 0.5000193923723335 0.08773109243697468 0.09274725274725273
0 0.27664835164835166 0.44080155138978677 0.09249515190691658 0.0909890109890112
0 0.44398190045248864 0.5980413703943115 0.08933419521654835 0.08663219133807372
0 0.8683193277310923 0.7005397543632839 0.09098901098901112 0.08723335488041373
0 0.7909372979961214 0.7665643180349063 0.08497737556561091 0.0834712346477053
1 0.23751454427925012 0.07679379444085323 0.09836457659987077 0.15358758888170645
1 0.8892178409825467 0.45014544279250157 0.12734324499030383 0.19621848739495812
0 0.5583775048480931 0.7026276664511958 0.08836457659987058 0.08316095669036849
0 0.8026761473820297 0.44793471234647714 0.09096315449256609 0.08835811247575957
0 0.6298093083387201 0.78609243697479 0.09212023270846807 0.09086619263089829
0 0.43456690368455075 0.3031835811247576 0.07594699418228815 0.0789592760180994
0 0.2312249515190691 0.12766968325791853 0.08422107304460238 0.07820943762120233
1 0.9449353587588881 0.3734776987718165 0.10883645765998706 0.18841628959276022
0 0.6289754363283775 0.25694246929541037 0.08753070458952802 0.08842921784098257
0 0.08729476405946993 0.1953490627020039 0.08347123464770516 0.0812217194570135
0 0.5961603102779574 0.44377828054298646 0.08773109243697463 0.08466063348416313
0 0.9673464770523594 0.6011570782159017 0.06401422107304473 0.09123464770523591
0 0.5452133160956689 0.17854234001292818 0.09212023270846789 0.08648351648351643
1 0.7002617970265028 0.6249353587588883 0.10738849385908207 0.23823529411764718
0 0.7065804783451842 0.7160762766645119 0.08212023270846801 0.0812152553329026
0 0.6345119586296055 0.1071008403361344 0.08773109243697472 0.08648351648351645
0 0.8802941176470587 0.17707498383968967 0.08843568196509381 0.09294764059469938
0 0.9693988364576599 0.4344085326438269 0.05990950226244345 0.09211376858435683
0 0.3668002585649644 0.37844861021331616 0.09587588881706524 0.08773109243697501
0 0.7980704589528118 0.1008371040723982 0.08773755656108594 0.07895927601809945
0 0.8017840982546864 0.26596315449256624 0.09023917259211363 0.08843568196509367
1 0.7122042663219134 0.1264673561732385 0.10678733031674217 0.1556625727213962
0 0.4417291531997414 0.09626373626373623 0.088435681965094 0.09032967032967035
0 0.32368455074337416 0.19389463477698765 0.0940012928248221 0.08585003232062054
0 0.23438590820943758 0.28068842921784104 0.092120232708468 0.08899159663865538
0 0.7110892049127342 0.8574854557207499 0.08392372333548802 0.07670329670329697
1 0.7701098901098902 0.06379767291532 0.12182288299935369 0.12759534583064
0 0.7131577246283128 0.1760342598577893 0.08961215255332906 0.08522947640594696
1 0.10291208791208793 0.12240465416936007 0.08303167420814483 0.20053005817711703
0 0.723994828700711 0.03385261797026503 0.08753716871363933 0.06770523594053006
1 0.6338752424046542 0.7067840982546865 0.11045248868778261 0.23650290885584985
0 0.5146541693600516 0.3712411118293472 0.0872268907563026 0.09023917259211368
0 0.7124466709760827 0.35033613445378153 0.08843568196509373 0.0857272139625083
0 0.8984001292824821 0.5130542986425339 0.0958823529411764 0.09524886877828054
0 0.7844828700711053 0.62920814479638 0.08575953458306389 0.08706528765352299
