0 0.13127476882430647 0.8979194187582562 0.15429326287978853 0.13969616908850727
0 0.1332892998678996 0.7452608982826948 0.15508586525759585 0.15095772787318348
0 0.1367734478203435 0.5921400264200793 0.15069352708058134 0.14108322324966976
0 0.1351882430647292 0.4476387054161163 0.13484147952443853 0.1347093791281374
0 0.1277080581241744 0.29506274768824303 0.14187582562747686 0.14607001321003962
0 0.13167107001321007 0.1434015852047556 0.15072655217965658 0.13809775429326285
0 0.7942883091149273 0.03870211360634082 0.0775462351387056 0.0733223249669749
0 0.4705746367239101 0.1684114927344782 0.12926023778071336 0.11126155878467635
0 0.6344451783355349 0.16571994715984148 0.12126816380449142 0.11512549537648611
0 0.8034676354029061 0.1705085865257596 0.115125495376486 0.1108982826948481
0 0.8107992073976223 0.310716644649934 0.11360634081902252 0.1162813738441216
0 0.6383091149273447 0.31134412153236457 0.11895640686922059 0.11588507265521797
0 0.472886393659181 0.31132760898282696 0.12080581241743733 0.12503302509907527
0 0.470772787318362 0.4567371202113606 0.13421400264200778 0.12311756935270812
0 0.6413309114927345 0.45561426684280054 0.13193527080581238 0.13077939233817706
0 0.8123183619550858 0.4596103038309115 0.11591809775429325 0.11439894319682957
0 0.6465323645970938 0.6002807133421401 0.13612945838837512 0.13497357992073972
0 0.47135072655217963 0.6073480845442536 0.1323315719947159 0.12466974900924692
0 0.47613936591809775 0.7535501981505944 0.12975561426684268 0.1335204755614266
0 0.64557463672391 0.7512879788639366 0.14735799207397626 0.14577278731836205
0 0.8138540290620871 0.7583058124174373 0.13048216644649915 0.12473579920739755
0 0.8269484808454424 0.9087186261558785 0.12741083223249644 0.12357992073976214
0 0.648167107001321 0.9152410832232497 0.14996697490092462 0.13431307793923383
0 0.48018494055482164 0.9007050858652578 0.1561426684280054 0.13133091149273457
0 0.2946664464993395 0.7607331571994717 0.13279392338177032 0.13817701453104342
0 0.3067371202113606 0.5984643328929987 0.15931307793923385 0.14309775429326277
0 0.3011393659180977 0.4504128137384413 0.15175033025099077 0.14144649933949802
0 0.3013705416116248 0.1482001321003963 0.15260898282694843 0.13252972258916776
0 0.815175033025099 0.60639035667107 0.12090488771466287 0.11898943196829585
0 0.6403913474240422 0.0250330250990753 0.06261889035667095 0.0500660501981506
0 0.4694220607661823 0.030663804491413475 0.06185601056803161 0.058011889035667105
0 0.30517833553500656 0.9239167767503303 0.11679656538969613 0.11333553500660487
