0 0.946514392991239 0.9484105131414268 0.10446808510638288 0.1006758448060075
0 0.9454255319148935 0.7849374217772216 0.10694618272841046 0.10073842302878595
0 0.7451001251564454 0.09562578222778477 0.12011264080100123 0.10151439299123906
0 0.7466520650813515 0.26417396745932414 0.12321652065081358 0.10539424280350433
0 0.7404505632040049 0.432340425531915 0.1294117647058821 0.11314142678347942
0 0.13332916145181473 0.07712765957446809 0.11173967459324148 0.1017396745932415
0 0.13833541927409257 0.2522465581977472 0.11173967459324151 0.10173967459324162
0 0.3392991239048811 0.08546307884856065 0.1200750938673341 0.10506883604505636
0 0.34096996245306643 0.250575719649562 0.11007509386733426 0.11173967459324154
0 0.3434668335419275 0.42819774718397996 0.12508135168961212 0.11674593241551931
0 0.13583854818523147 0.4206946182728411 0.11007509386733422 0.10506883604505612
0 0.6620212765957447 0.7125531914893616 0.12842302878598236 0.11506883604505634
0 0.37432415519399254 0.7125531914893617 0.13342928660826048 0.12175219023779726
0 0.2250563204005006 0.7150563204005007 0.09839799749687113 0.09339173967459337
0 0.7304005006257822 0.8442991239048809 0.11506883604505634 0.11508135168961188
0 0.5953066332916145 0.8459699624530663 0.11173967459324156 0.09839799749687107
0 0.4460387984981226 0.8384668335419273 0.10006257822277828 0.09673341677096368
0 0.29677722152690866 0.8459762202753442 0.1083979974968711 0.10506883604505636
0 0.14667083854818525 0.8459762202753442 0.11173967459324168 0.10506883604505636
