0 0.9251352530541013 0.11310645724258289 0.1323821989528794 0.12481675392670173
0 0.7241623036649215 0.10935427574171025 0.1327225130890053 0.13001745200698084
0 0.5021465968586388 0.11544938917975563 0.13795811518324608 0.12749563699825472
0 0.517543630017452 0.2896204188481675 0.1374432809773124 0.1306719022687609
0 0.5124127399650961 0.46066317626527054 0.12671029668411862 0.11961605584642232
0 0.5054493891797557 0.9409031413612566 0.20393542757417107 0.11644851657940636
0 0.7238612565445026 0.6307460732984292 0.10116055846422331 0.08953752181500878
0 0.9372382198952879 0.6185383944153577 0.11395287958115181 0.10465095986038386
0 0.31544502617801046 0.9553272251308902 0.1416753926701571 0.08760034904013941
0 0.29294938917975566 0.8145549738219896 0.12460732984293195 0.12075043630017483
0 0.28760907504363004 0.28944153577661424 0.13019197207678884 0.12984293193717272
0 0.2780191972076789 0.10800174520069807 0.14712041884816757 0.14712041884816748
0 0.7212478184991273 0.43590750436300185 0.18350785340314124 0.1602966841186737
0 0.9213001745200697 0.9371247818499127 0.15565445026178013 0.12400523560209446
0 0.9151832460732984 0.775610820244328 0.1678883071553228 0.16884816753926712
0 0.7205497382198952 0.9407068062827225 0.19572425828970322 0.11684118673647473
0 0.7133071553228622 0.7834642233856893 0.17652705061082033 0.16588132635253064
0 0.29654013961605585 0.46737783595113436 0.12093368237347296 0.11395287958115195
0 0.2895636998254799 0.6400523560209423 0.1046422338568935 0.09650959860383929
0 0.5099127399650959 0.6348167539267017 0.11047120418848157 0.09534031413612569
0 0.9332809773123908 0.2868891797556719 0.13169284467713788 0.12034031413612571
0 0.9132198952879582 0.437041884816754 0.17181500872600344 0.16064572425828982
0 0.7187260034904014 0.28675392670157057 0.12958115183246074 0.12565445026178013
