0 0.9423345439870864 0.8316303470540758 0.11452380952380954 0.1506214689265537
0 0.9428369652945923 0.6731073446327683 0.11351896690879758 0.15157384987893477
0 0.9357949959644875 0.5134443099273608 0.1276029055690073 0.14908393866021
0 0.9364769975786925 0.3637590799031477 0.12623890234059737 0.1422074253430185
0 0.9338781275221952 0.21832122679580307 0.13143664245359163 0.13809523809523797
0 0.9351896690879742 0.08163841807909607 0.12881355932203395 0.12639225181598066
0 0.7792171105730427 0.09005246166263117 0.138498789346247 0.13014527845036325
0 0.44822437449556096 0.8377320419693303 0.15125100887812748 0.1492332526230833
0 0.4482445520581114 0.6847255851493139 0.14184826472962073 0.14443099273607723
0 0.4483857949959645 0.5345238095238095 0.14430992736077486 0.14741727199354307
0 0.44959644874899113 0.3846246973365618 0.1455205811138015 0.13898305084745763
0 0.4503430185633575 0.23648103309120258 0.13579499596448746 0.14277643260694117
0 0.4493744955609362 0.09439063761097662 0.13966908797417266 0.13317191283292984
0 0.6149919289749798 0.09562146892655371 0.1252219531880548 0.1226392251815981
0 0.6183333333333333 0.24568200161420503 0.12830508474576274 0.11129943502824859
0 0.6183414043583536 0.39693301049233254 0.13983050847457631 0.10839386602098469
0 0.6155569007263922 0.5311339790153349 0.1479822437449556 0.1355528652138821
0 0.7816485068603712 0.24537933817594837 0.11543583535108955 0.10706214689265534
0 0.784905165456013 0.3768563357546409 0.14818805488297018 0.14322033898305087
0 0.7936642453591606 0.5319612590799031 0.13454398708636006 0.11735270379338172
0 0.18328288942695722 0.17403349475383378 0.09696125907990312 0.09111783696529463
0 0.03019572235673931 0.18105125100887817 0.05970540758676352 0.06073042776432604
0 0.1114366424535916 0.36444915254237287 0.10747376916868442 0.09579096045197731
0 0.21423930589184828 0.48418684422921704 0.1004640839386602 0.09462066182405172
0 0.19963680387409202 0.7470298627925746 0.09929782082324456 0.10163034705407607
0 0.04713075060532688 0.8147841000807103 0.09123486682808718 0.08060129136400312
0 0.616142050040355 0.6864205004035512 0.15899919289749798 0.1469330104923325
0 0.609180790960452 0.8367029862792575 0.15419693301049228 0.14507667473769179
0 0.7855528652138822 0.6678773204196934 0.15988700564971753 0.14608555286521394
