0 0.31448739977090495 0.5500801832760596 0.15974226804123728 0.16396334478808702
0 0.3151575028636884 0.3816437571592211 0.16802405498281778 0.1533218785796106
0 0.11864547537227954 0.36817869415807564 0.16454180985108832 0.15668957617411225
0 0.11241695303550979 0.5439547537227949 0.1739862542955326 0.15915807560137468
0 0.12037227949599087 0.7221764032073311 0.16423825887743426 0.16457044673539514
0 0.11606529209621992 0.8947594501718213 0.16134020618556705 0.15389461626575027
0 0.3153436426116838 0.721016609392898 0.15190148911798382 0.14731386025200466
0 0.3192754868270332 0.9035137457044674 0.15824169530355095 0.16628293241695297
0 0.7254667812142038 0.3606672394043528 0.17735967926689583 0.1494558991981673
0 0.727451317296678 0.554610538373425 0.16789232531500559 0.1621420389461627
0 0.7268041237113403 0.7279037800687285 0.16185567010309304 0.15942726231386012
0 0.724126575028637 0.9044788087056128 0.15798969072164945 0.1586483390607103
0 0.928258877434135 0.8874971363115692 0.14233676975945006 0.17815578465063003
0 0.9256471935853379 0.6957245131729667 0.14756013745704447 0.1785395189003436
0 0.9300057273768614 0.5350486827033218 0.13884306987399767 0.13788659793814415
0 0.9199312714776632 0.366426116838488 0.15899198167239384 0.1811225658648339
