1 0.5890246212121212 0.09338490685191032 0.20926136363636366 0.18676981370382065
1 0.3684785353535353 0.09777391853489105 0.19674242424242436 0.1955478370697821
1 0.952566287878788 0.0958920113672245 0.0942361111111111 0.191784022734449
1 0.14040877525252524 0.08962425007893905 0.2117771464646465 0.1792485001578781
1 0.8189804292929292 0.09589516892958636 0.23558712121212114 0.1917903378591727
0 0.8113636363636365 0.7192453425955163 0.19962121212121242 0.19365329965266811
0 0.8127525252525252 0.5168455952005053 0.19229797979797966 0.18746447742342917
0 0.830697601010101 0.32017682349226395 0.21865530303030303 0.18541206188822223
0 0.5994002525252525 0.3244868961161983 0.19911616161616164 0.18197031891379856
0 0.5829703282828284 0.5196400378907483 0.2014204545454544 0.1933059677928639
0 0.5805713383838382 0.7263498579096936 0.2077967171717172 0.20767287653931155
0 0.35599747474747473 0.7252604988948531 0.20953282828282815 0.20132617619197973
0 0.35361426767676774 0.5213924850015786 0.20476641414141405 0.19516892958635926
0 0.35148358585858586 0.32161351436690877 0.20486111111111108 0.1912535522576571
