0 0.8087841854934602 0.04503567181926278 0.1321343638525565 0.09007134363852556
0 0.796385255648038 0.17077883472057073 0.12494649227110577 0.12966706302021397
0 0.8027972651605233 0.3116527942925089 0.12496432818073734 0.13400713436385264
0 0.80429548156956 0.4557966706302022 0.12315695600475625 0.11908442330558867
0 0.9380202140309156 0.7657253269916766 0.12277051129607598 0.14429250891795498
0 0.9373959571938171 0.6091557669441141 0.12401902497027333 0.14197384066587407
0 0.9428359096313912 0.4648929845422115 0.1131391200951248 0.12633769322235436
0 0.9490219976218787 0.32723840665873966 0.1007669441141499 0.10841260404280625
0 0.9481391200951249 0.17486920332936978 0.10253269916765755 0.12195005945303217
0 0.9586771700356718 0.038674197384066564 0.08145659928656364 0.07734839476813313
0 0.5358739595719382 0.12333234244946495 0.08241379310344826 0.0832164090368609
0 0.21540725326991675 0.9235017835909631 0.08802021403091556 0.08161712247324603
0 0.41384661117717003 0.12413198573127227 0.08642092746730086 0.0784185493460167
0 0.29662306777645664 0.12173305588585015 0.09041617122473254 0.09121878715814509
0 0.17859690844233056 0.11893281807372173 0.08642092746730082 0.08561831153388821
0 0.5970838287752676 0.3605826397146254 0.08482164090368605 0.08082045184304389
0 0.4434542211652794 0.3117717003567182 0.08481569560047565 0.07601664684898929
0 0.33022889417360285 0.31537158145065397 0.08881688466111767 0.09121878715814517
0 0.20860285374554102 0.30817181926278236 0.09521997621878717 0.08802021403091563
0 0.48826397146254463 0.4309958382877527 0.08161712247324612 0.07922116527942927
0 0.37744054696789536 0.43139714625445896 0.08881688466111767 0.08161712247324626
0 0.2550148632580262 0.4241944114149822 0.09201545778834719 0.08321640903686084
0 0.15539239001189062 0.42779726516052324 0.10082045184304401 0.10162306777645642
0 0.43985434007134366 0.9351010701545777 0.08561831153388828 0.07921521997621901
0 0.5954845422116528 0.9706539833531511 0.07841260404280619 0.057502972651605165
0 0.32703032104637336 0.9306985731272295 0.07761593341260405 0.07521403091557675
