0 0.34985138705416113 0.9058949801849405 0.14527741083223253 0.1442206076618231
0 0.18134081902245705 0.7611789960369881 0.13619550858652574 0.13332232496697477
0 0.17926023778071334 0.5917437252311757 0.1392338177014531 0.12945838837516502
0 0.7002972258916776 0.8979194187582562 0.15429326287978865 0.13969616908850727
0 0.7023117569352708 0.7452608982826948 0.15508586525759588 0.15095772787318348
0 0.7057959048877148 0.5921400264200793 0.1506935270805813 0.14108322324966976
0 0.7042107001321005 0.4476387054161163 0.13484147952443845 0.1347093791281374
0 0.6967305151915455 0.29506274768824303 0.14187582562747683 0.14607001321003962
0 0.7006935270805812 0.1434015852047556 0.1507265521796565 0.13809775429326285
0 0.3625330250990753 0.15064398943196827 0.11892338177014536 0.11865918097754291
0 0.8636889035667107 0.7607331571994717 0.13279392338177026 0.13817701453104342
0 0.8757595772787319 0.5984643328929987 0.15931307793923383 0.14309775429326277
0 0.870161822985469 0.4504128137384413 0.15175033025099074 0.14144649933949802
0 0.8703929986789961 0.1482001321003963 0.1526089828269485 0.13252972258916776
0 0.5303632760898283 0.1447093791281374 0.15675033025099078 0.13600396301188908
0 0.8742007926023776 0.9239167767503303 0.11679656538969609 0.11333553500660487
0 0.3621202113606341 0.28953104359313075 0.13929986789960375 0.13071334214002642
0 0.5365257595772788 0.29356010568031704 0.14590488771466315 0.14154557463672388
0 0.5373018494055483 0.44190885072655217 0.1471268163804492 0.14405548216644648
0 0.5333883751651255 0.5954260237780714 0.15052840158520478 0.14270145310435925
0 0.5302509907529723 0.747176354029062 0.15957727873183616 0.14534346103038306
0 0.5281208718626156 0.9016842800528401 0.16350726552179667 0.1561426684280052
0 0.18205085865257598 0.9068031704095113 0.1385402906208719 0.13513870541611625
