1 0.11168821839080445 0.7887284482758622 0.2233764367816089 0.3944109195402299
1 0.23859913793103457 0.7906393678160919 0.3103591954022992 0.3982327586206894
1 0.44632902298850574 0.7940876436781609 0.28929597701149473 0.4089511494252875
1 0.6693821839080462 0.7921695402298851 0.2720689655172416 0.412787356321839
1 0.8712571839080459 0.7873850574712644 0.2546120689655174 0.42235632183908045
0 0.5861925287356322 0.15020833333333342 0.14359195402298863 0.1167959770114942
0 0.5785344827586208 0.35316091954023 0.13977011494252914 0.12827586206896543
0 0.35548850574712626 0.35890086206896543 0.14933908045977018 0.13211206896551728
0 0.35548132183908043 0.15500000000000003 0.12636494252873542 0.12252873563218389
0 0.15349856321839087 0.153096264367816 0.12280172413793138 0.11079022988505735
0 0.1461206896551723 0.3498563218390805 0.12649425287356286 0.12373563218390796
