0 0.1230492424242424 0.3213609093779602 0.12896464646464645 0.1398484370066309
0 0.06292613636363638 0.5188032838648563 0.12585227272727276 0.12614461635617297
0 0.3334406565656565 0.8142658667508683 0.12761363636363643 0.13847805494158508
0 0.5020407196969697 0.8156441427218187 0.12485164141414151 0.12475213135459422
0 0.6987121212121212 0.34947268708556994 0.12898989898989915 0.13572466056204605
0 0.6904955808080808 0.5188095989895801 0.12897095959595978 0.13712030312598683
0 0.6911837121212121 0.6661982949163247 0.12485479797979805 0.12475528891695616
0 0.12648358585858582 0.7285759393748027 0.1577651515151515 0.17821281970318914
0 0.4355571338383838 0.6853868013893275 0.1015625 0.1055699400063151
0 0.8515435606060606 0.2370508367540259 0.1084154040404042 0.11105778339122202
0 0.8488020833333334 0.4296858225449953 0.10019255050505031 0.10968424376381432
0 0.845374053030303 0.5887290811493527 0.1015624999999999 0.10694347963372278
0 0.8481155303030302 0.7470855699400062 0.1043055555555557 0.11379854752131345
0 0.6850157828282829 0.8122102936532997 0.1317108585858586 0.1343669087464478
0 0.33069760101010104 0.5476002526049889 0.1495265151515151 0.15355225765708877
0 0.3457702020202019 0.23842911272497636 0.15227272727272728 0.1576855067887591
0 0.3382417929292929 0.3932901799810546 0.13443813131313137 0.1358699084306914
0 0.5013541666666667 0.23019576886643514 0.12347853535353549 0.12476791916640355
0 0.4944949494949494 0.39540574676349854 0.13993686868686853 0.15083675402589194
0 0.4979166666666667 0.5510309441111462 0.12487373737373733 0.1357215029996843
