0 0.1587745098039216 0.5575554134697358 0.10106138107416884 0.09283461210571194
0 0.8056905370843991 0.23380434782608697 0.09753623188405829 0.09401108269394713
0 0.9408333333333333 0.2332161125319693 0.09988491048593373 0.09049019607843134
0 0.5823550724637682 0.11511508951406647 0.10705456095481676 0.09635976129582265
0 0.7192007672634271 0.12686700767263429 0.101061381074169 0.09166240409207166
0 0.8620971867007673 0.11864023870417732 0.07873827791986378 0.07756180733162828
0 0.15980392156862738 0.7116794543904519 0.11824381926683718 0.11960784313725475
0 0.16455669224211422 0.8706734867860189 0.13286445012787737 0.14339300937766417
0 0.3584398976982096 0.8643648763853369 0.14219948849104858 0.13427109974424556
0 0.350193947144075 0.7019522591645353 0.11283461210571188 0.11604433077578853
0 0.3214705882352941 0.08867433930093777 0.10235294117647052 0.09753623188405798
0 0.32728900255754473 0.23850383631713556 0.09518329070758731 0.09401534526854217
0 0.3367476555839727 0.38715899403239556 0.09741687979539658 0.0951875532821825
0 0.6645545609548167 0.23556692242114233 0.09988491048593355 0.09283887468030687
0 0.52653452685422 0.2343925831202046 0.11034953111679453 0.10223785166240405
0 0.9271994884910486 0.4570801364023871 0.10576300085251533 0.0987127024722932
0 0.7956436487638533 0.46706947996589937 0.09647911338448435 0.09283461210571203
0 0.663497442455243 0.46706947996589937 0.10693520886615515 0.09518755328218254
0 0.5324104859335037 0.46707161125319696 0.0870801364023871 0.0834356351236146
0 0.8991133844842285 0.5622591645353793 0.08930946291560067 0.09048593350383612
0 0.7663213981244672 0.5669565217391304 0.09871270247229316 0.09753623188405791
0 0.6329433077578858 0.5710720375106565 0.09518755328218236 0.0940110826939472
0 0.9367178175618073 0.8137382779198635 0.09871270247229316 0.09988917306052832
0 0.7575106564364876 0.7614428815004262 0.09988917306052869 0.0963640238704177
0 0.8226129582267689 0.8924722932651322 0.10341005967604398 0.09988917306052832
0 0.6204880647911338 0.7684953111679453 0.1151619778346122 0.10576300085251486
0 0.6969884910485934 0.8959974424552429 0.09401108269394691 0.0904859335038364
0 0.5617306052855925 0.8959974424552429 0.10341005967604426 0.097536231884058
0 0.14931372549019606 0.09748721227621483 0.09412617220801349 0.07991048593350383
0 0.15160485933503834 0.25143222506393864 0.10341432225063926 0.09166240409207164
0 0.15518755328218242 0.4030242966751918 0.10799658994032402 0.0940110826939471
0 0.3396867007672634 0.5434548167092924 0.11034526854219963 0.09283461210571194
