0 0.3263376932223543 0.0490784780023781 0.1470868014268728 0.0981569560047562
0 0.15436979785969082 0.1708382877526754 0.14036860879904886 0.14048751486325797
0 0.3224435196195006 0.17538644470868014 0.15011890606420927 0.14126040428061823
0 0.1521997621878716 0.3185196195005946 0.1456599286563615 0.14096313912009523
0 0.31953032104637336 0.32080856123662305 0.15546967895362646 0.14102259215219962
0 0.15603448275862064 0.4635255648038051 0.13537455410225924 0.13715814506539825
0 0.8343638525564805 0.044589774078478 0.13733650416171236 0.089179548156956
0 0.8326397146254458 0.17300832342449465 0.14934601664684885 0.15541022592152207
0 0.8371581450653984 0.33784185493460167 0.1340071343638526 0.12812128418549343
0 0.8349286563614744 0.4834126040428061 0.13454221165279437 0.14268727705112963
0 0.8383174791914387 0.6358501783590963 0.1345422116527942 0.14137931034482776
0 0.8360582639714625 0.7919203329369797 0.16569560047562418 0.13889417360285397
0 0.6650713436385255 0.7805885850178358 0.14988109393579063 0.15011890606420922
0 0.6654280618311534 0.6233055885850177 0.14702734839476825 0.1466111771700356
0 0.6675683709869202 0.4730380499405468 0.14417360285374556 0.14334126040428052
0 0.668757431629013 0.3244054696789537 0.14762187871581464 0.14417360285374556
0 0.6671521997621879 0.18463139120095123 0.13561236623067777 0.13133174791914395
0 0.6648929845422117 0.05567776456599285 0.13418549346016628 0.1113555291319857
0 0.3208085612366231 0.4677467300832343 0.16040428061831152 0.1379904875148635
0 0.5037455410225922 0.04777051129607612 0.1380499405469681 0.09554102259215223
0 0.505499405469679 0.1725326991676575 0.1446492271105828 0.13151010701545782
0 0.5042806183115339 0.3193519619500594 0.14363852556480375 0.14036860879904867
0 0.5044589774078478 0.46715219976218786 0.14554102259215232 0.14393579072532728
0 0.4977705112960761 0.6205410225921522 0.15535077288941748 0.1463139120095127
0 0.493103448275862 0.7743757431629014 0.14589774078478004 0.15017835909631422
0 0.1546967895362664 0.6145362663495838 0.14292508917954824 0.1379904875148632
0 0.3236712247324613 0.6173929845422116 0.15126634958382892 0.14297859690844214
0 0.1483055885850178 0.7643579072532699 0.14583828775267535 0.14512485136741968
0 0.31896551724137934 0.7669143876337694 0.1545778834720571 0.14143876337693229
