0 0.6366991150442476 0.8166902654867255 0.09400000000000026 0.09242477876106205
0 0.24098230088495567 0.5430088495575223 0.08766371681415963 0.08371681415929189
0 0.3882920353982301 0.5477433628318582 0.09003539823008917 0.09162831858407089
0 0.540734513274336 0.5422212389380532 0.1121592920353981 0.10741592920354
0 0.6880442477876109 0.5390619469026547 0.08766371681415966 0.08846017699115044
0 0.31957522123893795 0.42018584070796455 0.10899115044247774 0.10504424778761048
0 0.4645132743362829 0.4103185840707965 0.08923893805309749 0.08530973451327435
0 0.614982300884956 0.4059646017699115 0.09792920353982289 0.10346902654867218
0 0.503212389380531 0.13069911504424783 0.10663716814159285 0.09952212389380534
0 0.6773805309734514 0.1279469026548672 0.10584070796460122 0.09557522123893807
