0 0.522060857538036 0.7830497925311203 0.09565698478561582 0.09226832641770422
0 0.6630082987551867 0.7788035961272474 0.1134301521438454 0.10073305670816038
0 0.7992946058091285 0.7766943291839558 0.09820193637621016 0.09311203319502101
0 0.9463554633471644 0.7813485477178422 0.10452282157676376 0.10073305670816028
0 0.8691286307053944 0.6598755186721994 0.11936376210235154 0.10666666666666651
0 0.7239557399723375 0.6645366528354081 0.09988934993084404 0.09734439834024915
0 0.5885131396957122 0.664536652835408 0.09818810511756547 0.09565698478561527
0 0.44884508990318134 0.6670746887966805 0.0965006915629323 0.09226832641770412
0 0.2270608575380359 0.5570262793914247 0.1134301521438454 0.10243430152143895
0 0.3836652835408021 0.5553319502074691 0.10835408022130034 0.10242047026279416
0 0.5148686030428768 0.5498340248962655 0.10497925311203272 0.09988934993084339
0 0.653271092669433 0.5460165975103735 0.0990456431535266 0.09734439834024915
1 0.8454564315352698 0.16394882434301536 0.16964038727524225 0.3278976486860307
1 0.7195020746887963 0.16800829875518675 0.14118948824343008 0.3360165975103735
0 0.20479253112033172 0.15950899031811902 0.0770262793914247 0.08717842323651478
1 0.09940525587828508 0.1650414937759337 0.15067773167358237 0.3300829875518674
1 0.43209543568464726 0.16969571230982028 0.17096818810511782 0.33939142461964056
