0 0.24186139747995417 0.3520274914089347 0.14776632302405496 0.1550400916380298
0 0.8831643757159221 0.8892497136311569 0.16540091638029805 0.16766323024054988
0 0.8833791523482245 0.7104925544100802 0.1535166093928983 0.15725085910652917
0 0.8794272623138601 0.5364232531500572 0.1501947308132875 0.1528121420389461
0 0.874163802978236 0.36053837342497136 0.14707903780068723 0.14043528064146624
0 0.6665607101947307 0.35010882016036654 0.1665349369988545 0.1439747995418099
0 0.6591552119129439 0.5184020618556701 0.1696048109965635 0.17426116838487968
0 0.6593184421534937 0.6991981672394043 0.17073310423825896 0.16197021764032063
0 0.6662657502863688 0.8837857961053838 0.1722222222222223 0.1801947308132876
0 0.46317296678121417 0.8941008018327606 0.17880870561282936 0.1631156930126002
0 0.4644215349369989 0.7210452462772051 0.17058419243986248 0.1445532646048111
0 0.45856242840778916 0.5464203894616265 0.15664375715922105 0.14335624284077883
0 0.46360252004581903 0.35739690721649486 0.16271477663230238 0.15373997709049259
0 0.25799828178694156 0.5406786941580756 0.15780641466208478 0.14836769759450172
0 0.25461053837342495 0.7121993127147765 0.1624856815578465 0.15200458190148913
0 0.2613430698739977 0.8887457044673539 0.16356815578465064 0.15882016036655225
0 0.060189003436426115 0.37354524627720503 0.11902634593356243 0.11969072164948451
0 0.028321878579610542 0.8973654066437572 0.056643757159221084 0.06396334478808709
0 0.03398625429553265 0.7207989690721649 0.0679725085910653 0.08128865979381439
0 0.043651202749140895 0.5365721649484536 0.08062428407789232 0.07928407789232542
