0 0.5070391414141414 0.8221818755920429 0.1873106060606061 0.2056520366277235
0 0.07784406565656565 0.4373476476160404 0.1556881313131313 0.19286390906220396
0 0.7185763888888888 0.6046416166719293 0.1955492424242423 0.18553836438269652
0 0.7304450757575758 0.8130407325544681 0.2010416666666667 0.18920113672245012
0 0.49971590909090907 0.6155983580675719 0.18914141414141417 0.18736975055257352
0 0.9285669191919192 0.8020682033470161 0.14223484848484852 0.185569940006315
0 0.9249210858585858 0.6137827597095044 0.1495265151515151 0.1690874644774235
0 0.9217171717171717 0.42181875592042944 0.15593434343434348 0.16728765393116518
0 0.9198910984848484 0.22073571203031261 0.15958648989899002 0.14350489422166088
0 0.08117897727272727 0.6288601199873698 0.1618213383838384 0.17000315756236187
0 0.08514835858585859 0.8212661825071046 0.17029671717171718 0.20198926428796982
0 0.2872790404040404 0.8244553204925797 0.2119949494949495 0.21569308493842768
0 0.27769886363636365 0.6233659614777391 0.20924873737373736 0.17732870224186917
0 0.2703756313131313 0.42822860751499847 0.19460227272727273 0.20202083991158817
0 0.26856060606060606 0.23809598989580044 0.19097222222222224 0.16542469213766972
0 0.0700915404040404 0.25317335017366593 0.1401830808080808 0.14259551626144615
0 0.49240845959595964 0.4259235869908431 0.16903409090909097 0.17549731607199245
0 0.49103535353535355 0.25044205873065994 0.17727272727272722 0.15355225765708877
0 0.6980113636363636 0.22576570887275024 0.19097222222222227 0.1645089990527313
0 0.7130839646464647 0.4062835491000947 0.2010416666666666 0.1910325228923271
