0 0.49187574316290134 0.5959304399524377 0.13725921521997617 0.11932818073721765
0 0.3288941736028538 0.8959274673008323 0.15362663495838294 0.13941736028537458
0 0.32752675386444696 0.7457193816884661 0.15600475624256843 0.14411414982164103
0 0.3270511296076099 0.6135077288941735 0.13258026159334124 0.11032104637336507
0 0.502922116527943 0.7577199762187872 0.11668846611177178 0.11113555291319858
0 0.5125743162901306 0.8974316290130795 0.14143876337693229 0.13588585017835908
0 0.6735136741973842 0.6155053507728895 0.1277645659928657 0.11258026159334125
0 0.674934601664685 0.7648483947681333 0.12121284185493464 0.10841260404280621
0 0.6758888228299642 0.9131985731272295 0.11467895362663515 0.10713436385255641
0 0.15502080856123668 0.9168757431629013 0.1265695600475623 0.11785374554102272
0 0.156064209274673 0.7631985731272294 0.13638525564803783 0.12615933412604055
0 0.15527348394768123 0.6162574316290131 0.1397502972651605 0.1210998810939359
