0 0.9404218533886582 0.7178354080221299 0.1100553250345784 0.08676348547717821
0 0.7679460580912862 0.874792531120332 0.11780082987551871 0.09876901798063642
0 0.93865836791148 0.8740940525587828 0.10793914246196391 0.09593360995850646
0 0.7682987551867221 0.722420470262794 0.11568464730290506 0.09452282157676341
0 0.941832641770401 0.5711134163208852 0.0987690179806366 0.08676348547717849
0 0.7679460580912861 0.5760511756569846 0.09663900414937752 0.08817427385892118
0 0.9414799446749652 0.4268533886583679 0.10088520055325034 0.08466113416320895
0 0.7651244813278008 0.43038035961272475 0.10369294605809165 0.09312586445366529
0 0.9354771784232363 0.28506224066390046 0.09734439834024905 0.08887966804979257
0 0.7623029045643154 0.2861203319502075 0.10228215767634842 0.08535269709543578
0 0.5877109266943292 0.3044605809128631 0.09453665283540848 0.08958506224066386
0 0.5873651452282161 0.44625172890733067 0.08958506224066394 0.07690179806362375
0 0.5951175656984785 0.7284163208852006 0.10229598893499312 0.09381742738589208
0 0.591237897648686 0.5947441217150761 0.10159059474412206 0.09170124481327833
0 0.2543499308437068 0.45403181189488234 0.1046334716459193 0.08532503457814652
0 0.08775933609958513 0.4443775933609959 0.09040110650069173 0.09448132780082989
0 0.08827109266943282 0.29760027662517285 0.10970954356846493 0.103609958506224
0 0.2563831258644537 0.3102973720608575 0.10056708160442546 0.08634854771784231
0 0.5975864453665282 0.8747994467496543 0.0959474412171507 0.08464730290456411
0 0.4289903181189486 0.8656224066390041 0.09452282157676369 0.08607192254495158
0 0.25828492392807745 0.8822060857538035 0.09029045643153552 0.08394190871369314
0 0.09533195020746882 0.8871438450899032 0.10864453665283502 0.0924066390041494
0 0.2575795297372061 0.736881051175657 0.09452282157676374 0.08817427385892118
0 0.09356154910096816 0.7393499308437069 0.0909958506224066 0.08464730290456439
0 0.25440525587828483 0.5940387275242047 0.09381742738589201 0.08464730290456411
0 0.09179806362378994 0.5926279391424618 0.09593360995850639 0.08605809128630706
