0 0.35230184147317867 0.11594075260208163 0.10764611689351467 0.10377902321857478
0 0.1684427542033627 0.39240592473979186 0.1325620496397119 0.1300480384307444
0 0.17233787029623698 0.24397117694155326 0.1269015212169736 0.11964771817453966
0 0.17393915132105686 0.10124899919935952 0.12369895916733388 0.11490792634107283
0 0.5165732586068855 0.4058847077662129 0.13194555644515585 0.11985588470776622
0 0.5160928742994395 0.2634907926341073 0.1375500400320258 0.12522017614091258
0 0.5287830264211371 0.11977582065652514 0.1403522818254601 0.12249799839871896
0 0.6565932746196956 0.9808887109687752 0.05986389111289033 0.03662129703762991
0 0.31174939951961567 0.973714971977582 0.04738991192954334 0.050968775020015865
1 0.12526821457165718 0.7070976781425141 0.16971977582065656 0.3241713370696559
1 0.2855564451561248 0.7079983987189753 0.20653322658126508 0.34392313851080875
1 0.45033626901521223 0.7273018414731786 0.21641313050440325 0.3322497998398718
1 0.6249879903923139 0.7385268214571657 0.2496397117694155 0.3295596477181746
0 0.9356925540432346 0.6051761409127302 0.08081665332265817 0.08082465972778217
0 0.9181785428342676 0.41750200160128104 0.09608486789431525 0.09159327461969574
0 0.9585868694955963 0.30121297037630107 0.07991192954363488 0.0745316253002401
0 0.7078742994395516 0.13104883907125697 0.09608486789431525 0.09518014411529215
0 0.6948518815052042 0.2733787029623698 0.10057646116893502 0.10147317854283432
0 0.6957485988791032 0.4228863090472378 0.10416333066453151 0.09877502001601278
0 0.034675740592473935 0.10642113690952758 0.06935148118494787 0.09388310648518812
0 0.03094075260208165 0.24565252201761412 0.0618815052041633 0.09708566853482788
