0 0.8459079903147699 0.7535835351089588 0.12067796610169496 0.13012106537530252
0 0.7044309927360776 0.7557384987893463 0.12527845036319607 0.13365617433414043
0 0.5579661016949152 0.7561743341404359 0.12726392251815963 0.12774818401937055
0 0.40535108958837773 0.7557627118644068 0.13108958837772414 0.14154963680387422
0 0.2613559322033897 0.7594237288135594 0.13317191283292976 0.13647457627118623
0 0.11079903147699754 0.7545520581113802 0.1427602905569006 0.14368038740920086
0 0.11021791767554476 0.5819612590799031 0.13656174334140436 0.1421307506053269
0 0.2648668280871671 0.5865617433414044 0.1430024213075059 0.14590799031477006
0 0.413317191283293 0.5850605326876512 0.13627118644067776 0.1477481840193704
0 0.5601452784503632 0.5880145278450364 0.13278450363196137 0.15142857142857133
0 0.8540677966101695 0.4150121065375303 0.12857142857142848 0.1484745762711865
0 0.7163922518159805 0.4122518159806296 0.1410653753026636 0.1559322033898307
0 0.5657869249394673 0.4113801452784504 0.15811138014527842 0.16309927360774826
0 0.4162953995157385 0.40585956416464886 0.12895883777239722 0.14392251815980617
0 0.11845036319612597 0.23782082324455206 0.15670702179176751 0.1661985472154964
0 0.2728208232445521 0.23744552058111382 0.1479661016949154 0.16239709443099268
0 0.4171283292978208 0.2386585956416465 0.13145762711864406 0.13236803874092004
0 0.5569685230024213 0.2373995157384988 0.1317675544794188 0.12924939467312355
0 0.712823244552058 0.23712106537530264 0.14403874092009666 0.12392736077481831
0 0.851404358353511 0.2384019370460048 0.12460048426150135 0.12929782082324454
0 0.9636077481840194 0.0706053268765133 0.07181598062953996 0.08116222760290552
0 0.8540677966101695 0.06784503631961261 0.13583535108958833 0.13569007263922522
0 0.7062711864406779 0.07237288135593223 0.12953995157384987 0.14474576271186446
0 0.5695641646489102 0.07145278450363193 0.1389346246973366 0.14290556900726387
0 0.4216949152542373 0.07278450363196123 0.14062953995157393 0.14556900726392247
0 0.273317191283293 0.07334140435835353 0.14808716707021805 0.14668280871670705
0 0.12164648910411623 0.06883777239709442 0.15234866828087162 0.13767554479418884
0 0.5657772397094432 0.9442736077481838 0.07783050847457645 0.07605326876513312
0 0.1301573849878935 0.9670895883777241 0.06346246973365625 0.06422276029055701
