1 0.07749563699825475 0.6241623036649214 0.1549912739965095 0.4295811518324608
1 0.23211169284467714 0.596304537521815 0.2705061082024433 0.4303926701570681
1 0.42550174520069806 0.5878272251308899 0.28585514834205944 0.4231239092495638
1 0.6164746945898778 0.5712739965095986 0.3092670157068064 0.4077835951134382
1 0.7957373472949388 0.5611780104712043 0.341561954624782 0.3908202443280979
0 0.6922643979057593 0.9624650959860382 0.08878708551483418 0.07466841186736492
0 0.46747818499127397 0.959629144851658 0.0789179755671898 0.07187609075043629
0 0.14320244328097742 0.06365619546247822 0.16804537521815005 0.12731239092495644
0 0.14629144851657927 0.21884816753926695 0.16762652705061074 0.14188481675392658
0 0.807111692844677 0.05013089005235606 0.12085514834205924 0.10026178010471212
0 0.48678010471204197 0.2060209424083771 0.15174520069808034 0.13909249563699835
0 0.6748691099476438 0.20602094240837684 0.14537521815008714 0.1282722513089005
0 0.6433682373472949 0.05095986038394413 0.12774869109947654 0.10191972076788826
0 0.8181195462478182 0.19599476439790578 0.10236474694589869 0.10125654450261799
0 0.9599563699825481 0.20044938917975563 0.07834205933682382 0.10555846422338554
0 0.9537478184991274 0.043136998254799254 0.09075916230366494 0.08627399650959851
0 0.3107329842931936 0.06086387434554973 0.14415357766143083 0.12172774869109947
0 0.3158813263525306 0.21483420593368238 0.15410122164048903 0.14013961605584632
0 0.4839877835951136 0.059598603839441495 0.15069808027923196 0.11570680628272244
