0 0.6099929939280709 0.659542269967305 0.09563288183092011 0.08631480616534339
0 0.4948014946286782 0.6461933675852405 0.09128444652031763 0.0794862213918731
0 0.3488720224194301 0.648986454927604 0.10121905651564687 0.08507239607659989
0 0.23150397010742646 0.6573703876693134 0.09128444652031763 0.08569827183559092
0 0.10513778608127043 0.6629588977113499 0.106809901914993 0.08693601120971522
0 0.5646613731900981 0.8005067725361981 0.10308267164876224 0.08383465670247559
0 0.4327043437645961 0.8433535730966839 0.09501167678654837 0.08258757589911282
0 0.30229799159271364 0.8452148528724895 0.08507239607659967 0.0763801961700138
0 0.16940681924334425 0.8476996730499767 0.08879962634283048 0.08010742643624465
0 0.6363848668846334 0.9203573096683793 0.08631480616534339 0.07886501634750107
0 0.5081527323680524 0.9569943951424569 0.10060252218589445 0.08134983652498824
0 0.3727790751985054 0.9635147127510507 0.08445586174684724 0.07203643157403088
0 0.2417515179822513 0.9659995329285379 0.06830453059318077 0.06706679121905673
0 0.11258757589911256 0.9666207379729098 0.07451658103689865 0.06582438113031286
0 0.6275922466137319 0.2521788883699206 0.15378327884166276 0.14309668379262017
0 0.8197571228397945 0.5570761326482953 0.15347968239140575 0.1459131247080804
0 0.8237505838393273 0.7136851938346567 0.15390004670714608 0.15077066791219068
0 0.8338159738439981 0.8733535730966837 0.16674451191032225 0.1455861746847267
0 0.6234283045305932 0.08144325081737507 0.13713218122372714 0.13470340962167207
0 0.5639350770667912 0.5126879962634283 0.11528724894908926 0.1043110695936477
0 0.3008103689864549 0.5191359177954227 0.11066324147594578 0.10011209715086397
0 0.1487132181223727 0.5254624007473143 0.11031760859411488 0.09987389070527794
0 0.08794955628211115 0.26976879962634276 0.13460999532928536 0.1294021485287249
0 0.07538533395609529 0.11223260158804302 0.11387202241943016 0.10500700607192899
0 0.25933208780943484 0.10189163942083139 0.13299392807099486 0.12064455861746844
0 0.2637435777673984 0.26961233068659507 0.13640822045773007 0.12009341429238668
