0 0.2990179806362379 0.8383609958506224 0.0725034578146611 0.06319502074688824
0 0.18609958506224067 0.8425242047026279 0.07593360995850619 0.0724896265560164
0 0.06191562932226839 0.8452213001383126 0.0852420470262794 0.08474412171507595
0 0.23582295988934993 0.7469986168741355 0.08132780082987544 0.07739972337482723
0 0.11752420470262788 0.7457814661134163 0.08769017980636233 0.09258644536652838
0 0.08151452282157677 0.5380636237897648 0.08621023513139703 0.0827939142461966
0 0.19819502074688797 0.5350414937759335 0.083250345781466 0.08225449515905954
0 0.2919017980636238 0.4575933609958507 0.08939142461964036 0.08735822959889368
0 0.13750345781466117 0.427627939142462 0.08939142461964036 0.0863485477178424
0 0.031673582295988906 0.4311825726141079 0.06334716459197781 0.08532503457814629
0 0.20352697095435682 0.22752420470262794 0.10970954356846466 0.09853388658367881
0 0.07300138312586442 0.22955048409405246 0.09446749654218528 0.0944813278008298
1 0.8365836791147995 0.5687206085753802 0.18995850622406615 0.28239280774550485
1 0.6699861687413554 0.5738035961272476 0.19604426002766254 0.27629322268326406
1 0.5069502074688795 0.5773651452282159 0.21738589211618234 0.27528354080221307
0 0.6451798063623789 0.09284923928077454 0.11639004149377576 0.10298755186721964
0 0.8063692946058091 0.08896957123098193 0.11005532503457811 0.09946058091286318
0 0.6398893499308438 0.23780774550484085 0.10157676348547699 0.0895850622406639
0 0.8035477178423237 0.23392807745504837 0.09594744121715097 0.08887966804979248
0 0.9592807745504842 0.08932226832641776 0.07867219917012454 0.09029045643153522
0 0.9589280774550485 0.23286998616874138 0.07937759336099597 0.08958506224066387
0 0.966749654218534 0.9508990318118947 0.06373443983402483 0.08337482710926698
0 0.966749654218534 0.8090110650069157 0.06373443983402483 0.08045643153526978
0 0.4821645919778699 0.958298755186722 0.08629322268326418 0.08063623789764868
0 0.647455048409405 0.8112033195020747 0.08923928077455048 0.07897648686030401
0 0.46314661134163215 0.8236376210235131 0.09508990318118948 0.08337482710926708
