0 0.7036178107606679 0.047527829313543615 0.13959183673469341 0.09505565862708723
0 0.7202597402597403 0.23713358070500926 0.13710575139146594 0.13313543599257902
0 0.734165120593692 0.43758348794063084 0.14705009276437847 0.13462894248608526
0 0.7537847866419296 0.6561641929499072 0.14654916512059368 0.13661410018552872
0 0.7607421150278294 0.8638126159554731 0.16641929499072378 0.148534322820037
0 0.4442486085343227 0.06790352504638224 0.1608534322820038 0.13580705009276448
0 0.2036178107606679 0.2664656771799629 0.15139146567717976 0.1531539888682745
0 0.4532003710575139 0.253061224489796 0.1477736549165118 0.14397031539888686
0 0.20983302411873844 0.453339517625232 0.1573283858998144 0.16141001855287568
0 0.46641929499072343 0.45983302411873844 0.16029684601113137 0.15176252319109454
0 0.22439703153988874 0.662569573283859 0.18348794063079793 0.16502782931354376
0 0.47138218923933195 0.6561224489795917 0.1798701298701299 0.16326530612244897
0 0.23951762523191097 0.8686920222634508 0.18033395176252331 0.18209647495361772
0 0.4871521335807049 0.8693413729128016 0.18747680890538027 0.1692949907235621
0 0.1949165120593693 0.07891001855287576 0.129666048237477 0.11574211502782931
