0 0.39030264279624893 0.4156649616368287 0.14087809036658142 0.12544757033248088
0 0.39275362318840584 0.5694799658994032 0.14612105711849957 0.1326513213981244
0 0.3903665814151747 0.730072463768116 0.13870417732310314 0.12442455242966756
0 0.3979113384484228 0.8885336743393009 0.13529411764705881 0.13188405797101446
0 0.5819075021312873 0.8844416027280478 0.13754901960784313 0.12958226768968453
0 0.5848252344416027 0.7262148337595908 0.13222506393861883 0.12685421994884902
0 0.5804774083546462 0.5773231031543052 0.13137254901960785 0.12710997442455232
0 0.5858482523444161 0.42269820971867 0.13734015345268533 0.1277493606138107
0 0.5824808184143223 0.26611253196930945 0.1350383631713556 0.12540494458653026
0 0.5720907928388747 0.11984867860187552 0.1312233589087809 0.1193222506393862
0 0.9462894288150041 0.9088363171355498 0.10656862745098052 0.13252344416027273
0 0.945225916453538 0.7561381074168798 0.10869565217391304 0.12497868712702476
0 0.9460144927536233 0.6071184995737425 0.10711849957374267 0.11278772378516617
0 0.38798167092924124 0.25001918158567776 0.14219522591645362 0.12691815856777494
0 0.759268968456948 0.11311594202898552 0.11645780051150888 0.10693947144075021
0 0.762265558397272 0.2647080136402387 0.1010613810741689 0.09283461210571185
0 0.7627962489343565 0.4157139812446718 0.10682011935208868 0.10811167945439036
0 0.7681415174765559 0.5784718670076726 0.12221653878942886 0.10928815004262567
0 0.7663213981244672 0.7206649616368287 0.1162233589087808 0.10693947144075021
0 0.9438256606990623 0.30172634271099746 0.09518755328218245 0.089309462915601
0 0.9405583972719525 0.44725063938618925 0.11803069053708438 0.11888320545609543
0 0.9431798806479114 0.14778346121057118 0.09154305200341004 0.08225916453537939
