0 0.18748517200474502 0.6833135626729933 0.10465005931198094 0.11442467378410436
0 0.05262949782522732 0.7715757216291025 0.10525899565045464 0.11385132463424294
0 0.05234084618426251 0.6062633451957296 0.10468169236852502 0.11902728351126923
0 0.1805832344800317 0.524614472123369 0.11615262949782522 0.11672597864768675
0 0.04745353894820086 0.44986358244365365 0.09490707789640172 0.11327402135231317
0 0.8766211941478845 0.8762277580071174 0.07992487149070801 0.0885488335310397
0 0.8797825227362592 0.7359272439699486 0.07474891261368125 0.08165282720442861
0 0.8737465401344405 0.5634262554369316 0.07877817319098425 0.08855278766310785
0 0.85505931198102 0.40558916567813363 0.09430209568999602 0.09487149070778958
0 0.06041913799920915 0.928904705417161 0.1208382759984183 0.1271648873072361
0 0.19300118623962045 0.8414788453934361 0.12479240806642937 0.12874654013444062
