0 0.03880818053596613 0.49038081805359673 0.07761636107193226 0.12118476727785629
0 0.4992101551480959 0.0620521861777151 0.12222849083215785 0.11394922425952073
0 0.5002468265162201 0.2635260930888576 0.1243018335684062 0.12118476727785592
0 0.5085331452750352 0.4717348377997178 0.13466854724964736 0.129478138222849
0 0.7441889985895628 0.43911142454160795 0.129478138222849 0.12222849083215805
0 0.9596967559943582 0.45256699576868836 0.07778561354019761 0.11187588152327213
0 0.7493723554301834 0.2562764456981664 0.12949224259520453 0.12741889985895616
0 0.9555571227080394 0.2562764456981665 0.086064880112835 0.11912552891396339
0 0.7384978843441465 0.061064880112834924 0.1367418899858955 0.12212976022566985
0 0.9514104372355429 0.06153032440056418 0.094358251057828 0.11290550070521889
0 0.746191819464034 0.640550070521862 0.20493653032440054 0.1826516220028209
0 0.5128349788434413 0.66212976022567 0.17912552891396313 0.16516220028208725
0 0.27672778561354017 0.6719322990126939 0.190691114245416 0.1881523272214384
0 0.05451339915373763 0.6975317348377996 0.10902679830747526 0.17700987306064886
