0 0.7507935222672064 0.8664898785425103 0.08952226720647803 0.08013765182186218
0 0.967400809716599 0.867574898785425 0.06357894736842135 0.06497975708502024
1 0.4934129554655872 0.21966396761133608 0.22885020242914986 0.33608906882591105
1 0.30444534412955465 0.22228340080971662 0.21708502024291493 0.3282429149797572
1 0.11351821862348192 0.2183603238866397 0.21446963562753027 0.3570121457489879
0 0.5311336032388666 0.82668016194332 0.16947368421052644 0.16299595141700374
0 0.5286234817813767 0.6534008097165992 0.16267206477732796 0.1557085020242912
0 0.5268825910931172 0.4936437246963561 0.16469635627530338 0.1440485829959515
0 0.3246153846153847 0.4907287449392712 0.17246963562753037 0.1513360323886641
0 0.3275708502024293 0.6535222672064779 0.17611336032388666 0.1622672064777329
0 0.3367611336032387 0.8280161943319839 0.17522267206477746 0.16631578947368422
0 0.13542510121457488 0.8261133603238866 0.1772469635627527 0.16445344129554695
0 0.13672064777327927 0.6555870445344131 0.16639676113360324 0.15651821862348195
0 0.1308502024291499 0.49251012145748985 0.15659919028340089 0.1424291497975705
0 0.9684979757085019 0.027327935222672066 0.06138461538461564 0.05465587044534413
0 0.8121538461538459 0.03382591093117407 0.08952226720647803 0.06765182186234814
0 0.8973481781376522 0.1636720647773279 0.10540080971659922 0.10251821862348187
0 0.7453765182186235 0.16150607287449395 0.10035627530364406 0.08663967611336035
0 0.8630526315789475 0.39108502024291497 0.11190283400809707 0.10829149797570865
0 0.966655870445344 0.5141619433198381 0.06497165991902813 0.06573279352226703
0 0.7558461538461541 0.5185141700404858 0.10829149797570824 0.09890688259109313
0 0.8619716599190281 0.7513400809716599 0.08374898785425129 0.07940890688259117
0 0.7493522267206479 0.6906963562753037 0.08085829959514144 0.0779757085020241
