0 0.45975405546834125 0.7876896912611199 0.08250130821559386 0.09385138670852958
0 0.35195185766614334 0.8479304029304029 0.08376766091051806 0.08624280481423331
0 0.3541705913134484 0.7195211930926216 0.08059654631083202 0.08814756671899525
0 0.7260858189429619 0.9598482469911043 0.0850340136054422 0.07925693354264776
0 0.16710361067503926 0.8615646258503401 0.08947671376242793 0.09701726844583977
0 0.16773940345368912 0.7172998430141287 0.08693877551020399 0.09131344845630564
0 0.15967294610151753 0.3406410256410256 0.14030873888016723 0.14383568812140246
0 0.7549450549450548 0.35931449502878077 0.1313448456305599 0.15285190999476714
0 0.7520931449502878 0.5302197802197801 0.12689691261119837 0.13956043956043954
0 0.6084772370486654 0.5264259549973836 0.14400837257980106 0.1458922030350602
0 0.4616692830978545 0.5229461015175301 0.13956043956043943 0.15159602302459443
0 0.3130559916274202 0.5188121402407117 0.14071166928309758 0.1440607012035583
0 0.1594976452119309 0.5121664050235479 0.1437990580847722 0.15128205128205122
0 0.6683804290947147 0.851101517530089 0.09518053375196249 0.10145996860282573
0 0.670282574568289 0.7258608058608058 0.10532705389848258 0.11477760334903196
0 0.35195185766614345 0.9614338042909472 0.10152799581371005 0.07608581894296182
0 0.05277341705913129 0.9204133961276819 0.10554683411826259 0.12772370486656226
0 0.05024594453165881 0.7731763474620618 0.10049188906331762 0.10566195709052859
0 0.7508110936682367 0.1792517006802721 0.13448456305599166 0.13757195185766613
0 0.6059236002093145 0.17354788069073782 0.1363893249607535 0.14646781789638932
0 0.45941915227629504 0.17354788069073782 0.13893249607535318 0.14646781789638932
0 0.30609628466771327 0.16941391941391942 0.13359497645211912 0.1298273155416013
0 0.1556253270538984 0.1640240711669283 0.12946101517530093 0.13003663003663
