0 0.07175865800865802 0.48345779220779217 0.10414502164502154 0.10314935064935064
0 0.054772727272727285 0.14259740259740253 0.10954545454545457 0.13004329004329
0 0.056006493506493504 0.7676948051948053 0.11201298701298701 0.12132034632034654
0 0.3251082251082251 0.05990259740259743 0.16103896103896095 0.11980519480519486
0 0.32754329004329 0.2053030303030303 0.15833333333333327 0.15714285714285706
0 0.33268398268398264 0.36774891774891766 0.15194805194805178 0.15367965367965367
0 0.32916666666666666 0.5306277056277056 0.15681818181818163 0.1575757575757574
0 0.3273809523809524 0.6933982683982682 0.1627705627705629 0.1534632034632034
0 0.3257034632034633 0.8613095238095237 0.1743506493506492 0.15963203463203454
0 0.5108766233766235 0.8569805194805195 0.1637445887445886 0.16049783549783533
0 0.5134740259740258 0.6931818181818182 0.17348484848484844 0.15259740259740262
0 0.5147186147186146 0.5340367965367964 0.16883116883116883 0.15508658008658002
0 0.5152056277056276 0.37397186147186146 0.1646103896103894 0.15032467532467544
0 0.512012987012987 0.21044372294372285 0.17012987012987016 0.15508658008658002
0 0.5135822510822512 0.06212121212121209 0.17391774891774905 0.12424242424242418
0 0.7005411255411257 0.05946969696969696 0.1545454545454544 0.11893939393939391
0 0.6959415584415584 0.20443722943722942 0.1602813852813852 0.15930735930735937
0 0.7004329004329005 0.3658549783549785 0.16125541125541124 0.1518398268398268
0 0.6967532467532467 0.5247835497835498 0.15367965367965364 0.15432900432900448
0 0.695508658008658 0.6824675324675326 0.16612554112554112 0.15606060606060604
0 0.8784090909090908 0.8579545454545454 0.16590909090909092 0.15660173160173146
0 0.8735389610389611 0.69258658008658 0.16547619047619028 0.1561688311688311
0 0.8770562770562771 0.5286255411255412 0.1718614718614719 0.15854978354978363
0 0.8776515151515152 0.36829004329004317 0.1646103896103895 0.15151515151515146
0 0.8744588744588745 0.2080086580086581 0.1727272727272727 0.15411255411255426
0 0.8740800865800866 0.06482683982683979 0.17521645021645 0.12965367965367958
