0 0.18014520202020204 0.5898958004420587 0.10511363636363641 0.11291443005999366
0 0.7505160984848485 0.7450315756236185 0.13703598484848475 0.13147142406062523
0 0.8876830808080808 0.7454973160719924 0.13265151515151521 0.12723081780865178
0 0.7380350378787878 0.2878986422481844 0.10391729797979803 0.1134670034733186
0 0.33349747474747476 0.7534101673508053 0.10623737373737373 0.12046100410483103
0 0.7448453282828283 0.5878560151562994 0.12855429292929293 0.13328702241869278
0 0.7419854797979797 0.44269813703820643 0.10851641414141423 0.11482475528891689
0 0.6242929292929293 0.43194505841490366 0.11436868686868688 0.1127439216924534
0 0.47779829545454544 0.4416466687717082 0.10386679292929286 0.10540890432586038
0 0.3349984217171717 0.43445058414903687 0.0969602272727272 0.10917903378591721
0 0.1885921717171717 0.4334764761604042 0.09315656565656563 0.10604357436059356
0 0.3382765151515152 0.5958667508683297 0.11496843434343433 0.11713924850015797
0 0.4906818181818182 0.5992990211556679 0.11400252525252519 0.11387432901799824
0 0.6166508838383838 0.5940164193242817 0.11328914141414137 0.11559835806757188
0 0.8796843434343434 0.4261698768550679 0.13185606060606045 0.13742974423744866
0 0.8756676136363636 0.2677518155983581 0.13528093434343438 0.13465740448373853
0 0.6125394570707071 0.2865661509314809 0.10058396464646463 0.10878118092832331
0 0.4789236111111111 0.2833375434164825 0.10272095959595963 0.09973476476160403
0 0.18636363636363637 0.2685664666877171 0.09974747474747475 0.11168298073886963
0 0.19795770202020202 0.1339690558888538 0.10775252525252527 0.10644142721818756
0 0.3360527146464647 0.12493684875276286 0.1049021464646465 0.10581938743290181
0 0.4685842803030303 0.12452952320808337 0.08937815656565658 0.10008525418377014
0 0.6107417929292929 0.1307341332491317 0.09850378787878795 0.1028323334385854
0 0.8716003787878789 0.11645247868645407 0.1225189393939396 0.1197947584464793
0 0.7287089646464647 0.11677928639090622 0.07711489898989894 0.07713924850015787
0 0.8910874368686867 0.9007657088727502 0.13064709595959584 0.12523839595832023
0 0.754207702020202 0.9038853804862645 0.1283333333333333 0.12828228607515016
0 0.6151672979797979 0.9017761288285442 0.10577651515151515 0.11068834859488474
0 0.4856171085858585 0.9034575307862329 0.10728219696969692 0.1073886959267446
0 0.3384311868686869 0.9140448373855384 0.10278409090909096 0.11103252289232732
0 0.19763257575757576 0.9148784338490685 0.11991792929292928 0.11600884117461331
0 0.1838604797979798 0.747425007893906 0.11412247474747475 0.11625828860119984
0 0.8812863005050504 0.5851562993369119 0.13528093434343438 0.13097568676981383
0 0.49008838383838377 0.7484196400378907 0.11376262626262616 0.11699084306915072
0 0.6208601641414142 0.7459220082096621 0.11943497474747473 0.1265961477739186
