0 0.7458674188998592 0.8578067700987306 0.10225669957686877 0.09801128349788445
0 0.8751339915373767 0.8448377997179124 0.09272214386459837 0.08688293370944968
0 0.5427009873060648 0.5627221438645981 0.08794076163610713 0.08953455571227084
0 0.48177009873060656 0.4472355430183357 0.10277856135402025 0.1011847672778562
0 0.6579478138222847 0.556904090267983 0.08311706629054978 0.08317348377997179
0 0.5932933709449929 0.4363751763046544 0.08317348377997207 0.08369534555712262
0 0.7612834978843442 0.5513328631875881 0.08634696755994388 0.09112834978843465
0 0.7045416078984484 0.43981664315937946 0.08423131170662934 0.08000000000000003
0 0.8664456981664316 0.5113328631875881 0.0794640338504939 0.08105782792665735
0 0.814478138222849 0.3971720733427363 0.09112834978843465 0.09005641748942163
0 0.4595275035260932 0.8914527503526093 0.08794076163610709 0.08476727785613541
0 0.62910437235543 0.8678772919605079 0.10700987306064869 0.10331452750352604
0 0.47464739069111406 0.12751763046544423 0.09276445698166419 0.09748942172073356
0 0.5824541607898449 0.1261918194640337 0.08693935119887204 0.08000000000000004
0 0.8002186177715092 0.12222143864598022 0.08159379407616416 0.083709449929478
0 0.895021156558533 0.2374471086036672 0.05937940761636091 0.06516220028208754
0 0.6730253878702401 0.15083215796897032 0.07733427362482356 0.07734837799717902
0 0.7641678420310294 0.24301128349788428 0.08576868829337068 0.09112834978843427
0 0.6632510578279266 0.24062059238363878 0.0832299012693938 0.0895345557122708
0 0.5374471086036671 0.24724259520451333 0.0815796897038078 0.07840620592383626
0 0.43279266572637526 0.25174894217207333 0.08747531734837793 0.0874188998589563
