0 0.8860272988505749 0.18310344827586214 0.10987068965517251 0.10617816091954034
0 0.1353663793103447 0.04053879310344832 0.09510057471264376 0.08107758620689665
0 0.14183189655172418 0.21126436781609187 0.10248563218390827 0.09971264367816107
0 0.13352011494252883 0.39316091954022986 0.10617816091954035 0.10709770114942556
0 0.28540948275862066 0.37340517241379306 0.09972701149425262 0.09879310344827578
0 0.292801724137931 0.18822557471264367 0.09787356321839064 0.10331896551724148
1 0.7962931034482759 0.7724568965517242 0.34482758620689663 0.41163793103448265
1 0.6115301724137931 0.7724568965517241 0.3620545977011492 0.39632183908045965
1 0.44017241379310323 0.7695833333333333 0.37928160919540227 0.37525862068965515
1 0.2669037356321839 0.7724497126436782 0.36587643678160897 0.3618534482758619
1 0.13876436781609203 0.7724568965517241 0.27752873563218405 0.3695114942528736
0 0.4714583333333333 0.36827586206896545 0.10248563218390798 0.09408045977011502
0 0.4760704022988506 0.18818247126436785 0.10248563218390802 0.09972701149425299
0 0.6699712643678161 0.17803160919540226 0.10617816091954041 0.09971264367816075
0 0.6598132183908046 0.36637931034482757 0.11356321839080452 0.10525862068965548
0 0.8689439655172415 0.3705387931034483 0.12742816091954023 0.11725574712643703
