0 0.8994555694618271 0.9197747183979975 0.08291614518147689 0.07904881101376734
0 0.7727596996245305 0.9329474342928661 0.08834793491864848 0.08214017521902388
0 0.6414017521902379 0.9321714643304129 0.0922152690863583 0.08524405506883594
0 0.36514392991239053 0.9224843554443055 0.08988735919899836 0.08602002503128914
0 0.5701063829787235 0.7314643304130164 0.08136420525657038 0.08060075093867347
0 0.707665832290363 0.7295306633291614 0.08524405506883621 0.08291614518147689
0 0.8471464330413014 0.7268147684605757 0.07749687108886112 0.06974968710888621
0 0.9273529411764705 0.6322715894868587 0.08136420525657123 0.0744055068836045
0 0.6274530663329161 0.6082478097622028 0.08446808510638264 0.07594493116395472
0 0.9103066332916144 0.3935919899874844 0.09067584480600725 0.07439299123904891
0 0.7650062578222778 0.39824155193992483 0.09299123904881075 0.07903629536921161
0 0.6596182728410511 0.3207509386733417 0.08369211514392991 0.07749687108886102
0 0.550738423028786 0.3963016270337924 0.08600750938673389 0.08136420525657072
0 0.34886107634543184 0.12468710888610762 0.09299123904881071 0.08679599499374206
0 0.3519649561952441 0.28510012515644556 0.09299123904881067 0.08834793491864838
0 0.3620400500625783 0.44318523153942435 0.08833541927409251 0.08524405506883621
0 0.3550625782227784 0.6051501877346683 0.07903629536921157 0.08058823529411784
0 0.36281602002503116 0.7663391739674592 0.09454317897371707 0.08524405506883594
0 0.18496871088861072 0.9310075093867334 0.09842302878598289 0.08602002503128896
0 0.1810888610763455 0.7764080100125157 0.09376720901126419 0.08833541927409275
0 0.17838548185231537 0.6128973717146434 0.09143929912390485 0.08834793491864829
0 0.18225281602002488 0.44938673341677093 0.09454317897371711 0.08833541927409257
0 0.17528160200250306 0.27929286608260323 0.09919899874843527 0.08446808510638297
0 0.17063204005006263 0.1200375469336671 0.08989987484355437 0.0806007509386733
