0 0.12345957446808505 0.04523404255319147 0.13231489361702128 0.09046808510638293
0 0.4773702127659574 0.041489361702127664 0.13513191489361706 0.08297872340425533
1 0.9264255319148936 0.4320255319148935 0.1454468085106385 0.3364425531914894
1 0.7431276595744682 0.4381702127659574 0.17956595744680862 0.33172765957446787
1 0.5205617021276595 0.43911914893617016 0.17673191489361706 0.3298297872340424
1 0.30508510638297875 0.423051063829787 0.17672340425531902 0.3695234042553192
1 0.10174468085106378 0.4277744680851064 0.20348936170212756 0.3638553191489363
0 0.0721276595744681 0.8199787234042553 0.08316595744680833 0.07844255319148948
0 0.2975234042553191 0.8100595744680851 0.07654468085106388 0.07560851063829763
0 0.5248127659574469 0.8039148936170213 0.09828936170212768 0.09545531914893601
0 0.7435957446808509 0.8010936170212765 0.12191489361702133 0.1086553191489363
0 0.935191489361702 0.7818765957446808 0.12791489361702146 0.17074893617021283
0 0.29311489361702125 0.04667234042553194 0.129531914893617 0.09334468085106389
