0 0.9515832290362954 0.15188360450563207 0.09433041301627018 0.09608260325406758
0 0.7691989987484354 0.17009386733416781 0.10770963704630784 0.09067584480600757
0 0.5890300375469337 0.1518773466833542 0.12088861076345453 0.11314142678347915
0 0.39528785982478104 0.1650563204005006 0.11778473091364218 0.11469336670838563
0 0.20193992490613266 0.17163954943679602 0.11546933667083854 0.1108135168961204
0 0.038010012515644565 0.17203379224030027 0.07602002503128913 0.10849812265331671
1 0.911770963704631 0.5325219023779724 0.17395494367959918 0.3222403003754691
1 0.7540863579474345 0.540619524405507 0.20471839799749714 0.3152065081351691
1 0.5735919899874843 0.5293178973717148 0.19889862327909905 0.34426783479349193
1 0.3892177722152691 0.5386545682102628 0.17758448060075105 0.3358072590738422
1 0.20550062578222783 0.5425594493116396 0.1821151439299124 0.34737171464330424
0 0.044918648310387964 0.8508448060075093 0.08983729662077593 0.12674593241551943
0 0.21992490613266585 0.8366708385481852 0.1300876095118899 0.11173967459324127
0 0.4033792240300376 0.8358322903629536 0.11674593241551937 0.10673341677096347
0 0.5935106382978724 0.8116520650813517 0.12341677096370446 0.10841051314142724
0 0.6051752190237797 0.9623216520650812 0.12341677096370446 0.07285356695869838
0 0.9487296620775972 0.80081351689612 0.10003754693366673 0.10340425531914897
0 0.9503942428035044 0.9548122653316644 0.09670838548185214 0.08787234042553188
