0 0.2803735632183908 0.041244083840432724 0.1086240703177823 0.08248816768086545
0 0.5565838404327248 0.03789722785665991 0.10032116294793778 0.07579445571331982
0 0.09238336713995947 0.3868526031102096 0.15012170385395546 0.1355578093306289
0 0.0891413116970926 0.2416108857336038 0.14054090601757946 0.12880662609871538
0 0.7437525354969575 0.7083215010141988 0.07828938471940508 0.08416159567275185
1 0.9650862068965517 0.6632538877620014 0.06915145368492236 0.672816091954023
0 0.4178718728870859 0.30463995943204875 0.08416159567275176 0.08514198782961459
0 0.5181812035158891 0.6618373901284652 0.09296822177146724 0.09688640973630828
0 0.6842241379310344 0.03463488843813387 0.1014435429344151 0.06926977687626774
0 0.0857014874915483 0.09212812711291414 0.14955713319810676 0.13886747802569305
0 0.6268069641649763 0.7083215010141988 0.08709601081812009 0.08807640297498316
0 0.10970757268424607 0.9523292765382015 0.10744759972954696 0.08545638945233273
0 0.756473968897904 0.28653482082488163 0.09786342123056133 0.09003380662609872
0 0.7545165652467883 0.4308823529411765 0.0900338066260989 0.08709939148073025
0 0.5460699797160244 0.2948546315077756 0.08807640297498306 0.07926977687626777
0 0.28184246112238 0.30757606490872214 0.09003380662609863 0.08318458417849899
0 0.2803752535496957 0.43871027721433403 0.0851386071670048 0.08318120351588906
0 0.6928701825557809 0.6060581473968898 0.09784989858012164 0.08905341446923593
0 0.34790060851926974 0.6124171737660582 0.08709939148073015 0.07828938471940498
0 0.4110209601081812 0.7088100067613252 0.08220419202163629 0.08318458417849899
0 0.2877163624070317 0.7141937119675458 0.0998208248816768 0.08807640297498306
0 0.6957995267072347 0.892792427315754 0.09394523326572 0.08318458417849889
0 0.576898242055443 0.8927924273157538 0.08709601081812046 0.07535496957403647
0 0.34545300878972274 0.8918137254901959 0.0861189993238674 0.07926639621365776
1 0.1179242731575389 0.7083215010141989 0.13407031778228537 0.30728532792427316
0 0.40857674104124403 0.4302281947261663 0.10079107505070982 0.10210615280595005
0 0.5383231913455038 0.42973968897903986 0.11139959432048681 0.09916835699797161
0 0.6479327248140635 0.34525524002704533 0.09769100743745777 0.08611561866125758
0 0.371631169709263 0.14945233265720081 0.09541244083840432 0.09214334009465858
0 0.49404496281271126 0.14749830966869507 0.10796822177146724 0.10554428668018934
0 0.6199577417173764 0.14700642325895877 0.11841446923597017 0.10064570655848548
0 0.749947599729547 0.14096179851250845 0.11091615956727517 0.10421568627450979
0 0.4297025016903313 0.04329107505070994 0.10453008789722777 0.08658215010141988
