0 0.6612910241202057 0.6640510083036774 0.1000514037168841 0.10580071174377237
0 0.5204151838671411 0.4605021747726374 0.09890075128509306 0.10465005931198104
0 0.5212791617240016 0.6059766706207987 0.08452748121787261 0.09200079082641353
0 0.928954132068011 0.7715757216291025 0.10982601818900743 0.11385132463424294
0 0.9237781731909847 0.6062633451957296 0.1190233293792011 0.11902728351126923
0 0.9180288651640964 0.44986358244365365 0.11097271648873062 0.11327402135231317
0 0.9373270067220245 0.928904705417161 0.12423882957690792 0.1271648873072361
0 0.14666666666666667 0.496439304072756 0.10465005931198103 0.11672202451561871
0 0.6529537366548043 0.833964017398181 0.1006247528667458 0.11212732305258992
0 0.5281771451166468 0.9320007908264136 0.1006247528667457 0.09890075128509324
0 0.5227164887307235 0.7572024515618822 0.10350336101225784 0.11155001977066027
0 0.1544286279161724 0.8529379201265324 0.1006247528667457 0.10867536575721627
0 0.14580268880980624 0.6709509687623566 0.10407671016211939 0.11385132463424276
