1 0.8681628787878787 0.09777391853489105 0.19674242424242425 0.1955478370697821
1 0.6400931186868687 0.08962425007893905 0.2117771464646465 0.1792485001578781
1 0.40763731060606057 0.09213766971897695 0.21804608585858584 0.1842753394379539
1 0.17518150252525255 0.08899747395011053 0.23934659090909097 0.17799494790022105
0 0.8556818181818182 0.7252604988948531 0.2095328282828283 0.20132617619197973
0 0.853298611111111 0.5213924850015786 0.2047664141414143 0.19516892958635926
0 0.8511679292929292 0.32161351436690877 0.20486111111111108 0.1912535522576571
0 0.1634738005050505 0.7162472371329333 0.1683175505050505 0.15696558257025567
0 0.1630050505050505 0.5251184085885696 0.1726641414141414 0.1735712030312599
0 0.3872790404040404 0.3139248500157878 0.18207070707070708 0.1710767287653931
0 0.1590909090909091 0.3240290495737291 0.18080808080808083 0.16747710767287657
