0 0.04770796460176989 0.6361415929203537 0.09541592920353978 0.11256637168141577
0 0.21029203539823008 0.636141592920354 0.11948672566371697 0.11946902654867253
0 0.11781415929203538 0.4816194690265487 0.09994690265486711 0.09994690265486683
0 0.2895575221238938 0.48507079646017703 0.10109734513274338 0.09994690265486766
0 0.3797345132743363 0.6298230088495573 0.11143362831858396 0.11143362831858414
0 0.5491681415929203 0.6292389380530973 0.12176991150442468 0.11716814159292
0 0.7186283185840708 0.6240707964601768 0.12061946902654856 0.11143362831858414
0 0.9259734513274337 0.6131592920353981 0.10568141592920342 0.10107964601769855
0 0.6336106194690266 0.4787522123893808 0.0907610619469027 0.08500884955752244
0 0.8202831858407079 0.4804778761061943 0.11716814159292017 0.11143362831858414
