0 0.9215799739921976 0.4572951885565671 0.09925877763329015 0.08710013003901178
0 0.9266449934980495 0.6163133940182055 0.09521456436931075 0.08508452535760731
0 0.9276592977893368 0.774817945383615 0.10127438231469461 0.0941872561768531
0 0.9104421326397918 0.9287646293888167 0.09521456436931075 0.0860858257477242
0 0.7418010403120936 0.9287646293888167 0.0941872561768529 0.08811443433029896
0 0.5574642392717815 0.9338296488946684 0.10634590377113137 0.09824447334200277
0 0.3857932379713914 0.9328218465539662 0.10331599479843949 0.08811443433029896
0 0.5772236671001301 0.777854356306892 0.09520156046814048 0.09217165149544854
0 0.394408322496749 0.7733029908972693 0.10431729518855663 0.08710013003901158
0 0.5757022106631989 0.6208712613784134 0.09215864759427835 0.08811443433029914
0 0.3979518855656697 0.616814044213264 0.10128738621586479 0.0901430429128737
0 0.5686150845253577 0.4633745123537062 0.09824447334200259 0.09520156046814048
0 0.3857997399219766 0.46185305591677495 0.10736020806241865 0.09215864759427807
0 0.5529063719115734 0.302334200260078 0.09723016905071521 0.08508452535760735
0 0.36908322496749024 0.30232769830949285 0.0962158647594278 0.08912873862158642
0 0.5640507152145644 0.1428088426527958 0.09317295188556572 0.0860858257477242
0 0.3817425227568271 0.13876462938881662 0.09318595578673601 0.08608582574772425
0 0.21362808842652797 0.14630689206762035 0.09531859557867361 0.09019505851755527
0 0.1968400520156047 0.3030234070221066 0.09308192457737322 0.09468140442132632
0 0.21459037711313395 0.466144343302991 0.09594278283485046 0.08763328998699621
0 0.22322496749024706 0.6217490247074122 0.09786736020806237 0.09306892067620301
0 0.22882314694408323 0.7778283485045514 0.08986996098829649 0.09370611183355035
0 0.20899219765929777 0.9347139141742523 0.10266579973992199 0.09788036410923284
0 0.030520156046814042 0.9329518855656697 0.06044213263979194 0.06491547464239276
0 0.05163198959687907 0.7735110533159947 0.08347204161248374 0.08124837451235363
0 0.04891417425227569 0.6244603381014305 0.09148244473342004 0.09019505851755548
0 0.03868010403120936 0.4658257477243173 0.07036410923276984 0.0671781534460337
0 0.9144018205461639 0.29914824447334204 0.1021716514954487 0.09728218465539672
0 0.9166384915474644 0.14081274382314696 0.10664499349804944 0.09892067620286091
0 0.7499609882964889 0.1410143042912874 0.10215864759427823 0.09524057217165136
