0 0.8286963383838383 0.49058572781812443 0.09981691919191932 0.09966214082728142
0 0.8130160984848486 0.34914903694347965 0.09004734848484858 0.08881907167666565
0 0.3414457070707071 0.3676886643511209 0.10915404040404027 0.11078623302810237
0 0.18049400252525252 0.3655683612251342 0.11370265151515144 0.11578465424692137
0 0.039977904040404036 0.36717713924850015 0.07995580808080807 0.10953583833280707
0 0.04409722222222224 0.5122039785285759 0.08819444444444448 0.12134512156615083
0 0.19008680555555552 0.6603220713609094 0.1138226010101009 0.1259614777391853
0 0.36074810606060603 0.6502841806125671 0.11878156565656577 0.12229239027470802
0 0.8440893308080808 0.630836754025892 0.10680239898989896 0.11148721187243442
0 0.874018308080808 0.7768155983580676 0.11325126262626253 0.10958320176823487
0 0.7081818181818182 0.7806299336911904 0.11674242424242418 0.11553204925797274
0 0.5344349747474747 0.7927376065677297 0.1242992424242425 0.12396589832649185
0 0.3702335858585859 0.7940006315124724 0.126199494949495 0.13583833280707291
0 0.20209911616161616 0.8060309441111462 0.13525883838383843 0.1372276602462898
0 0.04542297979797979 0.8090622039785287 0.09084595959595958 0.13009156930849378
0 0.5214630681818181 0.49679823176507726 0.09652462121212121 0.09361540890432585
0 0.6647806186868687 0.34650931480896746 0.12128472222222227 0.11041048310704134
0 0.504887941919192 0.3513372276602463 0.1044981060606061 0.09571518787496053
0 0.5281770833333335 0.6353347016103569 0.1124715909090909 0.10369119040101042
0 0.35311710858585854 0.5114856330912536 0.1193023989898991 0.12215029996842428
0 0.1861111111111111 0.518523839595832 0.12152777777777775 0.12531417745500484
0 0.6914299242424242 0.6309267445532049 0.1049179292929292 0.09571518787496053
0 0.04550189393939393 0.6550520997789706 0.09100378787878786 0.11926113040732549
0 0.6738194444444445 0.4874755288916956 0.10755681818181834 0.10416482475528888
