0 0.6124675324675323 0.11402597402597403 0.17038961038961015 0.16675324675324674
0 0.4229870129870131 0.906883116883117 0.14987012987013004 0.1457142857142859
0 0.4243506493506494 0.7517532467532467 0.15831168831168788 0.1533766233766236
0 0.4259090909090907 0.5921428571428571 0.14740259740259742 0.1554545454545455
0 0.4271428571428569 0.43590909090909086 0.15766233766233773 0.15545454545454557
0 0.42623376623376624 0.2766233766233766 0.15818181818181773 0.14961038961038967
0 0.42733766233766235 0.11396103896103897 0.1580519480519485 0.161948051948052
0 0.6124675324675324 0.2723376623376623 0.1724675324675327 0.1384415584415585
0 0.6108116883116883 0.5878506493506495 0.15629870129870116 0.14481818181818187
0 0.6076623376623378 0.7466233766233765 0.17688311688311664 0.16051948051948076
0 0.6024025974025973 0.9055194805194805 0.15909090909090912 0.14896103896103866
0 0.7912987012987016 0.900064935064935 0.1532467532467532 0.14818181818181805
0 0.7922077922077922 0.7463636363636365 0.14909090909090933 0.14363636363636342
0 0.7921428571428573 0.5905844155844155 0.14948051948051935 0.15233766233766263
0 0.7934415584415585 0.4317532467532467 0.15467532467532463 0.15207792207792215
0 0.7922727272727271 0.27292207792207795 0.1635064935064937 0.14922077922077917
0 0.7925324675324676 0.11110389610389611 0.1640259740259744 0.16324675324675317
0 0.07467532467532467 0.4291558441558442 0.14935064935064934 0.14610389610389607
0 0.074935064935065 0.272987012987013 0.14987012987013 0.14649350649350662
0 0.07545454545454533 0.115064935064935 0.15090909090909066 0.15766233766233761
0 0.24402597402597417 0.11577922077922084 0.1493506493506494 0.1585714285714286
0 0.24564935064935076 0.2758441558441558 0.1528571428571426 0.14389610389610383
0 0.24646753246753242 0.4300064935064935 0.15475324675324711 0.1537792207792208
0 0.23980519480519463 0.5900649350649352 0.14948051948051938 0.14948051948051963
0 0.2418831168831169 0.7429220779220781 0.14714285714285744 0.1484415584415583
0 0.23740259740259734 0.9028571428571428 0.15636363636363648 0.15350649350649365
