0 0.2031163954943679 0.9514768460575719 0.11173967459324123 0.09454317897371697
0 0.37906758448060074 0.791645807259074 0.10674593241551929 0.09172715894868579
0 0.38323529411764695 0.9517459324155197 0.10173967459324144 0.0917271589486857
0 0.8026783479349187 0.7099186483103878 0.11674593241551974 0.10506883604505599
0 0.9235919899874844 0.7974718397997496 0.10172715894868595 0.09339173967459309
0 0.6951063829787232 0.7991489361702128 0.09839799749687099 0.09006257822277859
0 0.5632853566958695 0.8024780976220274 0.088523153942428 0.10007509386733437
0 0.9180600750938673 0.9736357947434292 0.0906633291614519 0.050225281602002486
0 0.6731789737171466 0.3305068836045057 0.09221526908635784 0.07981226533166459
0 0.5983979974968712 0.4699937421777221 0.09609511889862347 0.09067584480600761
0 0.7921276595744683 0.4603066332916145 0.09609511889862367 0.0852440550688359
0 0.9347183979974967 0.45797872340425533 0.08988735919899887 0.08369211514392981
0 0.9593742177722152 0.11856070087609515 0.07874843554443064 0.0743929912390489
0 0.8479286608260322 0.11933667083854821 0.08834793491864848 0.08833541927409279
0 0.7099812265331663 0.1166207759699624 0.10229036295369216 0.09221526908635803
0 0.5786357947434292 0.12398623279098867 0.10615769712140134 0.0914518147684605
0 0.37831664580725916 0.14607008760951193 0.10539424280350437 0.09376720901126417
0 0.21518773466833538 0.15614518147684606 0.0999624530663328 0.09842302878598232
0 0.03533166458072593 0.15188360450563207 0.07066332916145186 0.09608260325406758
1 0.3359511889862327 0.5122465581977472 0.24992490613266588 0.3358072590738422
1 0.1541614518147684 0.5231539424280351 0.22344180225281626 0.3254818523153944
0 0.03443053817271589 0.80081351689612 0.06886107634543177 0.10340425531914897
0 0.19811013767209004 0.7974718397997494 0.10841051314142663 0.1034042553191487
