0 0.5072639225181599 0.43295399515738503 0.12397094430992729 0.14397094430992738
0 0.21232445520581117 0.5936077481840193 0.1188861985472155 0.12455205811138025
0 0.2187675544794189 0.08876997578692494 0.1205762711864407 0.12121065375302663
0 0.3669757869249394 0.09687167070217918 0.11784503631961256 0.13263922518159807
0 0.5173389830508475 0.09256174334140436 0.10624213075060533 0.11085714285714288
0 0.2204503631961259 0.2658111380145278 0.12258595641646482 0.1440193704600484
0 0.37232445520581114 0.2667312348668281 0.1163680387409201 0.1313317191283293
0 0.5060774818401937 0.26520581113801456 0.10503631961259075 0.12256658595641647
0 0.22104116222760292 0.4308474576271187 0.12615012106537532 0.1508958837772397
0 0.36464891041162223 0.42891041162227606 0.12532687651331711 0.14837772397094443
1 0.7570677966101694 0.9235230024213075 0.33218886198547226 0.15198547215496355
1 0.7579128329297821 0.7769661016949153 0.33218401937046016 0.1461937046004842
1 0.7570677966101694 0.6024648910411623 0.33049394673123483 0.15210653753026643
1 0.7528426150121066 0.43641646489104113 0.3102179176755449 0.16984987893462464
1 0.747772397094431 0.2775496368038741 0.3000774818401938 0.1816852300242131
0 0.3715496368038741 0.6004358353510897 0.12905569007263917 0.13995157384987889
1 0.7769249394673124 0.05110169491525424 0.30598547215496363 0.10220338983050847
1 0.7663631961259081 0.1254406779661017 0.31697820823244566 0.20703631961259084
0 0.5054237288135593 0.5987651331719128 0.11719128329297818 0.13757869249394664
0 0.2119128329297821 0.9276513317191282 0.12920096852300242 0.14372881355932196
0 0.36784503631961263 0.9300242130750606 0.13849878934624704 0.13898305084745763
0 0.5039709443099273 0.9285714285714285 0.12377723970944313 0.14043583535108964
