0 0.7959280303030303 0.528765393116514 0.15808080808080788 0.14714240606251974
0 0.7945549242424242 0.6850647300284182 0.14801136363636375 0.1581307230817808
0 0.7968276515151516 0.8422797600252606 0.14895833333333333 0.14714240606251974
0 0.6099589646464646 0.5356173034417431 0.1608270202020203 0.14076413009156935
0 0.6140782828282828 0.6850647300284182 0.15624999999999992 0.14897379223239654
0 0.618197601010101 0.845484685822545 0.16448863636363634 0.15904641616671925
0 0.4216066919191919 0.5341964003789075 0.15129419191919197 0.14430059993684874
0 0.42758838383838377 0.6885538364382696 0.15429292929292937 0.14452162930217882
0 0.4351167929292929 0.851499842121882 0.16038510101010103 0.16002526049889482
0 0.06775568181818181 0.5353646984527944 0.13551136363636362 0.1414587938111777
0 0.06859217171717169 0.6885538364382696 0.13718434343434338 0.14534259551626158
0 0.07362689393939394 0.8442532365014208 0.14725378787878787 0.15033154404799506
1 0.7705255681818182 0.3143274392169245 0.22377209595959585 0.24820650457846546
1 0.5962279040404039 0.3158509630565204 0.20398358585858586 0.24211556678244398
1 0.424971590909091 0.30975844647931794 0.17201388888888894 0.24516261446163562
1 0.253716856060606 0.3196574044837385 0.1491824494949495 0.23145879381117776
1 0.07624526515151518 0.3225086832964951 0.15249053030303036 0.22617934954215338
