0 0.15153896103896103 0.12905194805194806 0.11416883116883116 0.09714285714285709
0 0.3348181818181818 0.1460779220779221 0.11418181818181809 0.10716883116883115
0 0.5321168831168831 0.04774675324675323 0.12218181818181806 0.09549350649350646
0 0.6718246753246753 0.0447467532467533 0.10115584415584422 0.0894935064935066
0 0.8135324675324674 0.036733766233766195 0.08412987012987004 0.07346753246753239
0 0.9242012987012987 0.09499999999999997 0.08712987012987035 0.07511688311688303
0 0.8140389610389612 0.1826233766233766 0.09714285714285731 0.08812987012986995
0 0.6713246753246752 0.18162987012987014 0.08812987012987007 0.07811688311688318
0 0.5326103896103896 0.18062337662337669 0.09114285714285726 0.08812987012987
0 0.9667077922077922 0.36840909090909085 0.06398701298701288 0.09112987012987023
0 0.9066753246753246 0.48508441558441556 0.0901298701298699 0.09214285714285726
0 0.7884935064935065 0.42399350649350653 0.10815584415584407 0.09614285714285715
0 0.6012142857142857 0.3709090909090909 0.0941428571428572 0.08412987012987014
0 0.6753246753246753 0.4825844155844155 0.08412987012987042 0.08111688311688313
0 0.5446298701298701 0.4840779220779221 0.09112987012987028 0.08412987012987042
0 0.9692142857142858 0.6898896103896105 0.058974025974025956 0.08712987012987006
0 0.8540974025974026 0.6898896103896105 0.08912987012987017 0.0791298701298702
0 0.6027142857142858 0.6918896103896103 0.09714285714285702 0.08912987012986999
0 0.9166883116883117 0.7965519480519481 0.08212987012987022 0.08011688311688313
0 0.7960064935064937 0.801551948051948 0.08512987012987006 0.07811688311688311
0 0.6658116883116884 0.7965454545454547 0.08112987012987012 0.08412987012987004
0 0.5341168831168832 0.7975519480519481 0.08412987012987004 0.07811688311688321
1 0.3640194805194805 0.48333766233766234 0.19949350649350636 0.3112727272727274
1 0.19625324675324676 0.4869480519480521 0.23915584415584426 0.30405194805194796
0 0.34214285714285714 0.7644805194805194 0.14636363636363628 0.12818181818181817
0 0.1581168831168831 0.7585714285714288 0.14818181818181808 0.12519480519480533
