0 0.18598642676767682 0.3944095358383328 0.17727588383838386 0.16179665298389648
0 0.3897506313131313 0.3998847489737922 0.16811868686868695 0.16360909377960212
0 0.11151199494949497 0.2129649510577834 0.1726830808080809 0.16087148721187242
0 0.5706818181818182 0.40262709188506474 0.17910353535353538 0.16542469213766972
0 0.06192708333333332 0.8262898642248183 0.12385416666666664 0.16270287338174935
0 0.06284090909090911 0.6311335648879065 0.12568181818181823 0.15080517840227353
0 0.23167140151515153 0.834054310072624 0.16997159090909095 0.1709188506473003
0 0.24173137626262628 0.636629302178718 0.17727588383838389 0.15265866750868334
0 0.48432922979797977 0.23170666245658356 0.17086805555555565 0.1654467950742027
0 0.4162515782828282 0.7275718345437323 0.14984532828282834 0.14625197347647614
0 0.5871306818181818 0.8450221029365331 0.18823863636363616 0.16909062203978528
0 0.5802777777777778 0.6283912219766341 0.16905303030303034 0.15814019576886654
0 0.29609848484848483 0.22667508683296494 0.17635101010101023 0.1645216293021787
