0 0.6840445269016698 0.8530148423005567 0.14564007421150285 0.13886827458256046
0 0.8256864564007422 0.47227272727272723 0.0892764378478665 0.08499072356215225
0 0.6205241187384045 0.5083256029684601 0.08583487940630796 0.08841372912801497
0 0.875417439703154 0.8701298701298701 0.14397031539888713 0.1285714285714286
0 0.5106447124304268 0.5023191094619667 0.07383116883116876 0.07124304267161435
0 0.8686085343228201 0.6757235621521336 0.07554730983302387 0.07640074211502781
0 0.6660204081632652 0.6877411873840445 0.08927643784786642 0.09013914656771813
0 0.49776901669758805 0.6847309833024119 0.08069573283859004 0.08241187384044524
0 0.49562152133580706 0.8675834879406308 0.08842300556586274 0.08756029684601122
0 0.31706864564007425 0.8671521335807051 0.08842300556586265 0.08326530612244909
0 0.33252319109461975 0.6868784786641929 0.08669758812615953 0.09013914656771795
0 0.12907699443413728 0.8731586270871986 0.0849814471243044 0.09184601113172547
0 0.13207792207792207 0.6873098330241186 0.09270871985157683 0.08927643784786642
0 0.2350927643784786 0.5186270871985158 0.09614100185528764 0.09185528756957342
0 0.0749953617810761 0.5121892393320965 0.07811688311688317 0.07725417439703149
