0 0.4664759458197106 0.21939747781410554 0.11053246146660446 0.10184026156001866
0 0.10932741709481548 0.23597617935544135 0.12187762727697342 0.11637085474077531
0 0.48087342363381597 0.384049509574965 0.12101821578701531 0.11886968706212048
0 0.48397944885567484 0.5346567024754788 0.11163007940214857 0.11172349369453531
0 0.5025455394675385 0.6923867351704811 0.12382064455861745 0.11536665109761797
0 0.1330453059318075 0.5348201774871555 0.16099953292853794 0.14866884633348904
0 0.1320177487155534 0.38010275572162544 0.15137786081270424 0.14096216721158333
0 0.13741242410088747 0.6973843998131715 0.15291919663708556 0.14722092480149465
0 0.13897711349836525 0.8603456328818309 0.15091078935077062 0.1352638953759925
0 0.31898645492760397 0.8620037365716954 0.14773470340962155 0.1288650163475013
0 0.3088510042036432 0.5429939280709949 0.12223260158804283 0.12634283045305933
0 0.2945119103222794 0.38236805231200366 0.14362447454460536 0.12083138720224192
0 0.2894745446053245 0.23138486688463333 0.12299392807099482 0.1096730499766464
0 0.8514479215319942 0.9584166277440448 0.12092480149462843 0.08223260158804298
0 0.6736081270434376 0.8370084072863149 0.11657636618402603 0.12346099953292862
0 0.8404577300326949 0.8286431574030826 0.11491826249416158 0.11973376926669768
0 0.6754343764595981 0.6818192433442316 0.12050910789350756 0.11940681924334419
0 0.6690705277907519 0.5254670714619337 0.12276506305464717 0.11272769733769257
0 0.8274147594581971 0.5205371321812238 0.11564222326015891 0.11931807566557673
0 0.8420060719290052 0.6747991592713686 0.1257683325548806 0.12391872956562366
0 0.6585497431106959 0.3690121438580103 0.10673049976646438 0.11615600186828574
0 0.8212540868752919 0.3615506772536198 0.11379262027090152 0.12533395609528256
0 0.8098995796356842 0.2135894441849603 0.1067678654834191 0.10761793554413825
0 0.6413755254553947 0.2132508173750584 0.11265296590378314 0.10906118636151334
0 0.4961980382998599 0.8507800093414292 0.11736571695469412 0.1163755254553946
