0 0.20833806818181816 0.5950505209977898 0.10424558080808079 0.11561414587938121
0 0.5121306818181818 0.7718061256709821 0.10055555555555547 0.1038901168298074
0 0.5149494949494949 0.9458904325860436 0.09082070707070695 0.10156930849384263
0 0.3650063131313132 0.4244300599936848 0.11205808080808081 0.11891379854752131
0 0.5050536616161616 0.6034843700663088 0.10590909090909088 0.11171139880012634
0 0.06424084595959596 0.6070097884433218 0.12848169191919193 0.1353962740764131
0 0.21749210858585863 0.7760246289864225 0.11278724747474751 0.11509314808967477
0 0.055261994949494964 0.7837748658035997 0.11052398989898993 0.1348373855383644
0 0.6404513888888888 0.26877170824123775 0.08346590909090901 0.09118408588569622
0 0.6332228535353535 0.10754973160719924 0.09794823232323231 0.10647300284180612
0 0.4973137626262626 0.10521787180296811 0.09279040404040391 0.09676981370382064
0 0.3571606691919192 0.09819071676665614 0.09887310606060602 0.0986169876855068
0 0.20826231060606065 0.08398484370066309 0.11415088383838388 0.10541206188822229
0 0.04867424242424244 0.09649036943479633 0.09734848484848488 0.10572466056204612
0 0.36452809343434334 0.9452778654878435 0.09856376262626261 0.09826018313861695
0 0.2041177398989899 0.9504973160719926 0.10211174242424237 0.09688980107357113
0 0.05800347222222222 0.4367145563624881 0.11600694444444444 0.1275497316071993
0 0.21971275252525252 0.42660246289864223 0.1099431818181817 0.12102936532996517
0 0.4961489898989899 0.2636990843069151 0.09065025252525238 0.10276918219134823
0 0.6585621843434343 0.5965614145879382 0.07856376262626248 0.09294600568361218
0 0.3654624368686869 0.5969387432901799 0.08913825757575751 0.09520997789706342
0 0.36886363636363634 0.7733833280707294 0.08989267676767661 0.09294284812125042
0 0.6593181818181818 0.7688490685191033 0.08158459595959595 0.08387432901799813
0 0.6759359217171717 0.9471802968108619 0.08309659090909097 0.08841174613198607
0 0.36055397727272726 0.26012314493211247 0.09235164141414148 0.09754973160719922
