0 0.06489361702127659 0.3 0.12978723404255318 0.12851063829787235
0 0.07906382978723411 0.45263829787234044 0.15812765957446823 0.1427234042553192
0 0.07199999999999993 0.624595744680851 0.14399999999999985 0.1314042553191488
0 0.25545531914893604 0.6312255319148937 0.15499574468085098 0.13325957446808512
0 0.24128510638297868 0.14405531914893616 0.12852765957446805 0.12283404255319164
0 0.3901446808510639 0.03091063829787238 0.11249361702127685 0.06182127659574476
0 0.4189404255319148 0.30043829787234044 0.10203404255319135 0.09925957446808502
0 0.42697021276595754 0.4568510638297872 0.10486808510638329 0.105872340425532
0 0.4359872340425531 0.6156510638297872 0.10777021276595745 0.10959999999999999
0 0.5767702127659573 0.02854893617021273 0.09825531914893594 0.05709787234042546
0 0.7946085106382977 0.44597446808510643 0.1086553191489363 0.09926808510638288
0 0.787063829787234 0.29336170212765955 0.09736170212765961 0.10961702127659567
0 0.7795234042553192 0.1421404255319149 0.08793191489361683 0.09074893617021265
0 0.0650255319148936 0.15538723404255322 0.09922553191489335 0.09072340425531925
0 0.2578255319148937 0.46348085106382964 0.12947234042553202 0.1153021276595745
0 0.6022978723404255 0.6260340425531915 0.07938723404255336 0.07938723404255317
0 0.594740425531915 0.46962127659574465 0.07371914893617004 0.0765531914893617
0 0.5848170212765957 0.317936170212766 0.057651063829787484 0.06237446808510631
0 0.960012765957447 0.01957021276595745 0.05197446808510676 0.0391404255319149
0 0.8080127659574468 0.6034893617021277 0.11844255319148955 0.11182978723404244
0 0.5947234042553193 0.1506595744680851 0.0944680851063829 0.0945106382978723
0 0.41236595744680854 0.1549106382978723 0.09266382978723371 0.09361702127659573
