0 0.755124458874459 0.4734253246753248 0.12356060606060615 0.11524891774891771
0 0.9004599567099567 0.345827922077922 0.11379870129870147 0.10834415584415569
0 0.550762987012987 0.15075757575757578 0.13369047619047617 0.13623376623376623
0 0.8216991341991342 0.14780844155844153 0.1270129870129868 0.12433982683982685
0 0.6516991341991343 0.34326298701298713 0.11590909090909085 0.10925324675324681
0 0.510275974025974 0.8360497835497835 0.12604978354978363 0.1262554112554111
0 0.6637283549783549 0.8344588744588746 0.12773809523809526 0.12424242424242428
0 0.5867965367965368 0.6722510822510821 0.12222943722943719 0.11543290043290047
0 0.8375811688311687 0.8294318181818181 0.11481601731601745 0.116655844155844
0 0.7550487012987013 0.6778463203463203 0.12457792207792205 0.11961038961038967
0 0.546185064935065 0.48122835497835487 0.11622294372294374 0.11821428571428567
