0 0.5381557707828893 0.5014729620661824 0.11941081517352714 0.11368038740920093
0 0.5379317998385795 0.6581719128329298 0.11355528652138808 0.12142857142857141
0 0.5523264729620662 0.7991323648103308 0.12893058918482636 0.12163034705407592
0 0.5592090395480226 0.9375706214689266 0.12756255044390635 0.1225988700564971
0 0.3888418079096045 0.9293179983857949 0.15500403551251005 0.1405569007263925
0 0.3799717514124294 0.7952542372881355 0.13272800645682006 0.12153349475383361
0 0.37260492332526224 0.6626412429378532 0.12786521388216301 0.11815577078288947
0 0.366182405165456 0.5047820823244552 0.11662631154156576 0.11206618240516547
0 0.3527845036319612 0.36961460855528655 0.11946731234866827 0.11563761097659406
0 0.1818805488297014 0.09006255044390638 0.10096852300242143 0.09735673930589185
0 0.18862792574656972 0.22390637610976594 0.1180790960451977 0.10996771589991935
0 0.19736884584342218 0.36234463276836165 0.12495560936238899 0.11502824858757062
0 0.054937449556093615 0.9374818401937045 0.10987489911218723 0.12422921711057325
0 0.057243744955609334 0.7914911218724778 0.11448748991121867 0.14908393866020989
0 0.05359160613397899 0.6418058918482646 0.10718321226795798 0.14220742534301856
0 0.055225988700564936 0.49636803874092006 0.11045197740112987 0.13809523809523797
0 0.05230024213075057 0.35968523002421315 0.10460048426150113 0.1263922518159807
0 0.040637610976594046 0.22673527037933816 0.08127522195318809 0.11448748991121874
0 0.040399515738498745 0.09209443099273609 0.08079903147699749 0.10803066989507669
0 0.5270581113801454 0.35816182405165453 0.11618240516545612 0.11515334947538337
0 0.7355326876513316 0.9429782082324454 0.11561743341404339 0.10492332526230821
0 0.7184806295399515 0.7913821630347053 0.146735270379338 0.12385391444713478
0 0.7105569007263922 0.6493946731234866 0.11601291364003234 0.10799031476997578
0 0.7078490718321226 0.4932203389830509 0.12199354317998369 0.11549636803874098
0 0.8863196125907992 0.4805286521388216 0.13301049233252643 0.12845036319612604
0 0.8698345439870864 0.34445117029862793 0.12877320419693328 0.11836158192090396
0 0.846186440677966 0.2100080710250202 0.13046811945117026 0.11380145278450367
0 0.8419128329297821 0.06267958030669896 0.10546408393866012 0.09531880548829702
0 0.9108676351896691 0.7106557707828894 0.08652945924132376 0.08382970137207414
0 0.6929842615012106 0.35636803874092005 0.11920500403551237 0.11218724778046811
0 0.687685633575464 0.2089729620661824 0.1139911218724777 0.11825262308313154
0 0.6790213882163034 0.0760633575464084 0.11639628732849058 0.09823648103309121
0 0.5074979822437449 0.0840052461662631 0.10652138821630346 0.10672719935431797
0 0.5166868442292171 0.22966707021791768 0.11188054882970137 0.09961662631154151
