0 0.46809492847854345 0.6154551365409623 0.10266579973992229 0.10266579973992201
0 0.28185955786736017 0.6202275682704812 0.09152145643693115 0.08516254876462936
0 0.8284200260078024 0.6145903771131339 0.07676202860858289 0.07407022106631968
0 0.46955786736020827 0.7707997399219767 0.11053315994798438 0.104772431729519
0 0.2722756827048113 0.7729128738621588 0.11206762028608568 0.11284785435630713
0 0.10397919375812748 0.7719505851755526 0.08712613784135241 0.0809882964889466
0 0.09944083224967495 0.6155396618985696 0.10163849154746465 0.09901170351105348
1 0.8763459037711314 0.3528673602080625 0.24470741222366696 0.3135630689206763
1 0.7623146944083224 0.3563003901170351 0.3274382314694404 0.31494148244473313
1 0.5807802340702208 0.3556111833550065 0.31094928478543543 0.30256176853055894
1 0.3978673602080624 0.3404876462938882 0.3081924577373211 0.31356306892067637
1 0.21977893368010404 0.34254876462938877 0.2790377113133945 0.3149284785435631
1 0.08620286085825743 0.34529908972691803 0.17240572171651486 0.32042912873862167
