0 0.2803735632183908 0.10543779580797837 0.1086240703177823 0.09541244083840432
0 0.5565838404327248 0.09719912102772144 0.10032116294793778 0.09850236646382689
0 0.09238336713995947 0.4575084516565247 0.15012170385395546 0.1355578093306288
0 0.0891413116970926 0.31226673427991886 0.14054090601757946 0.1288066260987154
0 0.08473630831642998 0.043522650439486145 0.12714672075726838 0.08394861392832996
0 0.7437525354969575 0.7789773495605138 0.07828938471940508 0.08416159567275194
1 0.9650862068965517 0.6985818120351589 0.06915145368492236 0.602160243407708
0 0.4178718728870859 0.37529580797836376 0.08416159567275176 0.08514198782961464
0 0.5181812035158891 0.7324932386747803 0.09296822177146724 0.09688640973630828
0 0.6842241379310344 0.09393678160919541 0.1014435429344151 0.09197768762677483
0 0.0857014874915483 0.16278397565922922 0.14955713319810676 0.13886747802569302
0 0.6268069641649763 0.7789773495605138 0.08709601081812009 0.08807640297498324
0 0.756473968897904 0.35719066937119676 0.09786342123056133 0.09003380662609867
0 0.7545165652467883 0.5015382014874915 0.0900338066260989 0.0870993914807302
0 0.5460699797160244 0.36551048005409065 0.08807640297498306 0.07926977687626777
0 0.28184246112238 0.3782319134550372 0.09003380662609863 0.08318458417849899
0 0.2803752535496957 0.5093661257606491 0.0851386071670048 0.08318120351588906
0 0.6928701825557809 0.6767139959432049 0.09784989858012164 0.08905341446923593
0 0.34790060851926974 0.6830730223123733 0.08709939148073015 0.07828938471940508
0 0.4110209601081812 0.7794658553076403 0.08220419202163629 0.08318458417849899
0 0.2877163624070317 0.7848495605138608 0.0998208248816768 0.08807640297498316
0 0.6957995267072347 0.9607589587559162 0.09394523326572 0.07780594996619335
0 0.576898242055443 0.9627163624070318 0.08709601081812046 0.07389114266396223
0 0.34545300878972274 0.9612491548343476 0.0861189993238674 0.07682555780933074
1 0.1179242731575389 0.7789773495605139 0.13407031778228537 0.30728532792427327
0 0.40857674104124403 0.5008840432724814 0.10079107505070982 0.10210615280595005
0 0.5383231913455038 0.5003955375253549 0.11139959432048681 0.09916835699797161
0 0.6479327248140635 0.4159110885733604 0.09769100743745777 0.08611561866125758
0 0.371631169709263 0.22010818120351588 0.09541244083840432 0.09214334009465858
0 0.49404496281271126 0.2181541582150101 0.10796822177146724 0.10554428668018934
0 0.6199577417173764 0.21766227180527387 0.11841446923597017 0.10064570655848548
0 0.749947599729547 0.21161764705882352 0.11091615956727517 0.10421568627450979
0 0.4297025016903313 0.1044658553076403 0.10453008789722777 0.10554428668018931
