0 0.9602275682704812 0.9063133940182053 0.07694408322496758 0.11143042912873861
0 0.9522691807542265 0.7519180754226268 0.0928608582574771 0.1146033810143041
0 0.9582379713914174 0.6054746423927178 0.08092327698309501 0.08436931079323781
0 0.95425877763329 0.4455071521456437 0.08888166449934967 0.09868660598179431
0 0.9673927178153445 0.28275682704811445 0.06261378413524081 0.08356306892067629
0 0.9598309492847853 0.11044863459037713 0.07773732119635923 0.09231469440832236
0 0.7848699609882965 0.10964889466840053 0.08914174252275708 0.08595578673602085
0 0.7928348504551366 0.2751885565669701 0.0875422626788032 0.0859557867360207
0 0.7804941482444734 0.4367555266579974 0.09630689206762018 0.09231469440832238
0 0.7844733420026009 0.6015019505851756 0.09310793237971375 0.09072821846553963
0 0.7713459037711317 0.7618660598179453 0.09072821846553973 0.0915344603381012
0 0.7820871261378413 0.9158712613784136 0.09312093628088441 0.09072821846553954
0 0.5958582574772431 0.9198439531859557 0.10266579973992229 0.09232769830949276
0 0.41081924577373224 0.9218335500650197 0.10187256176853078 0.08834850455136514
0 0.39967490247074106 0.7594733420026009 0.09708712613784118 0.0867490247074122
0 0.42036410923276984 0.5955266579973992 0.08912873862158699 0.08039011703511056
0 0.6109947984395319 0.2799674902470741 0.1010273081924572 0.10027308192457737
0 0.6022171651495448 0.12198309492847856 0.1106241872561764 0.1026657997399219
0 0.07738621586475941 0.9662288686605982 0.08291287386215834 0.06494148244473352
0 0.20505851755526633 0.9390637191157348 0.09284785435630698 0.08091027308192454
0 0.14603381014304287 0.8196879063719117 0.09152145643693063 0.0888686605981793
0 0.14802340702210684 0.5414629388816644 0.09019505851755544 0.08687906371911558
0 0.2378868660598179 0.2781664499349805 0.11605981794538367 0.10944083224967485
0 0.22727568270481127 0.11534460338101438 0.12269180754226254 0.11672301690507152
0 0.07573472041612483 0.6624967490247075 0.092847854356307 0.09019505851755538
0 0.22793888166449947 0.6625032509752926 0.08953185955786723 0.08888166449935005
