0 0.5188553191489361 0.03591914893617025 0.12002553191489365 0.0718382978723405
0 0.33173617021276597 0.33693617021276595 0.11812765957446811 0.10112340425531911
0 0.33739574468085104 0.17674468085106387 0.11436595744680847 0.10773617021276585
0 0.33597446808510634 0.04159148936170213 0.11531914893617022 0.08318297872340426
0 0.14657446808510635 0.33389361702127657 0.10814468085106381 0.10342978723404257
0 0.3255659574468085 0.6483404255319151 0.12857872340425533 0.1266382978723404
0 0.15546382978723405 0.6525744680851064 0.10776170212765954 0.1049276595744681
0 0.14271489361702128 0.4909659574468085 0.10490212765957446 0.10303829787234052
0 0.15094893617021277 0.04451914893617017 0.13422127659574468 0.08903829787234034
0 0.712591489361702 0.6487872340425532 0.12382127659574466 0.11250212765957447
0 0.7211021276595745 0.4900723404255319 0.12191489361702124 0.11064680851063825
0 0.7102425531914893 0.33174468085106384 0.10586382978723395 0.0964085106382978
0 0.5334978723404256 0.6459659574468086 0.12851063829787235 0.11617021276595742
0 0.5226255319148937 0.48768510638297874 0.12571063829787232 0.11715744680851053
0 0.5202638297872341 0.33458297872340426 0.1172085106382978 0.10771914893617036
0 0.8803659574468087 0.16397021276595752 0.12471489361702126 0.11057872340425538
0 0.7045829787234043 0.1752936170212766 0.11714893617021285 0.1068595744680851
0 0.5122553191489362 0.15593617021276596 0.13138723404255315 0.11525957446808514
0 0.8807872340425532 0.32370638297872334 0.11246808510638283 0.10679999999999996
0 0.8931021276595745 0.47869361702127666 0.11246808510638302 0.09924255319148934
0 0.8959574468085107 0.6346170212765958 0.1389617021276597 0.12377021276595747
0 0.14271914893617021 0.17628085106382976 0.12380425531914895 0.10488510638297877
0 0.7088127659574468 0.03166808510638301 0.09166808510638307 0.06333617021276602
