0 0.492830264211369 0.9188751000800641 0.12000800640512398 0.11044835868694977
0 0.5027942353883107 0.7807646116893515 0.13208967173738992 0.12612489991993586
0 0.5109167333867093 0.6430704563650921 0.12242594075260234 0.11807045636509197
0 0.8473098478783025 0.9373899119295436 0.1402562049639714 0.12361889511609285
0 0.7184187349879905 0.3529623698959167 0.1115052041633306 0.1050120096076862
0 0.7070496397117695 0.500556445156125 0.10609287429943978 0.10068054443554841
0 0.7016333066453162 0.6436469175340273 0.10826261008807021 0.11187349879903928
0 0.6980864691753403 0.7880264211369095 0.10473979183346681 0.10085668534827862
0 0.6773939151321057 0.9328502802241793 0.10732586068855109 0.09827061649319471
0 0.5325620496397118 0.4913330664531625 0.10241793434747792 0.09068855084067264
0 0.5405684547638111 0.3430344275420336 0.09708566853482811 0.09282626100880699
0 0.3666613290632506 0.3467654123298639 0.09495596477181771 0.08534827862289836
0 0.3463891112890313 0.5046677341873499 0.09495596477181739 0.09175340272217775
0 0.34159327461969563 0.6465652522017614 0.09175340272217765 0.08962369895916726
0 0.3373218574859888 0.785796637309848 0.08961569255404349 0.08855084067253796
0 0.3298558847077662 0.920228182546037 0.10028823058446742 0.09281825460368266
0 0.02676541232986394 0.4908006405124099 0.05353082465972788 0.07681345076060858
0 0.03209767814251394 0.3430344275420336 0.06419535628502789 0.07575660528422738
