0 0.3980641466208476 0.7029180985108819 0.1679037800687285 0.15029209621993134
0 0.4045332187857961 0.8760853379152348 0.18016609392898034 0.18253722794959917
0 0.832270904925544 0.8725028636884307 0.17566437571592222 0.17103092783505167
0 0.8319072164948456 0.6934392898052693 0.1669988545246277 0.1653550973654064
0 0.8327319587628867 0.5136941580756014 0.17336769759450152 0.17501718213058415
0 0.8275773195876287 0.33626002290950746 0.17634593356242811 0.164020618556701
0 0.6254896907216496 0.33178121420389456 0.18120847651775504 0.15966781214203893
0 0.19764604810996558 0.8874971363115692 0.17824742268041222 0.17815578465063003
0 0.19726804123711342 0.6957245131729667 0.18793814432989683 0.1785395189003436
0 0.19018613974799548 0.5350486827033218 0.1563402061855672 0.13788659793814415
0 0.18524341351660936 0.366426116838488 0.18675257731958747 0.1811225658648339
0 0.4063545246277204 0.3401088201603666 0.19313287514318442 0.1589576174112257
0 0.4076975945017183 0.5140807560137457 0.18849942726231386 0.1768785796105384
