0 0.9472903629536922 0.17203379224030027 0.10291614518147683 0.10849812265331671
1 0.9325969962453065 0.5467271589486858 0.1323028785982479 0.3584105131414265
0 0.7308010012515643 0.5596808510638297 0.12092615769712152 0.1153566958698374
0 0.5771151439299123 0.5622027534418021 0.12872340425531906 0.12365456821026272
0 0.42323529411764693 0.5723153942428035 0.13005006257822257 0.12010012515644569
0 0.6695244055068835 0.07532540675844815 0.10673341677096375 0.11340425531914881
0 0.7387359198998749 0.1954067584480601 0.09839799749687099 0.0933917396745934
0 0.519424280350438 0.11535669586983724 0.1000750938673342 0.0933917396745934
0 0.5953066332916146 0.2387672090112642 0.10841051314142697 0.09673341677096366
0 0.4460387984981226 0.24543804755944934 0.10339173967459334 0.10006257822277825
0 0.36765331664580725 0.11452440550688359 0.08339173967459317 0.0817146433041304
0 0.22088861076345426 0.11785982478097616 0.1034042553191489 0.09839799749687125
0 0.2967772215269086 0.246276595744681 0.0883979974968712 0.09172715894868581
0 0.1516770963704631 0.2521088861076345 0.09839799749687109 0.09673341677096368
0 0.16919274092615771 0.5948372966207761 0.10006257822277842 0.10173967459324158
0 0.7345619524405508 0.7499436795994994 0.11007509386733416 0.1017396745932414
0 0.5794618272841052 0.7641176470588235 0.10340425531914879 0.09339173967459365
0 0.426026282853567 0.7666207759699628 0.10674593241551938 0.0950688360450563
0 0.26925531914893613 0.7749561952440551 0.12008760951188989 0.10841051314142669
0 0.6611827284105131 0.9050438047559451 0.11007509386733426 0.0983979974968708
0 0.497747183979975 0.9092177722152693 0.10340425531914887 0.09673341677096359
0 0.34764705882352936 0.9175531914893617 0.10340425531914879 0.09673341677096359
0 0.1741927409261577 0.9233917396745931 0.11006257822277839 0.10172715894868557
0 0.9475469336670839 0.8508448060075093 0.10240300375469315 0.12674593241551943
