0 0.11562753036437241 0.10931174089068826 0.14412955465587043 0.1314979757085021
0 0.11910931174089072 0.2635627530364372 0.15449392712550605 0.14898785425101216
0 0.11757085020242908 0.42943319838056687 0.17149797570850198 0.16526315789473697
0 0.3050202429149798 0.4327530364372469 0.15417004048583005 0.1492307692307692
0 0.3056275303643725 0.2678137651821862 0.15554655870445333 0.15441295546558687
0 0.30356275303643726 0.10647773279352227 0.15271255060728758 0.15093117408906892
0 0.4904048582995952 0.12076923076923075 0.16720647773279348 0.1434008097165993
0 0.49141700404858296 0.2878137651821863 0.1612955465587045 0.1477732793522267
0 0.4891497975708501 0.4529554655870445 0.1748987854251012 0.15417004048582986
0 0.6852226720647774 0.4352226720647774 0.1461538461538462 0.1502834008097165
0 0.6804453441295548 0.26914979757085034 0.13838056680161953 0.15222672064777326
0 0.6812550607287449 0.10465587044534413 0.1502024291497976 0.13595141700404864
0 0.8689473684210526 0.10226720647773276 0.17157894736842105 0.1651821862348178
0 0.8715384615384614 0.27036437246963557 0.15327935222672084 0.14866396761133618
0 0.8689473684210527 0.4359919028340082 0.15344129554655872 0.1480971659919029
1 0.8716275303643723 0.8206194331983804 0.168 0.33753036437246947
1 0.6828097165991902 0.8172186234817813 0.18693117408906867 0.33676923076923065
1 0.5011821862348178 0.8198663967611338 0.1596761133603239 0.3269392712550608
1 0.3256072874493927 0.8206234817813765 0.18541700404858283 0.3133117408906882
1 0.14397570850202426 0.8175991902834007 0.20811336032388664 0.32541700404858287
