1 0.4436734693877551 0.46690166975881253 0.387717996289425 0.4399443413729126
1 0.26662337662337654 0.43291743970315394 0.4242115027829313 0.453534322820037
1 0.14314935064935072 0.42505102040816317 0.28629870129870144 0.45496289424860836
0 0.5935296846011132 0.932226345083488 0.10312615955473105 0.09896103896103925
0 0.36998144712430425 0.8943692022263449 0.09359925788497198 0.08643784786641923
0 0.8159786641929498 0.9499628942486086 0.10893320964749527 0.0982189239332097
0 0.875417439703154 0.04281076066790351 0.14397031539888713 0.08562152133580701
0 0.49562152133580706 0.03128478664192952 0.08842300556586274 0.06256957328385904
0 0.31706864564007425 0.0299953617810761 0.08842300556586265 0.0599907235621522
0 0.12907699443413728 0.03514378478664192 0.0849814471243044 0.07028756957328385
1 0.8533580705009276 0.49086270871985177 0.29142857142857154 0.4835807050092767
1 0.6611410018552876 0.4794341372912803 0.3619666048237477 0.45356215213358086
