0 0.18858686949559636 0.9188751000800641 0.12000800640512402 0.11044835868694977
0 0.19855084067253803 0.7807646116893515 0.13208967173738992 0.12612489991993586
0 0.20667333867093673 0.6430704563650921 0.12242594075260231 0.11807045636509197
0 0.7362690152121698 0.5075260208166533 0.11577261809447548 0.11577261809447557
0 0.54306645316253 0.9373899119295436 0.1402562049639714 0.12361889511609285
0 0.9172818254603682 0.9408566853482785 0.09967173738991182 0.09159327461969556
0 0.7330184147317853 0.649915932746197 0.09069655724579646 0.08441152922337876
0 0.728078462770216 0.7976341072858286 0.10057646116893502 0.09249799839871904
0 0.7123618895116092 0.9457966373098478 0.08890312249799863 0.09248999199359494
0 0.4141753402722178 0.3529623698959167 0.1115052041633306 0.1050120096076862
0 0.40280624499599677 0.500556445156125 0.1060928742994397 0.10068054443554841
0 0.39738991192954354 0.6436469175340273 0.10826261008807021 0.11187349879903928
0 0.39384307445956773 0.7880264211369095 0.10473979183346699 0.10085668534827862
0 0.3731505204163331 0.9328502802241793 0.10732586068855099 0.09827061649319471
0 0.2283186549239392 0.4913330664531625 0.10241793434747803 0.09068855084067264
0 0.2363250600480385 0.3430344275420336 0.09708566853482802 0.09282626100880699
0 0.06241793434747801 0.3467654123298639 0.09495596477181774 0.08534827862289836
0 0.04481184947958369 0.5046677341873499 0.08962369895916739 0.09175340272217775
0 0.041613290632505934 0.6465652522017614 0.08322658126501187 0.08962369895916726
0 0.038943154523618975 0.785796637309848 0.07788630904723795 0.08855084067253796
0 0.03787830264211365 0.920228182546037 0.0757566052842273 0.09281825460368266
