0 0.4530824659727781 0.1924339471577261 0.13835068054443553 0.13730984787830264
0 0.44759807846277017 0.3386709367493996 0.13602882305844682 0.12409927942353881
0 0.605484387510008 0.348959167333867 0.14595676541233 0.1244995996797438
0 0.9389911929543637 0.0882305844675741 0.12169735788630906 0.11769415532425942
0 0.9329463570856685 0.22293835068054438 0.13250600480384303 0.13154523618895114
0 0.9232586068855085 0.3655324259407526 0.1398718975180142 0.1248198558847079
0 0.766773418734988 0.3573258606885508 0.14747798238590898 0.13050440352281822
0 0.6246837469975981 0.06032826261008809 0.12954363490792642 0.12065652522017618
0 0.6120096076861489 0.19983987189751803 0.14123298638911122 0.14283426741393104
0 0.45984787830264223 0.05892714171337072 0.13378702962369912 0.11785428342674144
0 0.3183186549239392 0.05722177742193756 0.1088070456365091 0.10120096076861496
0 0.2957966373098478 0.19503602882305845 0.11825460368294642 0.11064851881505207
0 0.2884987990392314 0.3338390712570056 0.11470776621297034 0.10819055244195346
0 0.13891112890312252 0.31981585268214574 0.13162530024019223 0.12818254603682935
0 0.1355884707766213 0.17357886309047232 0.12882305844675726 0.13338670936749392
0 0.14711769415532427 0.050680544435548404 0.13330664531625297 0.10136108887109681
0 0.5688150520416333 0.9052842273819056 0.12802241793434754 0.1127301841473175
0 0.41557245796637304 0.8957165732586068 0.10800640512409944 0.1035228182546037
0 0.902834267413931 0.9304603682946357 0.04739791833466786 0.046765412329863774
0 0.7375820656525222 0.9201681345076062 0.06360288230584472 0.06610088070456362
0 0.2605324259407526 0.8780784627702162 0.0935388310648518 0.08667734187349867
0 0.1037029623698959 0.8646677341873499 0.10413931144915929 0.08979983987189782
1 0.14873899119295433 0.6204403522818254 0.19935148118494794 0.31248999199359473
1 0.2892714171337069 0.6330144115292234 0.16971977582065648 0.3160848678943156
1 0.44417133706965567 0.64468775020016 0.15085668534827867 0.31249799839871895
1 0.600416333066453 0.65097678142514 0.15983987189751794 0.31069655724579665
1 0.7589111289031225 0.6621977582065653 0.1373899119295436 0.3169815852682145
1 0.9133706965572458 0.6833026421136911 0.13018414731785424 0.305308246597278
0 0.7734427542033625 0.21791032826261003 0.09495596477181743 0.08855084067253811
0 0.7857125700560447 0.08562049639711775 0.08748598879103295 0.08855084067253798
