0 0.362198547979798 0.20748973792232397 0.1480145202020202 0.1535712030312599
0 0.6856707702020203 0.3944095358383328 0.17727588383838394 0.16179665298389648
0 0.4965246212121212 0.381144616356173 0.1827588383838384 0.16634985790969373
0 0.8894349747474748 0.3998847489737922 0.16811868686868708 0.16360909377960212
0 0.6111963383838385 0.2129649510577834 0.17268308080808079 0.16087148721187242
0 0.08210227272727275 0.29365961477739183 0.16041666666666668 0.15689927376065674
0 0.06298926767676769 0.07892327123460688 0.12597853535353537 0.12677612882854436
0 0.340273042929293 0.8271960846226712 0.1662973484848485 0.17002210293653286
0 0.5426720328282828 0.8262898642248183 0.16173295454545453 0.16270287338174935
0 0.3589993686868687 0.6279460056836123 0.15806186868686864 0.15354910009472691
0 0.5445012626262626 0.6311335648879065 0.16172979797979797 0.15080517840227353
0 0.7313557449494951 0.834054310072624 0.16997159090909095 0.1709188506473003
0 0.7414157196969697 0.636629302178718 0.17727588383838386 0.15265866750868334
0 0.9159359217171718 0.7275718345437323 0.14984532828282834 0.14625197347647614
0 0.7957828282828283 0.22667508683296494 0.17635101010101026 0.1645216293021787
