0 0.1021702127659575 0.16540425531914882 0.12570212765957453 0.1153191489361702
0 0.10360425531914894 0.02787234042553191 0.09827234042553193 0.05574468085106382
0 0.1031361702127659 0.32653617021276604 0.12189787234042554 0.11058723404255329
0 0.11917446808510637 0.4928893617021276 0.1162042553191489 0.10494468085106384
0 0.12345957446808505 0.6431489361702126 0.13231489361702128 0.12187234042553201
0 0.2836595744680852 0.48297021276595736 0.13889361702127664 0.12289361702127669
0 0.464595744680851 0.48153191489361713 0.13038297872340432 0.11812765957446811
0 0.4773702127659574 0.6341914893617021 0.13513191489361706 0.12480851063829795
0 0.6446382978723403 0.6237446808510638 0.1823829787234042 0.16442553191489367
0 0.8190212765957448 0.46974468085106386 0.15497872340425545 0.1360851063829788
0 0.8312765957446807 0.6223829787234042 0.1701276595744679 0.15404255319148932
0 0.2784340425531915 0.31519574468085104 0.09639148936170212 0.08600000000000016
0 0.45894468085106377 0.3227617021276596 0.08883404255319163 0.0878893617021278
0 0.651268085106383 0.3175574468085106 0.09167659574468075 0.08316595744680855
0 0.8270510638297871 0.32370638297872345 0.09733617021276583 0.08600000000000016
0 0.6432127659574467 0.4739872340425531 0.13234893617021287 0.12754893617021268
0 0.29311489361702125 0.6459829787234043 0.129531914893617 0.12195744680851076
