0 0.3255659574468085 0.049021276595744706 0.12857872340425533 0.09804255319148941
0 0.15546382978723405 0.04571063829787237 0.10776170212765954 0.09142127659574474
0 0.712591489361702 0.04571063829787237 0.12382127659574466 0.09142127659574474
0 0.5334978723404256 0.04521702127659574 0.12851063829787235 0.09043404255319148
0 0.8959574468085107 0.0414425531914894 0.1389617021276597 0.0828851063829788
1 0.8280808510638299 0.440531914893617 0.22492765957446836 0.3458978723404258
1 0.6267829787234042 0.440531914893617 0.23060425531914888 0.3496765957446808
1 0.4165063829787234 0.43817021276595736 0.24855319148936172 0.36195744680851083
1 0.19772340425531912 0.4419489361702128 0.2665106382978723 0.35251063829787227
0 0.6140255319148936 0.8138382978723404 0.10301276595744674 0.09828085106382982
0 0.8243021276595744 0.8119489361702128 0.09828936170212776 0.08694468085106372
0 0.3752765957446808 0.8178297872340426 0.16536170212765952 0.14272340425531943
0 0.16354042553191492 0.8166978723404256 0.1476765957446809 0.1408
