1 0.8791562932226832 0.5529806362378976 0.1391701244813279 0.30170124481327787
1 0.7140871369294606 0.5524757952973721 0.1462655601659751 0.29662517289073315
1 0.5520677731673583 0.552448132780083 0.14526970954356833 0.3006362378976485
1 0.3915698478561549 0.5616113416320886 0.15542185338865822 0.2823928077455049
1 0.23006224066390044 0.5606016597510373 0.1655739972337483 0.2864591977869986
1 0.07769709543568458 0.5621230982019363 0.15539419087136916 0.2895020746887965
0 0.04042876901798066 0.08932226832641776 0.08085753803596132 0.09029045643153522
0 0.039017980636237945 0.23286998616874138 0.07803596127247589 0.08958506224066387
0 0.19865836791147995 0.23322268326417706 0.09734439834024879 0.08464730290456439
0 0.3686721991701245 0.23286998616874138 0.09311203319502069 0.08817427385892115
0 0.5347925311203319 0.24275242047026294 0.09663900414937743 0.08818810511756568
0 0.701625172890733 0.08579529737206082 0.09876901798063652 0.09593360995850642
0 0.6998616874135546 0.23004840940525592 0.09383125864453686 0.08394190871369303
0 0.8688105117565698 0.22863762102351326 0.09311203319502064 0.08535269709543573
0 0.8691632088520054 0.08614799446749649 0.08535269709543573 0.08253112033194998
0 0.8738035961272476 0.9517150760719226 0.09800829875518695 0.09380359612724738
0 0.8738105117565699 0.8068188105117565 0.10969571230982034 0.09947441217150757
0 0.7114453665283541 0.9494329183955739 0.09215767634854777 0.08923928077455001
0 0.7070539419087137 0.8097372060857536 0.09800829875518695 0.09360995850622417
0 0.5505394190871369 0.947966804979253 0.10384508990318106 0.09507607192254497
0 0.5432295988934993 0.8016943291839557 0.10092669432918405 0.09799446749654198
0 0.3830497925311204 0.9472337482710927 0.10239280774550481 0.09654218533886567
0 0.38524896265560177 0.8002282157676348 0.09508990318118948 0.08922544951590589
0 0.21557399723374826 0.9560165975103734 0.09800829875518657 0.08777316735822949
0 0.21118257261410797 0.817060857538036 0.10092669432918396 0.09069156293222669
0 0.05027662517289076 0.9508990318118947 0.09800829875518657 0.08337482710926698
0 0.05027662517289076 0.8090110650069157 0.09800829875518657 0.08045643153526978
