0 0.04241551939924905 0.11399249061326648 0.0848310387984981 0.11674593241551907
0 0.04742177722152689 0.29077596996245303 0.09484355444305378 0.12675844806007483
0 0.21992490613266585 0.09731539424280336 0.13341677096370447 0.11340425531914909
0 0.2215894868585731 0.28827284105131407 0.13008760951188988 0.11173967459324127
0 0.40838548185231527 0.09564455569461808 0.12007509386733418 0.11006257822277854
0 0.41338548185231533 0.2757697121401754 0.12008760951188992 0.10340425531914879
0 0.6051752190237797 0.07813516896120158 0.12341677096370446 0.11173967459324179
0 0.6043429286608261 0.25158322903629554 0.12508135168961176 0.12173967459324157
0 0.9503942428035044 0.058116395494367895 0.09670838548185214 0.10173967459324151
0 0.9528973717146433 0.23657697121401763 0.09170212765957443 0.11508135168961175
