0 0.7998062953995158 0.9414043583535109 0.11108958837772433 0.11622276029055681
0 0.6688861985472154 0.9346973365617431 0.1463922518159805 0.12963680387409207
0 0.5300968523002423 0.9369733656174333 0.12857142857142848 0.1250847457627118
0 0.3924213075060532 0.933728813559322 0.1410653753026635 0.13157384987893464
0 0.2418159806295399 0.931501210653753 0.15811138014527845 0.1360290556900725
0 0.09232445520581117 0.9335351089588376 0.1289588377723972 0.13196125907990314
0 0.0931573849878934 0.7723147699757869 0.13145762711864406 0.13236803874092007
0 0.232997578692494 0.7710556900726392 0.13176755447941882 0.12924939467312346
0 0.38885230024213074 0.7707772397094431 0.1440387409200966 0.12392736077481832
0 0.5274334140435836 0.7720581113801452 0.12460048426150126 0.12929782082324448
0 0.6682082324455205 0.7763438256658596 0.1264406779661014 0.13312348668280868
0 0.7998014527845034 0.7754237288135593 0.11785956416464896 0.1346731234866828
0 0.6457384987893461 0.6042615012106537 0.08401937046004851 0.0811622276029055
0 0.5300968523002423 0.5977481840193705 0.13583535108958833 0.1431961259079903
0 0.38230024213075053 0.6009200968523003 0.1295399515738499 0.15496368038740924
0 0.24559322033898295 0.6009927360774818 0.13893462469733658 0.15113801452784506
0 0.0977239709443099 0.6005569007263922 0.14062953995157387 0.15733656174334132
0 0.09581113801452779 0.4242372881355932 0.14164648910411623 0.14939467312348675
0 0.7831985472154962 0.26808716707021796 0.08852784503631991 0.11070217917675544
0 0.6487409200968521 0.2698547215496368 0.10513317191283288 0.12246973365617436
0 0.5153510895883778 0.26716707021791763 0.11680387409200985 0.1301694915254237
0 0.3727118644067797 0.26101694915254237 0.12605326876513326 0.12677966101694912
0 0.2324939467312348 0.2602663438256658 0.1219370460048427 0.1298305084745763
0 0.09222760290556903 0.2584019370460049 0.14445520581113788 0.14779661016949153
0 0.08627118644067801 0.09598062953995158 0.1349636803874091 0.12184019370460049
0 0.22314769975786922 0.09566585956416467 0.10828087167070213 0.11094430992736078
0 0.37145278450363195 0.10344794188861987 0.11849878934624718 0.11910895883777241
0 0.5104358353510895 0.10421307506053268 0.11559322033898321 0.12087167070217916
0 0.6554188861985473 0.10619854721549637 0.11296852300242109 0.11573849878934624
0 0.7975907990314771 0.11037530266343824 0.11382566585956436 0.11774818401937048
0 0.810941888619855 0.5986658595641646 0.08374334140435857 0.08535108958837764
