0 0.17732007575757577 0.5273918534891063 0.1434659090909091 0.12797600252604985
0 0.35822285353535355 0.5232870224186928 0.15811237373737375 0.13069150615724665
0 0.18508522727272728 0.668171771392485 0.15350378787878785 0.13893274392169247
0 0.1905618686868687 0.8208083359646353 0.15170454545454543 0.14259551626144634
0 0.35913825757575757 0.6676981370382066 0.15261994949494948 0.14347963372276615
1 0.5176815025252526 0.30437006630880964 0.16995896464646465 0.23947584464793184
1 0.35046559343434336 0.3066545626776129 0.1553377525252525 0.24221976634038514
1 0.18279040404040406 0.31031101989264287 0.14711489898989905 0.24221976634038514
1 0.047763573232323255 0.31488159141143035 0.09552714646464651 0.23673508051784015
0 0.3559501262626262 0.8166877170824124 0.15716540404040402 0.1416798231765077
0 0.8660037878787878 0.5209820018945374 0.1296085858585861 0.12203978528575947
0 0.8695233585858586 0.6607988632775497 0.12743055555555544 0.12841806125670985
0 0.5336805555555555 0.666782443953268 0.15258838383838386 0.13438585412061888
0 0.5345959595959596 0.8176034101673508 0.15808080808080807 0.1398484370066309
1 0.9423469065656567 0.2934006946637196 0.11467487373737371 0.24496368803283863
1 0.8393213383838384 0.2975134196400379 0.20650883838383818 0.2458762235554152
0 0.8762468434343433 0.8292548152826019 0.14264520202020192 0.11711398800126292
0 0.7040877525252526 0.8138459109567414 0.15937499999999996 0.14174297442374484
1 0.6780445075757576 0.30391379854752126 0.18732007575757592 0.2422197663403852
0 0.6996843434343434 0.6639564256394064 0.14494949494949488 0.13782759709504258
0 0.694491792929293 0.5182664982633407 0.1452967171717173 0.12431323018629617
0 0.5350536616161616 0.5246605620461003 0.155334595959596 0.1334385854120618
