0 0.3969361702127658 0.14885106382978722 0.15948936170212766 0.13072340425531925
0 0.40328936170212765 0.306204255319149 0.1398553191489365 0.12100425531914895
0 0.41225531914893626 0.6185531914893616 0.171063829787234 0.15404255319148932
0 0.5750212765957448 0.3 0.13421276595744658 0.12851063829787235
0 0.5891914893617024 0.45263829787234044 0.16255319148936162 0.1427234042553192
0 0.5835319148936169 0.624595744680851 0.14561702127659568 0.1314042553191488
0 0.7677957446808509 0.6312255319148937 0.15499574468085098 0.13325957446808512
0 0.7536255319148936 0.14405531914893616 0.12852765957446807 0.12283404255319164
0 0.9024851063829787 0.03091063829787238 0.11249361702127689 0.06182127659574476
0 0.9312808510638297 0.30043829787234044 0.1020340425531914 0.09925957446808502
0 0.9393106382978724 0.4568510638297872 0.10486808510638325 0.105872340425532
0 0.946795744680851 0.6156510638297872 0.10470638297872363 0.10959999999999999
0 0.06225531914893625 0.4659148936170213 0.1245106382978725 0.1360851063829788
0 0.06506382978723409 0.6270638297872341 0.13012765957446817 0.1388936170212766
0 0.22608510638297863 0.6247234042553194 0.1616170212765958 0.13421276595744686
0 0.5773659574468084 0.15538723404255322 0.09922553191489342 0.09072340425531925
0 0.7701659574468086 0.46348085106382964 0.12947234042553196 0.1153021276595745
0 0.9247063829787233 0.1549106382978723 0.09266382978723367 0.09361702127659573
0 0.41085106382978726 0.46217021276595743 0.15497872340425564 0.14170212765957443
0 0.056323404255319204 0.3034553191489362 0.10197446808510653 0.09249361702127672
0 0.22417021276595753 0.4659148936170212 0.15217021276595757 0.1342127659574468
