0 0.7243554413825315 0.8416884633348903 0.13467071461933683 0.12347034096216727
0 0.5198972442783747 0.8383932741709482 0.14086875291919662 0.13227463801961703
0 0.48397944885567484 0.05565156468939746 0.11163007940214857 0.11130312937879493
0 0.5025455394675385 0.2131714152265297 0.12382064455861745 0.11536665109761794
0 0.5074497898178422 0.5315506772536198 0.12185894441849611 0.11774871555347956
0 0.5161606725829051 0.6827417094815507 0.11957029425502098 0.12643624474544599
0 0.1330453059318075 0.06496964035497432 0.16099953292853794 0.12993928070994865
0 0.13741242410088747 0.21816907986922 0.15291919663708556 0.14722092480149465
0 0.13897711349836525 0.38113031293787947 0.15091078935077062 0.13526389537599248
0 0.15340962167211586 0.5370854740775339 0.165670247547875 0.1535730966837928
0 0.1592480149462868 0.6918496029892574 0.16595049042503487 0.14110228865016375
0 0.1638720224194301 0.8482017748715552 0.15997197571228394 0.13872022419430172
0 0.34231667445119107 0.8497080803362914 0.14899579635684262 0.12949556282111163
0 0.3339560952825782 0.6999065857076133 0.15833722559551608 0.1324614666043907
0 0.3297758056982718 0.5400747314339095 0.14997664642690325 0.1349836524988324
0 0.31898645492760397 0.382788416627744 0.14773470340962155 0.12886501634750122
0 0.3088510042036432 0.06377860812704342 0.12223260158804283 0.1263428304530593
0 0.878881363848669 0.8111793554413824 0.1187155534796823 0.11841662774404486
0 0.8519943951424568 0.652809434843531 0.11295656235404032 0.1277300326950024
0 0.682582905184493 0.6764315740308267 0.1192993928070996 0.11710415693601113
0 0.679133582438113 0.5167071461933677 0.12575899112564193 0.1280990191499299
0 0.8514479215319942 0.5012937879495563 0.12092480149462843 0.12641756188696868
0 0.6736081270434376 0.35779308734236337 0.11657636618402603 0.12346099953292852
0 0.8404577300326949 0.3494278374591313 0.11491826249416158 0.11973376926669782
0 0.6754343764595981 0.20260392340028022 0.12050910789350756 0.11940681924334416
0 0.6690705277907519 0.05130780009341431 0.12276506305464717 0.10261560018682862
0 0.8274147594581971 0.05049042503503037 0.11564222326015891 0.10098085007006075
0 0.8420060719290052 0.19558383932741708 0.1257683325548806 0.12391872956562364
0 0.4961980382998599 0.37156468939747783 0.11736571695469412 0.1163755254553946
