0 0.1131649616368287 0.9075127877237852 0.10106138107416886 0.09283461210571176
0 0.760080988917306 0.5837617220801364 0.09753623188405819 0.0940110826939472
0 0.8952237851662402 0.5831734867860188 0.09988491048593355 0.09049019607843134
0 0.5367455242966753 0.46507246376811595 0.10705456095481676 0.09635976129582265
0 0.6735912190963341 0.4768243819266838 0.1010613810741689 0.09166240409207164
0 0.8164876385336745 0.46859761295822683 0.07873827791986387 0.07756180733162825
0 0.9603260869565219 0.47682225063938616 0.07050724637681159 0.07286018755328219
0 0.4691730605285593 0.2729347826086956 0.09647911338448407 0.0857843137254902
0 0.6043158567774937 0.2699978687127025 0.10823103154305193 0.10106138107416884
0 0.7254134697357205 0.26882139812446715 0.09166240409207164 0.09401108269394715
0 0.8639641943734017 0.2658823529411764 0.09166240409207145 0.08343563512361464
0 0.7881670929241263 0.15600809889173062 0.10458653026427989 0.09870843989769823
0 0.9462830349531117 0.16011935208866157 0.10094629156010253 0.09048593350383632
0 0.2758610400682013 0.4386317135549872 0.10235294117647058 0.097536231884058
0 0.2816794543904518 0.5884612105711851 0.09518329070758731 0.09401534526854215
0 0.2911381074168798 0.7371163682864449 0.09741687979539662 0.09518755328218236
0 0.6189450127877238 0.5855242966751918 0.09988491048593355 0.0928388746803068
0 0.480924978687127 0.5843499573742541 0.11034953111679463 0.10223785166240396
0 0.8815899403239555 0.8070375106564365 0.10576300085251523 0.09871270247229334
0 0.7500341005967603 0.8170268542199489 0.09647911338448427 0.09283461210571194
0 0.61788789428815 0.8170268542199488 0.10693520886615515 0.09518755328218245
0 0.48680093776641087 0.8170289855072463 0.0870801364023871 0.0834356351236145
0 0.8535038363171354 0.9122165387894288 0.08930946291560087 0.0904859335038362
0 0.7207118499573743 0.9169138959931799 0.09871270247229316 0.09753623188405781
0 0.5873337595907927 0.9210294117647059 0.09518755328218236 0.0940110826939471
0 0.09600596760443308 0.15013213981244675 0.09518329070758745 0.07756180733162829
0 0.09835677749360609 0.29878942881500425 0.09283461210571184 0.07638533674339298
0 0.10370417732310315 0.44744458653026425 0.09412617220801352 0.07991048593350385
0 0.10599531116794543 0.601389599317988 0.10341432225063928 0.09166240409207164
0 0.1095780051150895 0.7529816709292413 0.10799658994032402 0.0940110826939471
0 0.29407715260017053 0.893412190963342 0.11034526854219963 0.09283461210571194
