0 0.08327433628318577 0.8166371681415932 0.16654867256637154 0.16637168141592926
0 0.28398230088495585 0.8147787610619469 0.1881415929203535 0.1626548672566368
0 0.5181238938053093 0.8186902654867257 0.18230088495575225 0.16672566371681413
0 0.7354867256637171 0.8026548672566372 0.18672566371681426 0.18159292035398214
0 0.7302654867256635 0.6026548672566371 0.18548672566371707 0.1755752212389376
0 0.7326548672566373 0.4113274336283186 0.191681415929203 0.18088495575221253
0 0.7303539823008847 0.21398230088495593 0.18955752212389357 0.17345132743362832
0 0.724867256637168 0.057876106194690344 0.20407079646017634 0.11575221238938069
0 0.06760176991150431 0.6421238938053095 0.12479646017699074 0.11847787610619467
0 0.29389380530973447 0.6133008849557522 0.11295575221238967 0.1161238938053095
