0 0.09044129554655866 0.2494898785425101 0.10757085020242908 0.10106882591093118
0 0.8682591093117408 0.3921862348178138 0.16016194331983766 0.15473684210526323
0 0.8690688259109313 0.5565587044534412 0.15449392712550578 0.1555465587044535
0 0.8695951417004049 0.728663967611336 0.17336032388663958 0.16858299595141707
0 0.871012145748988 0.8929149797570851 0.15886639676113398 0.15165991902834017
0 0.28303643724696353 0.5739271255060728 0.1539271255060728 0.1433198380566801
0 0.28048582995951404 0.41133603238866395 0.1559514170040485 0.14914979757085026
0 0.09825101214574893 0.9148502024291499 0.1597570850202427 0.16000000000000014
0 0.09769230769230779 0.7324696356275303 0.16153846153846158 0.1596761133603238
0 0.10133603238866404 0.5654655870445344 0.16137651821862364 0.15829959514170042
0 0.0940485829959513 0.39971659919028335 0.1764372469635628 0.16315789473684214
0 0.281336032388664 0.2655060728744939 0.13821862348178166 0.13004048582995956
0 0.6676923076923076 0.7495546558704453 0.14914979757084998 0.13635627530364366
0 0.6674493927125505 0.5822672064777329 0.15271255060728742 0.14024291497975716
0 0.6670445344129556 0.4205263157894737 0.1441295546558704 0.14210526315789473
0 0.6642914979757086 0.25461538461538463 0.15773279352226738 0.13206477732793517
0 0.28408906882591084 0.9052226720647774 0.151983805668016 0.13854251012145744
0 0.28518218623481767 0.7370445344129555 0.1538461538461538 0.1442105263157894
0 0.6701214574898784 0.9089068825910932 0.14963562753036458 0.14995951417004036
0 0.8665384615384616 0.24227125506072875 0.1061295546558707 0.09529554655870444
