0 0.3055148095909732 0.6855641748942172 0.11732016925246835 0.12128349788434421
0 0.8110578279266573 0.8740761636107194 0.11337094499294802 0.11337094499294792
0 0.6001410437235543 0.9501763046544428 0.11337094499294792 0.0968265162200283
0 0.38460507757404805 0.9116431593794077 0.11205923836389291 0.09623413258110022
0 0.06365303244005642 0.6462764456981664 0.12730606488011284 0.12222849083215767
0 0.053300423131170616 0.45256699576868836 0.10660084626234123 0.11187588152327213
0 0.05226375176304648 0.2562764456981665 0.10452750352609295 0.11912552891396339
0 0.05070521861777157 0.06153032440056418 0.10141043723554315 0.11290550070521889
0 0.2929971791255288 0.15430888575458387 0.10545839210155145 0.10545839210155145
0 0.48017630465444283 0.15365303244005651 0.10545839210155145 0.09887165021156548
0 0.642327221438646 0.15101551480959102 0.09754583921015525 0.09622002820874474
0 0.7879901269393511 0.15035260930888578 0.09623413258110022 0.08964739069111448
0 0.866431593794076 0.2874541607898449 0.10282087447108616 0.09755994358251067
0 0.7194428772919604 0.2953667136812413 0.11205923836389291 0.11073342736248237
0 0.5711354019746121 0.3006417489421722 0.1160084626234132 0.11073342736248241
0 0.4083356840620592 0.3032722143864598 0.10677009873060618 0.10809590973201672
0 0.8716995768688295 0.46739069111424547 0.09490832157968979 0.09359661495063462
0 0.7556981664315937 0.5445133991537378 0.09227080394922432 0.09492242595204503
0 0.881586741889986 0.6446967559943583 0.10940761636107182 0.10282087447108579
0 0.633758815232722 0.48650916784203113 0.10150916784203105 0.1028349788434416
0 0.6357404795486601 0.660521861777151 0.11337094499294811 0.10809590973201691
0 0.4768899858956276 0.5043088857545839 0.10678420310296198 0.10150916784203097
0 0.3061706629055008 0.5108956276445696 0.12390691114245402 0.10678420310296198
0 0.47622708039492245 0.6730394922425953 0.11335684062059226 0.10940761636107182
