0 0.1761134163208851 0.7104287690179806 0.11427385892116167 0.09170124481327786
0 0.3422337482710926 0.7121922544951589 0.10651452282157702 0.08817427385892118
0 0.17822959889349949 0.855746887966805 0.11427385892116167 0.10017980636237919
0 0.3461134163208852 0.8564315352697097 0.12132780082987522 0.10013831258644548
0 0.3471715076071924 0.5630013831258646 0.10651452282157706 0.09029045643153519
0 0.34188796680497946 0.41380359612724754 0.09453665283540787 0.09242047026279404
0 0.34152835408022153 0.2744813278008299 0.09381742738589202 0.08323651452282148
0 0.5432641770401107 0.6922337482710926 0.10564315352697054 0.09448132780083017
0 0.6737828492392811 0.6896957123098202 0.09650069156293216 0.0914246196403875
0 0.8104149377593358 0.688174273858921 0.09549100968188089 0.09040110650069164
0 0.943990318118949 0.6896957123098202 0.10056708160442608 0.09344398340248979
0 0.8906639004149377 0.8034647302904564 0.09142461964038723 0.08532503457814662
0 0.7545435684647304 0.8065145228215768 0.0853250345781467 0.08329183955739984
0 0.618423236514523 0.814640387275242 0.10157676348547727 0.0995435684647303
