0 0.5425747724317296 0.9655071521456436 0.09014304291287407 0.06638491547464243
0 0.6818400520156047 0.9639856957087125 0.09317295188556572 0.06942782834850472
0 0.5461248374512353 0.8340637191157347 0.09318595578673591 0.07899869960988308
0 0.6833550065019506 0.8320416124837451 0.08608582574772403 0.07495448634590386
0 0.8236410923276983 0.9670286085825748 0.0891287386215867 0.06334200260078031
0 0.8124967490247075 0.8279908972691808 0.09318595578673619 0.08508452535760722
0 0.9299804941482445 0.8842067620286086 0.08305591677503238 0.0779843953185957
0 0.7755266579973992 0.6689791937581273 0.0901430429128737 0.07899869960988298
0 0.9142847854356306 0.6684720416124835 0.08407022106631994 0.0779843953185956
0 0.9663654096228869 0.5398439531859558 0.06466840052015611 0.09217165149544844
0 0.8408582574772431 0.5464304291287384 0.0891287386215867 0.07899869960988298
0 0.7071586475942782 0.5449024707412223 0.10128738621586489 0.09217165149544873
0 0.6372756827048115 0.6634070221066319 0.10128738621586479 0.09217165149544844
0 0.5491612483745124 0.542379713914174 0.09723016905071521 0.08912873862158642
0 0.34406371911573475 0.4653966189856957 0.0962158647594278 0.0891287386215867
0 0.16225617685305588 0.461853055916775 0.09723016905071519 0.09013003901170347
0 0.3450715214564369 0.6203576072821847 0.10634590377113133 0.09723016905071512
0 0.16226267880364106 0.6173211963589078 0.08912873862158642 0.08507152145643702
0 0.166814044213264 0.7636801040312093 0.10228868660598173 0.09420026007802347
0 0.3455786736020806 0.7773472041612484 0.10938881664499345 0.10533159947984401
0 0.3369700910273082 0.9292782834850456 0.10634590377113123 0.09317295188556572
0 0.1551690507152146 0.9186410923276985 0.11343302990897271 0.09824447334200277
0 0.8674122236671 0.28775032509752924 0.11763328998699603 0.1062418725617686
0 0.6970611183355008 0.28815994798439537 0.11152145643693115 0.10053315994798435
0 0.8724967490247072 0.12941482444733418 0.09849154746423924 0.09565669700910265
0 0.7005201560468141 0.138368010403121 0.09565669700910266 0.09483745123537056
0 0.5218335500650193 0.14122236671001304 0.0989076723016904 0.0932119635890768
0 0.3339856957087126 0.14284785435630692 0.09850455136540966 0.08912873862158642
0 0.5196033810143043 0.2997594278283485 0.10420026007802353 0.09931079323797141
0 0.3286996098829648 0.3028088426527959 0.09362808842652796 0.08996098829648906
0 0.14756827048114438 0.3030169050715214 0.10013003901170352 0.0952405721716515
0 0.16059817945383614 0.14325747724317292 0.09687906371911574 0.08425227568270477
