0 0.8568049792531119 0.4418395573997234 0.10260027662517268 0.10157676348547721
0 0.855283540802213 0.29810511756569846 0.09955739972337463 0.09446749654218528
0 0.6881881051175658 0.29607192254495157 0.10260027662517296 0.09853388658367898
0 0.6912309820193637 0.44488934993084367 0.10868603042876887 0.10360995850622386
0 0.5302282157676349 0.46114107883817423 0.1076763485477177 0.11174273858921158
0 0.5251521438450899 0.3153734439834025 0.10767634854771779 0.10258644536652844
0 0.8624619640387275 0.5855739972337483 0.09734439834024915 0.08464730290456439
0 0.6917496542185338 0.5834578146611342 0.09171507607192228 0.08323651452282171
0 0.52597510373444 0.59932918395574 0.08887966804979251 0.07970954356846482
0 0.8656362378976487 0.7294744121715077 0.09946058091286278 0.08464730290456439
0 0.6970401106500692 0.7277109266943291 0.09383125864453686 0.08676348547717849
0 0.5326763485477178 0.7442876901798063 0.10933609958506264 0.10439834024896244
0 0.6995089903181191 0.8762033195020746 0.10017980636237919 0.09171507607192275
0 0.5372614107883816 0.8871438450899032 0.09593360995850608 0.09099585062240653
0 0.03372752420470262 0.5905117565698478 0.06745504840940524 0.08887966804979242
0 0.036196403872752365 0.7368810511756569 0.07239280774550473 0.08394190871369277
0 0.19654218533886586 0.7365283540802213 0.09875518672199149 0.09311203319502101
0 0.19160442600276636 0.5950968188105117 0.09029045643153522 0.08958506224066423
0 0.037959889349930914 0.4480152143845089 0.07591977869986183 0.08466113416320885
0 0.03549100968188101 0.30692946058091286 0.07098201936376201 0.08323651452282148
0 0.19125172890733055 0.30304979253112035 0.08112033195020728 0.06983402489626563
0 0.35984785615491005 0.30622406639004146 0.09242047026279386 0.08323651452282166
0 0.18984094052558784 0.44801521438450903 0.0839419087136927 0.08042876901798063
0 0.3616113416320886 0.4430774550484093 0.1086445366528353 0.09735822959889347
0 0.3584439834024896 0.5887482710926694 0.09946058091286288 0.0980497925311202
0 0.36443291839557407 0.7365283540802213 0.0945366528354082 0.08605809128630679
0 0.37149377593361 0.8815006915629323 0.09452282157676337 0.08817427385892118
0 0.20430152143845093 0.8874896265560167 0.09452282157676367 0.09171507607192257
0 0.04325034578146609 0.8818464730290457 0.08650069156293218 0.08607192254495148
