0 0.6908053097345135 0.8202477876106194 0.07346902654867221 0.06870796460176973
0 0.2799115044247789 0.793008849557522 0.20477876106194656 0.17964601769911512
0 0.2750442477876108 0.5949557522123893 0.19256637168141624 0.18035398230088467
0 0.2747433628318584 0.4040088495575221 0.20768141592920378 0.18207079646017724
0 0.27150442477876124 0.20787610619469032 0.20389380530973422 0.18778761061946886
0 0.44778761061946903 0.24964601769911496 0.09699115044247832 0.09575221238938036
0 0.6784955752212387 0.24391150442477869 0.11805309734513249 0.11699115044247772
0 0.6727610619469025 0.4424778761061947 0.10371681415929183 0.09681415929203495
0 0.4553097345132744 0.6282300884955753 0.10637168141592984 0.10176991150442473
0 0.46876106194690254 0.8224778761061946 0.10920353982300855 0.1058407079646017
0 0.9194867256637167 0.8064159292035398 0.07111504424778733 0.07899115044247791
0 0.9040707964601773 0.6184336283185841 0.06555752212389396 0.0710973451327435
0 0.6742123893805312 0.6318584070796461 0.062407079646017265 0.06318584070796422
0 0.9009115044247789 0.42768141592920356 0.05923893805309701 0.06555752212389415
0 0.45186725663716826 0.44190265486725677 0.07424778761061987 0.07346902654867254
0 0.8902389380530976 0.23772566371681422 0.0710973451327434 0.07109734513274348
0 0.8926106194690268 0.05329203539823011 0.08214159292035424 0.08453097345132743
0 0.6663185840707966 0.06356637168141606 0.08293805309734541 0.07976991150442468
0 0.44278761061946936 0.06158407079646011 0.0845132743362832 0.07899115044247766
