0 0.1061283497884344 0.07655148095909729 0.13155148095909733 0.12430183356840603
0 0.11492947813822285 0.30547954866008453 0.14088857545839212 0.13259520451339915
0 0.1232157968970381 0.521981664315938 0.14087447108603668 0.12430183356840648
0 0.4091114245416079 0.5100634696755995 0.14502115655853318 0.13569816643159385
0 0.6737799717912553 0.4966008462623412 0.1232722143864597 0.11912552891396339
0 0.9410648801128348 0.49038081805359673 0.11504936530324422 0.12118476727785629
0 0.9327785613540197 0.27751057827926656 0.1316220028208746 0.13880112834978856
0 0.6748166431593794 0.28890691114245426 0.13569816643159377 0.12224259520451353
0 0.3956488011283498 0.28782087447108595 0.13880112834978844 0.14306064880112848
0 0.39616361071932304 0.0739633286318758 0.13777150916784206 0.12741889985895616
0 0.6597954866008463 0.06671368124118486 0.13465444287729184 0.129478138222849
0 0.9338152327221438 0.06982369534555712 0.12954866008462618 0.1253455571227082
0 0.9299012693935119 0.6975317348377996 0.13737658674189 0.17700987306064886
0 0.41128349788434415 0.7198871650211566 0.2022566995768688 0.18956276445698145
0 0.1339210155148096 0.7335684062059239 0.19873060648801127 0.19689703808180567
