0 0.8052041633306646 0.5585268214571657 0.13226581265012002 0.1354683746997598
0 0.9534187349879903 0.5750960768614892 0.09156124899919915 0.10244195356285013
0 0.9425140112089672 0.7156925540432346 0.11337069655724569 0.12506004803843074
0 0.9455164131305045 0.8583266613290633 0.10736589271417112 0.10560448358686951
0 0.7904403522818255 0.9588150520416333 0.13087269815852684 0.08076861489191357
0 0.7913130504403523 0.843394715772618 0.12802241793434754 0.12906325060048035
0 0.7982786228983185 0.7030824659727783 0.1355484387510008 0.13442754203362692
0 0.6399519615692554 0.6931945556445157 0.13530824659727791 0.13578863090472382
0 0.6377902321857486 0.8335468374699759 0.13034427542033625 0.12842273819055264
0 0.6332666132906325 0.9537630104083267 0.12738190552441955 0.09087269815852675
0 0.47821457165732584 0.9510808646917533 0.12481985588470766 0.09623698959167333
0 0.47978382706164935 0.8295436349079263 0.1070456365092074 0.1031224979983988
0 0.48196156925540423 0.6910008006405125 0.10102481985588471 0.09996797437950362
0 0.4965972778222578 0.5540032025620496 0.10720576461168949 0.10016012810248193
0 0.3245796637309848 0.9492393915132106 0.1084067253803042 0.09991993594875892
0 0.3259007205764612 0.8179743795036029 0.1072057646116893 0.10240192153722981
0 0.29683746997598076 0.6793835068054443 0.11601281024819853 0.11713370696557238
0 0.33614891913530826 0.53791032826261 0.12481985588470784 0.12161729383506796
0 0.3378302642113691 0.40452361889511607 0.1313851080864692 0.1248198558847078
0 0.34263410728582866 0.27021617293835065 0.11969575660528417 0.10792634107285826
0 0.09572858286629304 0.6284267413931145 0.08535628502802244 0.07895116092874307
0 0.046116893514811845 0.9196917534027221 0.08429143314651721 0.08535628502802227
0 0.14746997598078462 0.8567453963170536 0.08855084067253804 0.07895116092874307
