0 0.617366710013004 0.9702080624187256 0.07959687906371911 0.05698309492847847
0 0.7457022106631989 0.9672236671001301 0.08422626788036407 0.0629518855656698
0 0.8773472041612483 0.9688816644993498 0.08091027308192417 0.059635890767230096
0 0.6757282184655397 0.8574902470741222 0.0915344603381013 0.08356306892067607
0 0.8110273081924578 0.8555006501950585 0.08886866059817902 0.0888686605981792
0 0.9440052015604683 0.859148244473342 0.08689206762028577 0.0921846553966191
0 0.8140117035110535 0.5414629388816644 0.0868790637191155 0.08687906371911558
0 0.2540442132639794 0.11679453836150844 0.11193758127438225 0.10542262678803649
0 0.4304941482444733 0.11781534460338099 0.11071521456436907 0.09932379713914175
0 0.6152925877763328 0.11578023407022102 0.0976853055916774 0.09361508452535763
0 0.8008972691807541 0.11557217165149544 0.09443433029908957 0.09483745123537068
0 0.8059817945383615 0.2816449934980494 0.0989076723016905 0.09647594278283478
0 0.6195643693107932 0.28083224967490245 0.10786736020806272 0.11029908972691815
0 0.4313133940182056 0.2814369310793237 0.11804941482444765 0.09850455136540961
0 0.25201560468140466 0.281443433029909 0.1119375812743822 0.09932379713914169
0 0.07230819245773734 0.2861248374512354 0.12862158647594257 0.11682704811443438
0 0.07210013003901192 0.12412223667100128 0.1135630689206761 0.10460338101430422
0 0.6213459037711315 0.665481144343303 0.07694408322496758 0.07626788036410902
0 0.7476918075422628 0.6668075422626787 0.07892067620286101 0.07759427828348492
0 0.8856371911573471 0.658185955786736 0.07759427828348502 0.08024707412223682
0 0.6863459037711316 0.5444473342002601 0.09947984395318596 0.09947984395318606
