0 0.11443506493506496 0.6967272727272726 0.09250649350649354 0.08067532467532441
0 0.20137012987012995 0.8146103896103897 0.09250649350649354 0.09389610389610428
0 0.04800000000000005 0.8156558441558439 0.0960000000000001 0.08762337662337662
0 0.11165584415584434 0.9635129870129869 0.09250649350649352 0.07037662337662341
0 0.364025974025974 0.7451298701298701 0.14779220779220742 0.1510389610389613
0 0.9074025974025975 0.906883116883117 0.14987012987012993 0.1457142857142859
0 0.9087662337662338 0.7517532467532467 0.15831168831168776 0.1533766233766236
0 0.910324675324675 0.5921428571428571 0.14740259740259734 0.1554545454545455
0 0.9115584415584413 0.43590909090909086 0.15766233766233775 0.15545454545454557
0 0.9106493506493507 0.2766233766233766 0.15818181818181784 0.14961038961038967
0 0.9117532467532466 0.11396103896103897 0.15805194805194844 0.161948051948052
0 0.19837662337662337 0.12058441558441552 0.14142857142857093 0.13493506493506488
0 0.19519480519480514 0.2728571428571429 0.13324675324675309 0.1275324675324676
0 0.1961038961038961 0.42889610389610394 0.14545454545454548 0.1390909090909089
0 0.36863636363636354 0.9021428571428571 0.15649350649350655 0.14974025974025962
0 0.5542207792207792 0.4291558441558442 0.15909090909090912 0.14610389610389607
0 0.5552597402597401 0.272987012987013 0.15805194805194836 0.14649350649350662
0 0.5547402597402595 0.115064935064935 0.16116883116883104 0.15766233766233761
0 0.7284415584415586 0.11577922077922084 0.14935064935064932 0.1585714285714286
0 0.7300649350649352 0.2758441558441558 0.1528571428571425 0.14389610389610383
0 0.7308831168831167 0.4300064935064935 0.1547532467532472 0.1537792207792208
0 0.724220779220779 0.5900649350649352 0.14948051948051927 0.14948051948051963
0 0.7262987012987012 0.7429220779220781 0.14714285714285746 0.1484415584415583
0 0.7218181818181817 0.9028571428571428 0.15636363636363645 0.15350649350649365
