0 0.9171688311688311 0.07133116883116891 0.08137662337662377 0.07928571428571422
0 0.7864285714285714 0.06681168831168822 0.0869350649350649 0.0827662337662338
0 0.6584545454545454 0.07064285714285712 0.09389610389610353 0.08346753246753244
0 0.9688896103896106 0.1847012987012986 0.059623376623376335 0.08345454545454549
0 0.8542402597402599 0.18712987012987017 0.0834675324675325 0.08000000000000017
0 0.7224415584415584 0.18505194805194808 0.0771948051948052 0.07163636363636346
0 0.590987012987013 0.18783116883116882 0.08415584415584448 0.0799740259740262
0 0.6101168831168831 0.49453896103896117 0.0834545454545457 0.08414285714285703
0 0.9556753246753246 0.6611038961038962 0.08605194805194834 0.09319480519480532
0 0.8211948051948054 0.655538961038961 0.08971428571428562 0.08206493506493491
0 0.6789740259740259 0.6604090909090908 0.09041558441558432 0.07928571428571421
0 0.8910909090909088 0.7904675324675324 0.10015584415584393 0.09319480519480512
0 0.7544350649350648 0.7915064935064935 0.09110389610389565 0.08415584415584439
0 0.6111558441558441 0.7887272727272727 0.086935064935065 0.0799740259740261
1 0.23792207792207767 0.5162077922077922 0.38755844155844166 0.9649870129870128
1 0.7558766233766232 0.45886363636363636 0.21198701298701314 0.18027272727272725
0 0.946448051948052 0.48087662337662335 0.10450649350649331 0.11814285714285716
0 0.814474025974026 0.4774805194805194 0.11985714285714284 0.11548051948051927
