0 0.08643864598025389 0.11697461212976022 0.15019746121297603 0.13465444287729184
0 0.09783497884344147 0.3500423131170663 0.13984485190409027 0.12222849083215791
0 0.09732016925246827 0.5608462623413258 0.12431593794076164 0.11497884344146697
0 0.09680535966149506 0.7866643159379407 0.12534555712270803 0.11705218617771494
0 0.3868406205923836 0.7783779971791255 0.14812411847672785 0.14812411847672804
0 0.3925458392101552 0.5717207334273626 0.16574047954866009 0.1553737658674191
0 0.6608321579689703 0.5592877291960507 0.13466854724964736 0.1284485190409026
0 0.9223836389280677 0.5748236953455571 0.1336248236953457 0.12222849083215805
0 0.375966149506347 0.32363187588152326 0.1346685472496474 0.12325811001410436
0 0.6613469675599436 0.35263751763046547 0.13155148095909727 0.12533145275035265
0 0.9244569816643158 0.3707686882933709 0.1232722143864597 0.10980253878702378
0 0.9234132581100142 0.7814386459802537 0.15035260930888564 0.14933709449929494
0 0.6588152327221438 0.78688293370945 0.16163610719322996 0.14330042313117097
