0 0.2058900523560208 0.7182373472949389 0.12085514834205935 0.12356020942408388
0 0.34013961605584636 0.27177137870855156 0.1045375218150084 0.10636998254799312
0 0.07364746945898766 0.8857766143106456 0.1453752181500872 0.12827225130890052
0 0.053010471204188475 0.725392670157068 0.10602094240837695 0.11256544502617809
0 0.04834205933682381 0.5695026178010472 0.09668411867364762 0.12486910994764412
0 0.05455933682373481 0.4238787085514834 0.10911867364746962 0.11529668411867351
0 0.05196335078534028 0.2727312390924956 0.10392670157068055 0.10951134380453753
0 0.17914921465968572 0.41741273996509604 0.09409249563699823 0.09007853403141362
0 0.204192844677138 0.5621465968586388 0.10627399650959861 0.11082024432809777
0 0.21689790575916215 0.8757504363001744 0.10236474694589875 0.10125654450261778
0 0.37359075043630025 0.8802050610820242 0.10805410122164084 0.10555846422338551
0 0.3627399650959859 0.7122774869109948 0.11118673647469461 0.10750436300174508
0 0.04535340314136118 0.12667975567190223 0.09070680628272236 0.09534904013961602
0 0.17908376963350783 0.12318935427574167 0.09069808027923176 0.08836823734729493
0 0.17988219895287957 0.26858638743455493 0.080375218150087 0.07944153577661428
0 0.3516143106457243 0.11835078534031414 0.06963350785340287 0.0705584642233856
0 0.35091186736474694 0.41298429319371727 0.07850785340314152 0.08130890052356017
