0 0.5188553191489361 0.9569361702127659 0.12002553191489365 0.0844255319148936
0 0.33597446808510634 0.965940425531915 0.11531914893617022 0.06641702127659581
0 0.32937021276595746 0.8178978723404255 0.13416170212765957 0.13329361702127657
0 0.32132765957446807 0.6694808510638297 0.1105531914893617 0.10297872340425537
0 0.5212297872340426 0.671863829787234 0.103940425531915 0.10018723404255313
0 0.5174382978723404 0.8240170212765957 0.11341276595744681 0.10961702127659553
0 0.7041021276595745 0.8211744680851065 0.11627234042553197 0.11531914893617022
0 0.8803489361702127 0.8122255319148936 0.12469787234042572 0.12188085106382979
0 0.15094893617021277 0.9566851063829788 0.13422127659574468 0.08492765957446798
0 0.1429914893617021 0.8183404255319149 0.13796595744680853 0.13046808510638305
0 0.14505957446808512 0.6735021276595745 0.12751489361702129 0.12225531914893628
0 0.7088127659574468 0.9654553191489362 0.09166808510638307 0.06738723404255328
0 0.8836510638297872 0.960255319148936 0.10112340425531906 0.07778723404255335
0 0.7081148936170214 0.6758468085106383 0.10247659574468082 0.10064680851063827
0 0.8831914893617021 0.6694893617021276 0.11531914893617012 0.1124255319148937
