0 0.5429203539823009 0.8445132743362832 0.15380530973451342 0.13610619469026505
0 0.3076637168141594 0.8430265486725665 0.13946902654867246 0.14123893805309748
0 0.30387610619469035 0.6482300884955753 0.14884955752212375 0.1325663716814161
0 0.30245132743362835 0.4190973451327433 0.1501061946902654 0.1443185840707964
0 0.3013716814159291 0.2452743362831857 0.14221238938053124 0.1293451327433627
0 0.30194690265486723 0.05707964601769911 0.14938053097345105 0.11415929203539822
0 0.07681415929203536 0.06557522123893797 0.15362831858407072 0.13115044247787594
0 0.08230088495575222 0.2569026548672568 0.16460176991150444 0.1584070796460177
0 0.07619469026548664 0.45309734513274336 0.15238938053097328 0.1384070796460173
0 0.07300884955752213 0.6425663716814158 0.13433628318584087 0.11876106194690242
0 0.7630088495575222 0.061327433628318544 0.15327433628318615 0.12265486725663709
0 0.5345132743362832 0.06115044247787602 0.15752212389380532 0.12230088495575205
0 0.5405132743362833 0.24451327433628314 0.16761061946902672 0.15522123893805317
0 0.7690265486725664 0.23530973451327442 0.16000000000000034 0.1523893805309733
0 0.7696460176991151 0.4346017699115043 0.16584070796460182 0.15309734513274334
0 0.5435840707964602 0.4353362831858408 0.1877345132743367 0.18231858407079646
0 0.5500884955752211 0.6448672566371682 0.16000000000000023 0.15061946902654894
0 0.7680530973451328 0.6192035398230089 0.20336283185840726 0.18814159292035382
0 0.781504424778761 0.8247787610619469 0.1874336283185843 0.16283185840707964
