0 0.8781824712643677 0.9280890804597701 0.11449712643678167 0.09787356321839082
0 0.8777155172413793 0.7342887931034482 0.1043390804597702 0.09418103448275862
0 0.8504741379310347 0.5421408045977012 0.11264367816091969 0.09971264367816084
0 0.10997844827586202 0.42867097701149426 0.0775718390804598 0.08124999999999996
0 0.1007471264367816 0.6026221264367816 0.09416666666666693 0.09326149425287361
0 0.12336206896551725 0.7850215517241379 0.09140804597701166 0.0850431034482759
0 0.1353663793103447 0.957787356321839 0.09510057471264376 0.0815517241379311
0 0.2817097701149426 0.9341379310344826 0.09787356321839101 0.08781609195402328
0 0.2747844827586207 0.7535847701149425 0.10617816091954035 0.09972701149425309
0 0.25125 0.5716882183908044 0.09787356321839095 0.10156609195402301
0 0.260941091954023 0.39025862068965506 0.10803160919540238 0.10433908045977006
0 0.44283764367816103 0.3714295977011494 0.10248563218390831 0.10156609195402301
0 0.4354454022988504 0.555625 0.10617816091954027 0.1006465517241379
0 0.4691522988505747 0.9317816091954022 0.09787356321839068 0.09971264367816103
0 0.46222701149425277 0.7443462643678161 0.09879310344827578 0.10156609195402311
0 0.6556609195402298 0.36727011494252876 0.1200287356321838 0.10801724137931039
0 0.6542744252873564 0.5570114942528734 0.10987068965517213 0.1052586206896552
0 0.6792025862068967 0.7448563218390805 0.10432471264367804 0.08965517241379292
0 0.6852011494252873 0.935014367816092 0.1052586206896552 0.09695402298850571
0 0.857859195402299 0.3482471264367816 0.11448275862068961 0.10525862068965512
