0 0.3405263157894738 0.08858299595141708 0.15748987854251018 0.15465587044534415
0 0.33400809716599195 0.2561538461538462 0.15481781376518197 0.16251012145748991
0 0.3338866396761135 0.42923076923076925 0.1651012145748989 0.1669635627530365
0 0.13255060728744944 0.09433198380566803 0.15821862348178145 0.15012145748987862
1 0.4934129554655872 0.8229028340080973 0.22885020242914986 0.3360890688259111
1 0.30444534412955465 0.8255222672064777 0.21708502024291493 0.3282429149797571
1 0.11351821862348192 0.8211417004048582 0.21446963562753027 0.35609716599190283
0 0.5254655870445343 0.43060728744939264 0.16834008097165964 0.16518218623481778
0 0.5234008097165992 0.25947368421052636 0.15044534412955485 0.1634817813765183
0 0.5246963562753036 0.08878542510121455 0.15595141700404894 0.15781376518218612
0 0.8265951417004046 0.05109716599190285 0.1025182186234815 0.09746558704453434
0 0.8208218623481782 0.27995546558704454 0.10107692307692295 0.09312550607287447
0 0.9659514170040484 0.2709352226720647 0.06647773279352265 0.06640485829959517
0 0.9168380566801619 0.40629959514170044 0.10107692307692324 0.10179757085020241
0 0.7706437246963566 0.4135182186234818 0.10901214574898788 0.10034817813765186
0 0.9684979757085019 0.6275627530364372 0.06138461538461564 0.06066396761133609
0 0.8121538461538459 0.6261295546558704 0.08952226720647803 0.08952226720647775
0 0.8973481781376522 0.766910931174089 0.10540080971659922 0.10251821862348197
0 0.7453765182186235 0.7647449392712552 0.10035627530364406 0.08663967611336029
