0 0.07169372294372307 0.9195887445887447 0.11063852813852816 0.10653679653679667
0 0.2174567099567098 0.9198755411255412 0.09190476190476198 0.08721861471861465
0 0.07199134199134198 0.7735335497835498 0.09132034632034644 0.08955627705627711
0 0.2177489177489178 0.7653409090909091 0.0901515151515148 0.08721861471861465
0 0.3283820346320346 0.8262175324675325 0.09483766233766201 0.09775974025974013
0 0.45247835497835487 0.918998917748918 0.10770562770562767 0.09717532467532458
0 0.4527705627705629 0.7600757575757576 0.11179653679653696 0.11062770562770567
0 0.033068181818181885 0.603198051948052 0.06613636363636377 0.09892857142857131
0 0.1600865800865802 0.6037770562770562 0.10361471861471838 0.09658008658008664
0 0.30408549783549776 0.5976352813852813 0.08838744588744597 0.08663419913419901
0 0.44194264069264066 0.5973430735930736 0.09130952380952366 0.09072510822510811
0 0.08896103896103875 0.473241341991342 0.09248917748917752 0.08604978354978356
0 0.2356006493506493 0.4747132034632035 0.09892857142857181 0.08663419913419929
0 0.36994588744588736 0.4723647186147186 0.09248917748917758 0.08429653679653681
0 0.8281331168831167 0.04911796536796536 0.10676406926406919 0.09823593073593072
0 0.8411309523809526 0.21202922077922087 0.11871212121212132 0.10817099567099571
0 0.6648160173160175 0.2155411255411255 0.12714285714285714 0.11941558441558431
0 0.642689393939394 0.05122294372294371 0.11379870129870137 0.10244588744588742
0 0.4618073593073594 0.04946969696969695 0.11168831168831152 0.0989393939393939
0 0.4670725108225106 0.2116774891774892 0.12643939393939385 0.11590909090909102
0 0.10216450216450226 0.21096861471861475 0.12432900432900446 0.11871212121212119
0 0.28051948051948056 0.05476190476190479 0.13506493506493475 0.10952380952380958
0 0.2853354978354979 0.20725108225108227 0.1479437229437227 0.1445887445887445
