0 0.3388137651821862 0.882919028340081 0.155894736842105 0.15401619433198369
0 0.14263157894736853 0.8903238866396762 0.15829959514170042 0.15910931174089069
0 0.1446963562753037 0.7261943319838057 0.1527125506072874 0.1618623481781377
0 0.13813765182186227 0.5544534412955466 0.1506072874493927 0.15910931174089069
0 0.14105263157894743 0.386923076923077 0.15497975708502035 0.15975708502024294
0 0.5192712550607286 0.8853036437246963 0.15886639676113343 0.15263157894736826
0 0.5229959514170041 0.72 0.1452631578947373 0.15919028340080968
0 0.521821862348178 0.5557085020242915 0.1502024291497975 0.15514170040485828
0 0.129914979757085 0.2415506072874494 0.1025182186234819 0.1025182186234818
0 0.7395991902834009 0.878668016194332 0.10901214574898788 0.09746558704453441
0 0.8980688259109314 0.8761457489878545 0.10395951417004069 0.09818623481781395
