0 0.13127476882430647 0.852014531043593 0.15429326287978853 0.13969616908850727
0 0.1332892998678996 0.6993560105680316 0.15508586525759585 0.15095772787318348
0 0.1367734478203435 0.5462351387054161 0.15069352708058134 0.14108322324966976
0 0.1351882430647292 0.40173381770145317 0.13484147952443853 0.13470937912813746
0 0.1277080581241744 0.2491578599735799 0.14187582562747686 0.1460700132100396
0 0.13167107001321007 0.09749669749009246 0.15072655217965658 0.13809775429326288
0 0.4705746367239101 0.12250660501981504 0.12926023778071336 0.11126155878467635
0 0.6344451783355349 0.11981505944517833 0.12126816380449142 0.11512549537648614
0 0.8034676354029061 0.12460369881109645 0.115125495376486 0.11089828269484811
0 0.8107992073976223 0.2648117569352708 0.11360634081902252 0.1162813738441216
0 0.6383091149273447 0.2654392338177014 0.11895640686922059 0.11588507265521795
0 0.472886393659181 0.2654227212681638 0.12080581241743733 0.12503302509907532
0 0.470772787318362 0.4108322324966975 0.13421400264200778 0.12311756935270816
0 0.6413309114927345 0.4097093791281374 0.13193527080581238 0.130779392338177
0 0.8123183619550858 0.4137054161162484 0.11591809775429325 0.11439894319682962
0 0.6465323645970938 0.5543758256274769 0.13612945838837512 0.13497357992073972
0 0.47135072655217963 0.5614431968295904 0.1323315719947159 0.12466974900924702
0 0.47613936591809775 0.7076453104359313 0.12975561426684268 0.13352047556142668
0 0.64557463672391 0.7053830911492733 0.14735799207397626 0.14577278731836205
0 0.8138540290620871 0.7124009247027742 0.13048216644649915 0.12473579920739755
0 0.8269484808454424 0.8628137384412152 0.12741083223249644 0.12357992073976214
0 0.648167107001321 0.8693361955085865 0.14996697490092462 0.13431307793923375
0 0.48018494055482164 0.8548001981505946 0.1561426684280054 0.13133091149273457
0 0.2946664464993395 0.7148282694848085 0.13279392338177032 0.13817701453104342
0 0.3067371202113606 0.5525594451783356 0.15931307793923385 0.14309775429326288
0 0.3011393659180977 0.40450792602377805 0.15175033025099077 0.14144649933949807
0 0.3013705416116248 0.10229524438573316 0.15260898282694843 0.13252972258916776
0 0.815175033025099 0.5604854689564068 0.12090488771466287 0.11898943196829585
0 0.30517833553500656 0.8780118890356671 0.11679656538969613 0.11333553500660487
