0 0.06661133603238867 0.7085668016194331 0.09513360323886638 0.0885506072874493
0 0.041076923076923066 0.3769919028340081 0.08215384615384613 0.07536032388663971
0 0.13302834008097167 0.2766842105263158 0.10548987854251013 0.09699595141700404
0 0.525748987854251 0.28170040485829956 0.13165991902834015 0.12372469635627527
0 0.3419757085020243 0.43973279352226724 0.14291497975708503 0.13959514170040482
0 0.3427004048582996 0.2857935222672065 0.12263157894736842 0.11463157894736842
0 0.521740890688259 0.9124291497975708 0.14728744939271243 0.14842105263157895
0 0.8905263157894736 0.27052631578947367 0.14153846153846147 0.13246963562753034
0 0.8946963562753038 0.4301214574898785 0.15117408906882596 0.1489878542510122
0 0.8930364372469637 0.5897975708502025 0.15449392712550616 0.1352226720647773
0 0.884331983805668 0.7495141700404858 0.15327935222672065 0.15004048582995952
0 0.8917813765182185 0.9065991902834006 0.1536032388663968 0.15214574898785413
0 0.708255060728745 0.9132105263157895 0.1645425101214575 0.15495546558704443
0 0.33898785425101213 0.9177732793522267 0.15133603238866394 0.15311740890688247
0 0.7042914979757086 0.7496356275303644 0.15919028340080976 0.1523886639676112
0 0.5281781376518219 0.7504048582995951 0.15821862348178142 0.15117408906882596
0 0.33732793522267207 0.7554251012145748 0.16502024291497977 0.1508502024291497
0 0.5288663967611336 0.5868421052631578 0.15052631578947356 0.1455060728744939
0 0.338663967611336 0.5953441295546559 0.1519838056680162 0.14161943319838066
0 0.5251012145748988 0.4382995951417004 0.133927125506073 0.12599190283400805
0 0.1363157894736842 0.9636194331983807 0.09514170040485828 0.07114170040485808
