0 0.8411300505050505 0.3676886643511209 0.10915404040404035 0.11078623302810237
0 0.6801783459595959 0.3655683612251342 0.11370265151515131 0.11578465424692137
0 0.35119476010101014 0.37594411114619514 0.09096275252525257 0.08783391221976636
0 0.5200599747474747 0.36717713924850015 0.11916035353535348 0.10953583833280707
0 0.5277935606060605 0.5122039785285759 0.12017045454545454 0.12134512156615083
0 0.689771148989899 0.6603220713609094 0.11382260101010101 0.1259614777391853
0 0.8604324494949495 0.6502841806125671 0.11878156565656577 0.12229239027470802
0 0.8699179292929293 0.7940006315124724 0.126199494949495 0.13583833280707291
0 0.7017834595959596 0.8060309441111462 0.13525883838383837 0.1372276602462898
0 0.5292929292929293 0.8090622039785287 0.1224747474747474 0.13009156930849378
0 0.3620896464646465 0.8011840858856962 0.14469696969696974 0.15544679507420267
0 0.18552714646464646 0.8126776128828543 0.1520517676767677 0.15007893905904632
0 0.1889520202020202 0.6652194505841491 0.1375 0.1296179349542153
0 0.8528014520202021 0.5114856330912536 0.119302398989899 0.12215029996842428
0 0.6857954545454547 0.518523839595832 0.12152777777777772 0.12531417745500484
0 0.18929924242424243 0.38078623302810233 0.12613636363636363 0.11067256078307552
0 0.1873421717171717 0.5244237448689612 0.13478535353535354 0.11976634038522267
0 0.5294034090909091 0.6550520997789706 0.12256944444444438 0.11926113040732549
