0 0.2975649350649351 0.7 0.15768398268398298 0.15584415584415592
0 0.11390692640692641 0.06829004329004333 0.18214285714285733 0.13658008658008666
0 0.11233766233766242 0.8592532467532468 0.1733766233766234 0.1604978354978355
0 0.29507575757575744 0.8623376623376624 0.14945887445887437 0.1619047619047617
0 0.29496753246753254 0.5474025974025976 0.12608225108225132 0.11883116883116877
0 0.29237012987013 0.38679653679653675 0.12283549783549785 0.1194805194805193
0 0.29529220779220783 0.22754329004329002 0.1269480519480519 0.12196969696969673
0 0.2981601731601731 0.06861471861471859 0.17294372294372315 0.13722943722943717
0 0.4739448051948055 0.0604004329004329 0.1285606060606061 0.1208008658008658
0 0.47537878787878785 0.22900432900432904 0.12002164502164461 0.11298701298701279
0 0.47451298701298716 0.39090909090909093 0.11915584415584406 0.11363636363636365
0 0.47164502164502187 0.5435606060606061 0.13203463203463206 0.13235930735930757
0 0.4736796536796537 0.6907142857142856 0.13030303030303034 0.13387445887445884
0 0.4763257575757576 0.8578084415584416 0.13728354978355023 0.13553030303030317
0 0.6593073593073594 0.8686147186147185 0.1359307359307358 0.13095238095238101
0 0.6624999999999999 0.7116883116883117 0.13733766233766245 0.13376623376623395
0 0.6523268398268399 0.5460497835497836 0.12759740259740218 0.11937229437229428
0 0.660443722943723 0.39512987012987016 0.1217532467532467 0.11861471861471884
0 0.6572510822510822 0.22510822510822512 0.124675324675325 0.1196969696969696
0 0.8660930735930739 0.9172402597402598 0.10770562770562767 0.10770562770562775
0 0.8707683982683982 0.7720725108225108 0.10770562770562775 0.10418831168831161
0 0.9556277056277057 0.603198051948052 0.08658008658008666 0.09892857142857131
0 0.8742857142857141 0.47294913419913415 0.09950216450216447 0.09014069264069285
0 0.6608766233766236 0.06293290043290041 0.13982683982683963 0.12586580086580082
0 0.8481277056277056 0.06165043290043287 0.14432900432900442 0.12330086580086574
0 0.8525974025974026 0.22559523809523815 0.13809523809523797 0.137987012987013
