0 0.6862793914246195 0.651134163208852 0.09734439834024915 0.08973720608575401
0 0.8107192254495158 0.6464730290456433 0.10243430152143829 0.09734439834024905
0 0.9440456431535269 0.6600207468879671 0.09818810511756537 0.09226832641770412
0 0.522060857538036 0.4026901798063623 0.09565698478561582 0.09226832641770408
0 0.6630082987551867 0.3984439834024894 0.1134301521438454 0.10073305670816038
0 0.7992946058091285 0.3963347164591977 0.09820193637621016 0.09311203319502097
0 0.9463554633471644 0.4009889349930843 0.10452282157676376 0.10073305670816032
0 0.8691286307053944 0.27951590594744147 0.11936376210235154 0.10666666666666656
0 0.7239557399723375 0.28417704011065015 0.09988934993084404 0.09734439834024915
0 0.5885131396957122 0.2841770401106501 0.09818810511756547 0.09565698478561531
0 0.44884508990318134 0.28671507607192265 0.0965006915629323 0.09226832641770412
0 0.2270608575380359 0.17666666666666667 0.1134301521438454 0.102434301521439
0 0.3836652835408021 0.1749723374827111 0.10835408022130034 0.10242047026279417
0 0.5148686030428768 0.16947441217150758 0.10497925311203272 0.09988934993084342
0 0.653271092669433 0.16565698478561544 0.0990456431535266 0.09734439834024912
0 0.7493499308437068 0.7738727524204703 0.08973720608575335 0.08633471645919724
0 0.9537759336099585 0.8868810511756567 0.07872752420470257 0.07533886583679088
0 0.893679114799447 0.7776832641770403 0.08887966804979279 0.08889349930843711
