0 0.8952145748987853 0.6435910931174089 0.0914493927125507 0.085433198380567
0 0.8907004048582996 0.8195668016194332 0.10528744939271244 0.0944534412955464
0 0.0706842105263158 0.8273886639676112 0.08242105263157894 0.07880971659919034
0 0.14348178137651824 0.501004048582996 0.07640485829959516 0.07700404858299582
0 0.07880971659919028 0.395417004048583 0.08783805668016194 0.08723886639676136
0 0.02646963562753036 0.5028097165991903 0.05293927125506072 0.060161943319837916
0 0.1410769230769231 0.07685829959514158 0.08121457489878545 0.07821862348178131
0 0.0465910931174089 0.16078542510121452 0.08489068825910931 0.07640485829959523
1 0.9077894736842106 0.21435627530364365 0.18280161943319836 0.3208744939271255
1 0.7414696356275303 0.2139757085020243 0.2179514170040486 0.30801619433198396
1 0.5594615384615385 0.21625101214574904 0.2277975708502024 0.3049878542510122
1 0.3865344129554656 0.21511336032388662 0.25428340080971656 0.30120647773279335
0 0.8949797570850202 0.4861943319838058 0.15757085020242903 0.14518218623481757
0 0.5215384615384616 0.4699190283400809 0.14963562753036438 0.1357894736842103
0 0.3405263157894737 0.47255060728744924 0.1629959514170041 0.1384615384615385
0 0.3461133603238867 0.6258704453441296 0.1505263157894737 0.1476113360323884
0 0.3440080971659919 0.7928340080971661 0.15732793522267205 0.16153846153846144
