0 0.4433886583679114 0.9494398340248962 0.0980082987551869 0.10092669432918368
0 0.6093914246196404 0.9391770401106498 0.09656984785615516 0.0980497925311203
0 0.6057538035961271 0.7921853388658368 0.08923928077455048 0.08777316735822978
0 0.44412171507607173 0.8017012448132779 0.08777316735822964 0.08337482710926689
0 0.2751728907330568 0.953817427385892 0.08044260027662556 0.08337482710926698
0 0.27151452282157684 0.8119363762102351 0.09069156293222706 0.08923928077455039
0 0.10841632088520053 0.9479737206085754 0.10092669432918368 0.10092669432918387
0 0.10695712309820185 0.8053526970954357 0.09507607192254465 0.09067773167358217
0 0.7711203319502073 0.23286998616874138 0.10580912863070539 0.09804979253112013
0 0.6004080221300139 0.08156293222683252 0.10017980636237882 0.09170124481327795
0 0.6004080221300139 0.2251106500691563 0.09594744121715125 0.08676348547717812
0 0.09673582295988942 0.22652143845089914 0.10298755186721997 0.09099585062240657
0 0.2607538035961274 0.23322268326417706 0.1051037344398337 0.08887966804979248
0 0.43216459197787016 0.22123098201936367 0.0980497925311202 0.09029045643153522
0 0.42934301521438445 0.07521438450899032 0.09663900414937739 0.0874688796680498
0 0.2621645919778701 0.09214384508990318 0.1051037344398337 0.08605809128630709
0 0.09814661134163183 0.08332641770401106 0.10439834024896268 0.09240663900414962
0 0.9538658367911479 0.7930290456431536 0.07024896265560163 0.06771784232365133
1 0.9136998616874137 0.543838174273859 0.16983402489626545 0.3017012448132779
1 0.7576832641770402 0.5504426002766253 0.16659751037344428 0.2884923928077455
1 0.5931189488243431 0.5524757952973721 0.16253112033194989 0.2884923928077454
1 0.4305878284923929 0.5570470262793915 0.1625311203319505 0.27730290456431533
1 0.2655186721991698 0.5621230982019364 0.14932226832641773 0.26513139695712323
1 0.10858229598893483 0.5509474412171509 0.14017980636237884 0.2935684647302906
0 0.9552904564315352 0.9411687413554631 0.08665283540802224 0.07788381742738568
0 0.7682987551867221 0.08156293222683267 0.11568464730290506 0.10016597510373453
