0 0.6612910241202057 0.41177738236457095 0.1000514037168841 0.10580071174377233
0 0.5204151838671411 0.20822854883353104 0.09890075128509306 0.10465005931198101
0 0.5212791617240016 0.35370304468169234 0.08452748121787261 0.09200079082641353
0 0.928954132068011 0.5193020956899961 0.10982601818900743 0.11385132463424286
0 0.9237781731909847 0.35398971925662315 0.1190233293792011 0.11902728351126929
0 0.9180288651640964 0.19758995650454728 0.11097271648873062 0.11327402135231318
0 0.9373270067220245 0.6766310794780545 0.12423882957690792 0.127164887307236
0 0.14666666666666667 0.2441656781336497 0.10465005931198103 0.11672202451561875
0 0.5330664294187425 0.8300909450375643 0.09775009885330162 0.0971767497034401
0 0.6546797153024911 0.7441281138790036 0.09372479240806647 0.10350336101225803
0 0.6529537366548043 0.5816903914590746 0.1006247528667458 0.11212732305259
0 0.5281771451166468 0.6797271648873073 0.1006247528667457 0.09890075128509314
0 0.5227164887307235 0.5049288256227759 0.10350336101225784 0.11155001977066037
0 0.1611289047054172 0.7399406880189799 0.11177145116646893 0.12533807829181506
0 0.1544286279161724 0.6006642941874258 0.1006247528667457 0.10867536575721627
0 0.14580268880980624 0.41867734282325025 0.10407671016211939 0.1138513246342428
