0 0.2695761381475667 0.13327315541601256 0.10088958660387232 0.11414442700156985
0 0.578076923076923 0.14849031920460493 0.10025641025641026 0.10906855049712194
0 0.576810570381999 0.14785714285714285 0.0913814756671899 0.103992673992674
1 0.8193328100470958 0.5190214547357405 0.3211983254840398 0.1772998430141287
1 0.8292229199372055 0.34628728414442694 0.3227158555729984 0.189476713762428
1 0.8386159079016222 0.18762951334379907 0.32172161172161173 0.22219780219780222
1 0.8424201988487702 0.07859497645211931 0.31411302982731554 0.15718995290423862
0 0.8615332286760861 0.9712637362637363 0.0850340136054421 0.05642595499738353
0 0.8628021978021977 0.844123495552067 0.07869701726844587 0.08370486656200919
0 0.868822605965463 0.7001805337519623 0.08059654631083198 0.08624280481423323
0 0.6646389324960754 0.959215070643642 0.0844008372579802 0.08052328623757195
0 0.5362271062271062 0.8920041862899004 0.09137624280481417 0.09448456305599158
0 0.6538566195709052 0.79149136577708 0.08947148090005223 0.09257980115122973
0 0.5365436944008373 0.6951072736787022 0.09708529565672414 0.09892203035060189
0 0.3580376766091052 0.9351229722658294 0.0837676609105181 0.08814233385661951
0 0.23184720041862902 0.8980245944531658 0.08503401360544215 0.08624280481423341
0 0.3301360544217687 0.7937127158555729 0.07742543171114603 0.08180533751962328
0 0.3903767660910518 0.6976425954997384 0.07108320251177387 0.07355834641548918
0 0.233116169544741 0.6957404500261644 0.07235478806907378 0.07862899005756141
0 0.2543563579277865 0.4956750392464679 0.10216117216117218 0.10589743589743596
0 0.42493720565149135 0.49472265829408685 0.10216117216117215 0.110334903192046
0 0.5666666666666667 0.49884615384615383 0.09771847200418633 0.09575614861329151
0 0.5749084249084249 0.3235112506541078 0.08884353741496598 0.0976556776556776
0 0.42810570381998947 0.32065672422815283 0.08693877551020412 0.08941391941391945
0 0.2670408163265306 0.3219230769230769 0.10342752485609626 0.11350601779173208
0 0.42620617477760336 0.14912611198325484 0.092014652014652 0.10399790685504973
