0 0.7634601769911505 0.6275132743362831 0.13031858407079666 0.12716814159292053
0 0.9592389380530975 0.6421238938053095 0.07798230088495565 0.11847787610619467
0 0.530849557522124 0.6243628318584071 0.13111504424778755 0.1255752212389382
0 0.7574336283185842 0.8189380530973452 0.1753982300884953 0.15823008849557543
0 0.5277876106194689 0.8148672566371683 0.1819469026548671 0.16460176991150446
0 0.31150442477876106 0.8248672566371682 0.16814159292035397 0.1623008849557523
0 0.3176991150442478 0.6342477876106193 0.16353982300884976 0.15663716814159293
0 0.08247787610619473 0.05976106194690264 0.16495575221238945 0.11952212389380527
0 0.0845132743362832 0.23300884955752207 0.1690265486725664 0.17398230088495564
0 0.09123893805309727 0.43486725663716824 0.16477876106194675 0.14761061946902676
0 0.09292035398230088 0.6298230088495576 0.18371681415929236 0.16690265486725653
0 0.0939823008849558 0.834070796460177 0.18477876106194666 0.1576991150442476
