0 0.8831643757159221 0.07961053837342497 0.16540091638029805 0.15922107674684993
0 0.8832044673539519 0.2563631156930125 0.1630297823596794 0.1597823596792669
0 0.8832101947308133 0.43173825887743417 0.1782531500572738 0.17042955326460477
0 0.8873424971363115 0.6111254295532647 0.17491408934707917 0.1706471935853377
0 0.8785337915234822 0.8007903780068728 0.18222222222222229 0.17875143184421532
0 0.0552319587628866 0.7915148911798398 0.10511454753722795 0.10845933562428406
0 0.6662657502863688 0.08001145475372283 0.1722222222222223 0.16002290950744566
0 0.6663946162657504 0.2561741122565865 0.17542382588774347 0.15864833906071021
0 0.6664891179839634 0.4261912943871707 0.1646162657502864 0.16028636884306982
0 0.672680412371134 0.60209049255441 0.1714776632302405 0.17268041237113402
0 0.6630183276059565 0.8050744558991981 0.15116838487972492 0.15862542955326456
0 0.4753436426116839 0.7882588774341354 0.16832760595647187 0.166093928980527
0 0.47243413516609395 0.6138459335624283 0.1644902634593357 0.1565349369988545
0 0.47058991981672393 0.43427835051546393 0.16145475372279494 0.16443298969072176
0 0.4665521191294387 0.25970790378006875 0.16941580756013738 0.1551546391752578
0 0.46317296678121417 0.08089919816723941 0.17880870561282936 0.16179839633447882
0 0.2613430698739977 0.07714776632302409 0.16356815578465064 0.15429553264604817
0 0.25996849942726236 0.25412084765177545 0.16385452462772052 0.15881443298969072
0 0.2632817869415808 0.43952176403207327 0.16541809851088202 0.14971935853379179
0 0.2620847651775487 0.6099484536082473 0.16391752577319593 0.15349369988545247
0 0.26415807560137455 0.784020618556701 0.17359679266895756 0.17520045819014898
0 0.03998854524627721 0.6271993127147767 0.07595647193585338 0.07328751431844205
0 0.04265177548682703 0.44763459335624284 0.07462772050400916 0.07662084765177567
0 0.03632302405498282 0.26107388316151203 0.0672966781214204 0.07262886597938135
0 0.028321878579610542 0.0835051546391753 0.056643757159221084 0.06396334478808709
