0 0.04159090909090906 0.693655844155844 0.08318181818181812 0.09014285714285697
0 0.09770129870129873 0.8158376623376623 0.10314285714285723 0.08814285714285715
0 0.09619480519480526 0.965857142857143 0.08612987012987006 0.06568831168831149
0 0.46322077922077937 0.44458441558441547 0.10896103896103904 0.10722077922077915
0 0.10324675324675324 0.4394805194805194 0.1566233766233765 0.14857142857142835
0 0.10220779220779211 0.2753896103896104 0.16000000000000003 0.15233766233766247
0 0.10603896103896115 0.13090909090909095 0.1279220779220779 0.12311688311688322
0 0.2803896103896105 0.11987012987012988 0.17012987012987013 0.15506493506493504
0 0.2811038961038962 0.2806493506493506 0.15727272727272715 0.14883116883116887
0 0.2902597402597403 0.4376623376623377 0.16493506493506493 0.15324675324675327
0 0.4546753246753245 0.27876623376623383 0.14935064935064932 0.14688311688311692
0 0.45376623376623376 0.12168831168831175 0.16051948051948076 0.15324675324675327
0 0.6369480519480518 0.12090909090909094 0.17441558441558433 0.15714285714285714
0 0.6335064935064935 0.2824675324675325 0.161038961038961 0.1444155844155845
0 0.6376623376623376 0.4412337662337662 0.15818181818181848 0.14766233766233755
0 0.8120129870129871 0.4394155844155843 0.15233766233766263 0.15259740259740243
0 0.8085714285714287 0.28064935064935065 0.15428571428571425 0.1405194805194806
0 0.8164285714285716 0.125 0.16792207792207828 0.1538961038961039
