0 0.9416733386709367 0.04476381104883905 0.11505204163330648 0.0895276220976781
0 0.9398078462770215 0.1746277021617294 0.09777421937550052 0.09231385108086466
0 0.9382105684547639 0.3100240192153723 0.11590872698158537 0.10208166533226581
0 0.7725380304243394 0.29831865492393916 0.12762209767814245 0.13642914331465159
0 0.7803042433947157 0.15996797437950358 0.11513210568454768 0.1252201761409128
0 0.7904403522818255 0.041661329063250575 0.13087269815852684 0.08332265812650115
0 0.6293835068054444 0.14823859087269814 0.12954363490792634 0.12177742193755017
0 0.6259807846277021 0.2781024819855884 0.11841473178542827 0.11248999199359488
0 0.4706565252201761 0.26997598078462764 0.1304243394715772 0.12393915132105678
0 0.47481985588470776 0.139111289031225 0.11377101681345074 0.11168935148118493
0 0.9018895116092873 0.8615532425940752 0.10040032025620511 0.08979983987189737
0 0.7475500400320256 0.9646717373899117 0.09727782225780623 0.0690552441953563
0 0.7509807846277021 0.8450280224179344 0.09541232986389103 0.08917534027221775
1 0.36364291433146523 0.5845236188951162 0.2792634107285829 0.2909367493995196
1 0.5010328262610088 0.5786869495596477 0.24155324259407526 0.27926341072858274
1 0.6532385908726982 0.5926060848678943 0.23168134507606086 0.2837550040032024
1 0.8014051240992794 0.6069735788630906 0.22090472377902337 0.2909367493995198
1 0.924995996797438 0.6119095276220977 0.148406725380304 0.3151881505204165
