0 0.6087828492392806 0.07707468879668053 0.11275242047026271 0.09954356846473034
0 0.3556362378976487 0.2159405255878285 0.11921161825726093 0.1051037344398337
0 0.18598893499308408 0.21699861687413555 0.10580912863070537 0.09875518672199149
0 0.3492876901798065 0.07168741355463337 0.1093360995850619 0.10016597510373454
0 0.870850622406639 0.06641078838174272 0.09650069156293291 0.09041493775933628
0 0.7367704011065006 0.06539419087136926 0.11071922544951622 0.10260027662517268
0 0.027690179806362354 0.7930290456431536 0.05538035961272471 0.06771784232365133
0 0.9608921161825724 0.1847510373443982 0.07544951590594769 0.09752420470262792
0 0.8363208852005533 0.18424619640387263 0.11073305670816054 0.09853388658367912
0 0.7093499308437067 0.18780082987551863 0.0985338865836795 0.09549100968188097
0 0.5630705394190872 0.19288381742738595 0.10260027662517258 0.09752420470262792
0 0.8678077455048407 0.37775933609958506 0.10463347164591992 0.09549100968188134
0 0.7423582295988936 0.3772475795297372 0.1076763485477176 0.09853388658367884
0 0.6077662517289073 0.3736929460580912 0.10463347164591927 0.08937759336099604
0 0.939930843706777 0.4930497925311204 0.09853388658367959 0.09448132780083007
0 0.8088934993084372 0.4930497925311204 0.10461964038727513 0.09448132780083007
0 0.6743015214384508 0.49812586445366525 0.10970954356846428 0.09650069156293216
0 0.5463139695712311 0.4955878284923928 0.10360995850622386 0.09955739972337481
1 0.3329875518672199 0.5479045643153527 0.2153526970954354 0.2895020746887965
1 0.15522130013831245 0.5504426002766252 0.19705394190871406 0.2844260027662515
0 0.18574688796680508 0.79134163208852 0.08972337482710913 0.07618257261410814
0 0.3584370677731675 0.7900691562932226 0.06771784232365151 0.07026279391424622
0 0.36012448132780067 0.9369363762102353 0.08973720608575401 0.07957123098201946
0 0.035311203319502035 0.9411687413554631 0.07062240663900407 0.07788381742738568
0 0.18489626556016575 0.9394813278008302 0.07618257261410777 0.07957123098201946
0 0.17505532503457824 0.06780774550484091 0.09946058091286288 0.09522821576763504
