0 0.3109197786998618 0.7670954356846472 0.08717842323651422 0.08295988934993079
0 0.10310511756569858 0.6600207468879671 0.0981881051175654 0.09226832641770412
0 0.2233056708160443 0.6447786998616873 0.11004149377593352 0.10242047026279341
0 0.41800138312586466 0.698112033195021 0.11174273858921153 0.10242047026279416
0 0.10733056708160431 0.4009889349930843 0.10835408022130034 0.10073305670816032
0 0.23854771784232368 0.3908367911479942 0.1083540802212997 0.10073305670816032
0 0.39472337482710923 0.3937897648686031 0.11257261410788363 0.10835408022130034
0 0.3100760719225452 0.2740179806362379 0.1075103734439834 0.10073305670816093
0 0.16955739972337472 0.28078838174273857 0.10243430152143838 0.09565698478561592
0 0.04393499308437082 0.27951590594744147 0.08786998616874164 0.10666666666666656
0 0.11283540802212991 0.8868810511756567 0.07872752420470273 0.07533886583679088
0 0.052738589211618406 0.7776832641770403 0.08887966804979285 0.08889349930843711
0 0.17970954356846483 0.7772614107883815 0.11089903181189469 0.10157676348547717
0 0.2575933609958506 0.8995781466113414 0.09565698478561596 0.0939557399723379
0 0.3803319502074689 0.8508990318118949 0.08210235131396916 0.08295988934993079
