0 0.3201278409090909 0.7523176507736027 0.11764835858585862 0.12796337227660237
0 0.815909090909091 0.3666245658351752 0.12487373737373761 0.12889169561098832
0 0.8186553030303031 0.5203978528575939 0.1330808080808082 0.14032207136090927
0 0.8127051767676768 0.8078623302810231 0.1331123737373737 0.15219450584149033
0 0.6754261363636364 0.9004104831070414 0.12806186868686867 0.1343858541206187
0 0.6690340909090908 0.747773918534891 0.12897727272727286 0.14259551626144626
0 0.6756313131313132 0.5919324281654563 0.13674242424242414 0.1416798231765077
0 0.6735953282828282 0.44750552573413327 0.12989267676767682 0.12797600252605
0 0.6685621843434343 0.31221976634038523 0.1289804292929293 0.12522892327123455
0 0.48906249999999996 0.8157262393432271 0.1365845959595959 0.13596779286390906
0 0.35063131313131307 0.8840543100726238 0.1251893939393939 0.12365014209030627
0 0.4587910353535354 0.6654878433849069 0.13361742424242412 0.1348279128512788
0 0.4589015151515151 0.5246005683612252 0.11925505050505036 0.12269655825702558
0 0.3253866792929293 0.5914508999052732 0.1235953282828282 0.11836122513419645
0 0.4612957702020202 0.3822513419640038 0.12128472222222222 0.12820334701610356
0 0.3280034722222222 0.45193874329017997 0.11968749999999988 0.11904641616671927
0 0.32389362373737374 0.3144979475844648 0.11603851010101014 0.12294600568361223
