0 0.5784406565656566 0.7650457846542469 0.23118686868686855 0.23031259867382387
0 0.5610795454545454 0.5324281654562677 0.25675505050505043 0.216608778023366
0 0.5537720959595959 0.30437322387117144 0.2403093434343436 0.21569308493842754
0 0.5428030303030302 0.10784654246921378 0.19097222222222227 0.162709188506473
0 0.8155681818181818 0.09963056520366277 0.19554924242424268 0.1827912851278813
0 0.8278882575757576 0.3071203031259867 0.20741792929292946 0.21935585727818127
0 0.06238952020202019 0.3482475528891696 0.12477904040404038 0.1992421850331544
0 0.06101641414141413 0.12612882854436375 0.12203282828282826 0.1846226712977581
0 0.8438920454545453 0.7709820018945375 0.23576388888888877 0.2202715503631197
0 0.8356691919191919 0.5356173034417431 0.21748737373737362 0.21938743290179982
0 0.29289772727272717 0.5520839911588254 0.2046717171717172 0.23217556046731933
0 0.2993055555555555 0.7828702241869278 0.20833333333333334 0.211146195137354
0 0.07015467171717171 0.56761919797916 0.14030934343434343 0.21752447110830447
0 0.07061237373737375 0.7910956741395644 0.1412247474747475 0.2257657088727503
