0 0.06504545454545459 0.75187012987013 0.11406493506493497 0.09945454545454542
0 0.4305259740259742 0.7532597402597402 0.10502597402597388 0.10501298701298713
0 0.4294805194805196 0.9031363636363636 0.10711688311688317 0.1071038961038965
0 0.23863636363636365 0.8997402597402596 0.1458441558441561 0.14103896103896088
0 0.24402597402597417 0.758961038961039 0.12493506493506472 0.11740259740259723
0 0.7769480519480519 0.756948051948052 0.11987012987013021 0.11051948051948071
0 0.7737662337662337 0.9079870129870131 0.12363636363636413 0.12142857142857141
0 0.9537597402597402 0.7522142857142855 0.09063636363636363 0.08624675324675302
0 0.9553376623376622 0.9118246753246751 0.08470129870129851 0.08416883116883174
1 0.9342012987012986 0.4888766233766233 0.12899999999999984 0.3288181818181819
1 0.8459415584415584 0.4871493506493505 0.3055194805194805 0.34611688311688316
1 0.7035649350649352 0.49493506493506495 0.33227272727272716 0.3340000000000001
1 0.5279025974025974 0.49580519480519475 0.3132337662337663 0.32535064935064933
1 0.35398051948051923 0.4776298701298701 0.30803896103896106 0.3374675324675327
1 0.19044155844155858 0.48455194805194807 0.29592207792207814 0.32362337662337676
0 0.4281818181818182 0.12194805194805192 0.16000000000000036 0.14831168831168837
0 0.6057142857142855 0.12941558441558454 0.16285714285714295 0.15779220779220782
0 0.7933766233766235 0.1227922077922079 0.15714285714285714 0.1497402597402597
0 0.23883116883116864 0.12045454545454545 0.1475324675324674 0.14844155844155868
0 0.06668831168831157 0.8964935064935068 0.13337662337662315 0.1480519480519481
0 0.06993506493506482 0.11999999999999997 0.13987012987012964 0.14649350649350643
