0 0.6612337662337664 0.6991558441558441 0.09111688311688292 0.08693506493506473
0 0.7912922077922077 0.6967272727272725 0.09110389610389621 0.0834545454545455
0 0.9678506493506491 0.8156558441558439 0.061701298701299014 0.08762337662337662
0 0.8597922077922077 0.8104350649350649 0.09041558441558423 0.0855454545454547
0 0.726961038961039 0.8166948051948053 0.08763636363636361 0.07998701298701318
0 0.6021168831168829 0.8166948051948052 0.09667532467532472 0.09110389610389612
0 0.07058441558441547 0.119025974025974 0.14116883116883094 0.16688311688311688
0 0.06662337662337656 0.2838961038961039 0.1332467532467531 0.14675324675324675
0 0.06603896103896092 0.43954545454545435 0.13207792207792185 0.14584415584415575
0 0.2281168831168829 0.4344805194805195 0.16896103896103884 0.15233766233766244
0 0.2290259740259739 0.2798701298701299 0.15779220779220776 0.13948051948051962
0 0.23448051948051973 0.11448051948051945 0.1668831168831169 0.16194805194805204
0 0.4154545454545453 0.11616883116883114 0.16701298701298695 0.1650649350649351
0 0.4051298701298702 0.275064935064935 0.16012987012986976 0.14285714285714285
0 0.4093506493506494 0.43616883116883115 0.16961038961038943 0.16298701298701276
0 0.5887012987012986 0.43188311688311687 0.15766233766233775 0.1492207792207792
0 0.5874025974025977 0.2746103896103896 0.15844155844155855 0.14142857142857138
0 0.5909090909090909 0.11357142857142855 0.16051948051948103 0.16142857142857153
0 0.7705194805194805 0.10954545454545457 0.1574025974025978 0.1580519480519481
0 0.7641558441558439 0.271038961038961 0.16155844155844182 0.14363636363636367
0 0.7701948051948051 0.43110389610389616 0.15987012987012972 0.1487012987012987
