0 0.732551948051948 0.13687662337662335 0.10967532467532452 0.09458441558441548
0 0.9054350649350651 0.13603896103896104 0.10315584415584404 0.09909090909090931
1 0.9164415584415584 0.4899480519480519 0.16451948051948043 0.2932467532467534
1 0.7939220779220778 0.48934415584415597 0.2607792207792208 0.3016493506493506
1 0.6136558441558442 0.48333766233766234 0.3016493506493506 0.30885714285714283
1 0.4459415584415584 0.4875454545454545 0.327 0.3124675324675327
1 0.2722792207792208 0.4863441558441557 0.34744155844155844 0.31006493506493504
1 0.13947402597402597 0.4941558441558442 0.27894805194805194 0.31366233766233764
0 0.18525974025974026 0.14181818181818187 0.1372727272727273 0.12675324675324665
0 0.542987012987013 0.13772727272727267 0.12805194805194814 0.13129870129870116
0 0.7424025974025974 0.7612987012987013 0.1419480519480518 0.1205194805194804
0 0.5663636363636364 0.7487662337662337 0.1444155844155844 0.12714285714285722
0 0.392077922077922 0.7558441558441559 0.13999999999999996 0.1233766233766233
