0 0.39008510638297883 0.6387659574468085 0.15327659574468083 0.14221276595744672
0 0.4005531914893618 0.8068085106382978 0.1296170212765959 0.12017021276595763
0 0.39442553191489343 0.9477021276595744 0.13829787234042548 0.10289361702127682
0 0.5683829787234044 0.9481702127659574 0.13795744680851058 0.10195744680851081
0 0.7498297872340425 0.4908085106382979 0.1209361702127659 0.10774468085106385
0 0.9185234042553191 0.5073276595744681 0.09163404255319132 0.08410212765957438
0 0.9288510638297874 0.6386978723404254 0.1405957446808509 0.13135319148936178
0 0.9005957446808511 0.8277021276595745 0.09731063829787215 0.09734468085106397
0 0.9024851063829787 0.9604382978723404 0.11249361702127689 0.07742127659574481
0 0.568391489361702 0.49787659574468085 0.09828085106382972 0.08977872340425529
0 0.7517319148936168 0.9543021276595746 0.10773617021276599 0.08969361702127673
0 0.7521702127659574 0.65 0.11438297872340429 0.11429787234042556
0 0.7569361702127658 0.8026297872340425 0.12374468085106387 0.11531914893617012
0 0.571668085106383 0.8069276595744682 0.1181276595744682 0.1124255319148937
0 0.575459574468085 0.6552255319148937 0.10683404255319125 0.10774468085106377
