0 0.34985138705416113 0.8599900924702774 0.14527741083223253 0.144220607661823
0 0.18134081902245705 0.7152741083223249 0.13619550858652574 0.13332232496697488
0 0.17926023778071334 0.5458388375165125 0.1392338177014531 0.1294583883751651
0 0.7002972258916776 0.852014531043593 0.15429326287978865 0.13969616908850727
0 0.7023117569352708 0.6993560105680316 0.15508586525759588 0.15095772787318348
0 0.7057959048877148 0.5462351387054161 0.1506935270805813 0.14108322324966976
0 0.7042107001321005 0.40173381770145317 0.13484147952443845 0.13470937912813746
0 0.6967305151915455 0.2491578599735799 0.14187582562747683 0.1460700132100396
0 0.7006935270805812 0.09749669749009246 0.1507265521796565 0.13809775429326288
0 0.3625330250990753 0.10473910171730513 0.11892338177014536 0.11865918097754291
0 0.8636889035667107 0.7148282694848085 0.13279392338177026 0.13817701453104342
0 0.8757595772787319 0.5525594451783356 0.15931307793923383 0.14309775429326288
0 0.870161822985469 0.40450792602377805 0.15175033025099074 0.14144649933949807
0 0.8703929986789961 0.10229524438573316 0.1526089828269485 0.13252972258916776
0 0.5303632760898283 0.09880449141347425 0.15675033025099078 0.13600396301188908
0 0.8742007926023776 0.8780118890356671 0.11679656538969609 0.11333553500660487
0 0.3621202113606341 0.2436261558784676 0.13929986789960375 0.1307133421400264
0 0.5365257595772788 0.2476552179656539 0.14590488771466315 0.14154557463672388
0 0.5373018494055483 0.39600396301188906 0.1471268163804492 0.14405548216644648
0 0.5333883751651255 0.5495211360634082 0.15052840158520478 0.14270145310435933
0 0.5302509907529723 0.701271466314399 0.15957727873183616 0.14534346103038306
0 0.5281208718626156 0.8557793923381769 0.16350726552179667 0.1561426684280053
0 0.18205085865257598 0.860898282694848 0.1385402906208719 0.13513870541611625
