0 0.11165584415584434 0.038448051948051974 0.09250649350649352 0.07689610389610395
0 0.1815454545454545 0.14957792207792203 0.08623376623376575 0.08136363636363649
0 0.045928571428571444 0.1847012987012986 0.08902597402597368 0.08345454545454549
0 0.16381818181818195 0.6531103896103896 0.09249350649350623 0.07998701298701318
0 0.03513636363636372 0.6611038961038962 0.07027272727272744 0.09319480519480532
0 0.09565584415584412 0.7918571428571429 0.08276623376623378 0.07511688311688328
0 0.3745454545454544 0.7574285714285715 0.10501298701298709 0.09527272727272751
0 0.3794155844155846 0.911831168831169 0.08415584415584443 0.07997402597402582
0 0.549461038961039 0.75187012987013 0.11406493506493504 0.09945454545454542
0 0.9149415584415586 0.7532597402597402 0.10502597402597384 0.10501298701298713
0 0.9138961038961039 0.9031363636363636 0.10711688311688312 0.1071038961038965
0 0.7230519480519481 0.8997402597402596 0.14584415584415614 0.14103896103896088
0 0.7284415584415587 0.758961038961039 0.12493506493506461 0.11740259740259723
1 0.8383961038961038 0.4776298701298701 0.30803896103896106 0.3374675324675327
1 0.6748571428571429 0.48455194805194807 0.29592207792207814 0.32362337662337676
1 0.4948766233766234 0.4776233766233766 0.26824675324675296 0.33399999999999985
1 0.34864285714285737 0.4819610389610388 0.21458441558441563 0.3253506493506494
0 0.9125974025974026 0.12194805194805192 0.1600000000000005 0.14831168831168837
0 0.723246753246753 0.12045454545454545 0.14753246753246738 0.14844155844155868
0 0.16316233766233768 0.47689610389610376 0.12580519480519525 0.1166493506493506
0 0.039311688311688284 0.48087662337662335 0.07862337662337657 0.11814285714285716
0 0.5422727272727271 0.8964935064935068 0.15103896103896067 0.1480519480519481
0 0.3651948051948053 0.1233766233766234 0.16000000000000036 0.15636363636363648
0 0.5440909090909088 0.11999999999999997 0.16038961038961025 0.14649350649350643
