0 0.16218268090154214 0.8085270858046659 0.10925266903914582 0.11729932779754854
0 0.18748517200474502 0.43103993673388696 0.10465005931198094 0.11442467378410436
0 0.05262949782522732 0.5193020956899961 0.10525899565045464 0.11385132463424286
0 0.05234084618426251 0.35398971925662315 0.10468169236852502 0.11902728351126929
0 0.1805832344800317 0.2723408461842626 0.11615262949782522 0.1167259786476867
0 0.04745353894820086 0.19758995650454728 0.09490707789640172 0.11327402135231318
0 0.8766211941478845 0.6239541320680111 0.07992487149070801 0.0885488335310398
0 0.8797825227362592 0.4836536180308423 0.07474891261368125 0.08165282720442861
0 0.8737465401344405 0.31115262949782524 0.07877817319098425 0.08855278766310794
0 0.85505931198102 0.15331553973902728 0.09430209568999602 0.09487149070778968
0 0.06041913799920915 0.6766310794780545 0.1208382759984183 0.127164887307236
0 0.19300118623962045 0.5892052194543297 0.12479240806642937 0.12874654013444053
