1 0.038430744595676546 0.7243034427542033 0.07686148919135309 0.5497918334667734
1 0.10010408326661328 0.7513370696557246 0.14896717373899115 0.49572457966373085
1 0.14200160128102474 0.7083026421136911 0.12475580464371509 0.5102001601281023
1 0.25000400320256194 0.73064451561249 0.128478783026421 0.5139231385108087
1 0.31331064851881507 0.7448198558847077 0.15454763811048852 0.5087590072057646
1 0.39058446757405935 0.73064451561249 0.12289831865492395 0.5139231385108087
1 0.5544435548438751 0.750408326661329 0.18619695756605315 0.497582065652522
1 0.6540632506004805 0.7494755804643715 0.12103282626100877 0.4994475580464371
1 0.7657846277021616 0.7476140912730184 0.15454763811048847 0.5031705364291433
1 0.920336269015212 0.7597197758206565 0.1433787029623698 0.4789591673338669
0 0.9608366693354681 0.5346757405924741 0.05986389111289033 0.06172938350680533
0 0.6159927942353883 0.5162770216172939 0.04738991192954339 0.053626901521217046
0 0.11212970376301039 0.48387109687750207 0.04614891913530815 0.042361889511609095
1 0.10803843074459556 0.22991993594875895 0.14816653322658124 0.30890312249799834
1 0.2674299439551642 0.23710568454763808 0.16163330664531636 0.31787830264211353
1 0.4295116092874298 0.24833066453162536 0.16971977582065653 0.3241713370696558
1 0.5897998398718973 0.2492313851080865 0.20653322658126502 0.3439231385108088
1 0.7545796637309848 0.2685348278622898 0.2164131305044034 0.33224979983987174
1 0.9018054443554844 0.279759807846277 0.19478783026421126 0.32955964771817464
