1 0.2648374512353707 0.8134590377113134 0.43014304291287414 0.3704811443433032
0 0.6276527958387517 0.6474642392717815 0.09351105331599463 0.09152145643693092
0 0.7765409622886867 0.6484590377113133 0.09019505851755538 0.08422626788036407
0 0.9138231469440833 0.6504486345903772 0.09682704811443443 0.0908582574772432
0 0.7009362808842655 0.5144863459037711 0.09815344603381024 0.0921976592977892
0 0.8415344603381013 0.5141547464239271 0.09682704811443443 0.0915344603381013
0 0.9685370611183357 0.5201235370611184 0.06032509752925875 0.0941872561768531
0 0.6269830949284788 0.34801690507152144 0.08821846553966205 0.08555266579973982
0 0.8289336801040313 0.3413849154746424 0.09152145643693073 0.09483745123537067
0 0.9688621586475944 0.3423797139141742 0.05967490247074112 0.09550065019505853
0 0.617366710013004 0.04127438231469442 0.07959687906371911 0.07427828348504537
0 0.7457022106631989 0.03754876462938882 0.08422626788036407 0.07509752925877763
0 0.8773472041612483 0.041605981794538366 0.08091027308192417 0.08024707412223642
