0 0.3274673008323424 0.6271997621878715 0.13590963139120085 0.13109393579072529
0 0.3246432818073723 0.7665576694411416 0.1370392390011891 0.13359096313912006
0 0.3263376932223543 0.9111474435196194 0.1470868014268728 0.1397740784780024
0 0.8342241379310346 0.6341379310344827 0.11327586206896544 0.10342449464922697
0 0.8334126040428063 0.7821343638525565 0.12936979785969088 0.1148038049940546
0 0.8343638525564805 0.9129607609988108 0.13733650416171236 0.11819262782401907
0 0.6648929845422117 0.9248810939357908 0.13418549346016628 0.13870392390011893
0 0.6682223543400714 0.7723602853745541 0.13418549346016673 0.1288822829964328
0 0.6685790725326991 0.6268311533888228 0.12919143876337671 0.11565992865636145
0 0.5028240190249702 0.6234839476813318 0.13680142687277075 0.12592152199762177
0 0.5041914387633768 0.7671224732461356 0.13668252080856133 0.1309155766944115
0 0.5037455410225922 0.9117419738406658 0.1380499405469681 0.13335315101070147
