0 0.9646153846153848 0.1304421768707483 0.06972265829408679 0.09385138670852966
0 0.8632025117739403 0.19068288854003138 0.083767660910518 0.08624280481423331
0 0.8654212454212453 0.06227367870225013 0.08059654631083198 0.0881475667189953
0 0.667891156462585 0.4861852433281004 0.08884353741496606 0.09004709576138144
0 0.667891156462585 0.34858189429618003 0.09771847200418642 0.0989220303506018
0 0.6783542647828362 0.20431711145996861 0.08947671376242788 0.09701726844583994
0 0.678990057561486 0.060052328623757194 0.08693877551020412 0.0913134484563056
0 0.027679225536368385 0.3989952904238619 0.05535845107273677 0.09448456305599166
0 0.9665175300889587 0.5568916797488226 0.06591836734693857 0.10209314495028773
0 0.8565436944008373 0.5565750915750916 0.08566718995290429 0.09385138670852948
0 0.9218576661433804 0.44021193092621663 0.08820512820512823 0.10082155939298786
0 0.8632025117739404 0.31941130298273157 0.10152799581371019 0.10653584510727375
0 0.5447540554683412 0.5523757195185767 0.1263997906855051 0.12350601779173209
0 0.5526609105180534 0.4101543694400837 0.12115646258503414 0.1190947148090004
0 0.5569126111983254 0.2631658817373103 0.11976975405546825 0.12772370486656212
0 0.5562244897959183 0.1159288330716902 0.11103610675039247 0.10566195709052854
0 0.35038461538461546 0.5310727367870226 0.12016221873364737 0.12833071690214548
0 0.3496258503401361 0.3878911564625851 0.11383045525902678 0.12301412872841458
0 0.34810308738880175 0.25440345368916795 0.11153846153846161 0.13204081632653059
0 0.34600732600732603 0.1214259549973836 0.10735740450026182 0.11213500784929353
0 0.22113553113553108 0.48068027210884345 0.11203558346415488 0.11658817373103092
0 0.2229879644165358 0.33046310832025116 0.1324646781789638 0.1343956043956045
0 0.22166666666666668 0.1979094714809001 0.13311878597592902 0.1245473574045003
0 0.2222265829408686 0.06792778649921505 0.1339874411302981 0.1318785975928833
0 0.036185243328100455 0.255989010989011 0.07237048665620091 0.11543171114599678
0 0.043406593406593426 0.12334641548927266 0.08681318681318685 0.12376242804814232
