1 0.8217433628318584 0.6395663716814158 0.34461946902654883 0.4537522123893802
0 0.06841592920353977 0.17710619469026556 0.0999469026548673 0.09877876106194677
0 0.2447522123893805 0.1811238938053096 0.10568141592920363 0.09994690265486732
0 0.5589469026548672 0.18113274336283172 0.09994690265486711 0.08846017699115047
0 0.768141592920354 0.1471681415929205 0.1734513274336282 0.15309734513274334
0 0.41288495575221235 0.1789026548672565 0.10966371681415939 0.1052743362831859
0 0.07212389380530974 0.5884070796460177 0.13221238938053106 0.12300884955752214
0 0.23026548672566363 0.5724778761061948 0.14938053097345128 0.14318584070796475
0 0.4060176991150442 0.5871681415929203 0.14477876106194684 0.13469026548672539
0 0.5636371681415928 0.5883097345132743 0.14270796460176985 0.13396460176991165
