0 0.9495833333333336 0.7213002873563218 0.09795977011494222 0.13593390804597685
0 0.8785775862068964 0.5422916666666667 0.15890804597701128 0.14168103448275862
0 0.6622341954022991 0.5643031609195402 0.15125000000000005 0.13593390804597685
0 0.7579597701149424 0.7356609195402299 0.15890804597701202 0.13402298850574712
0 0.36930316091954035 0.8237356321839081 0.1474281609195404 0.13020114942528743
0 0.36930316091954035 0.6188721264367816 0.1436063218390809 0.13018678160919528
0 0.3530316091954024 0.17852011494252873 0.13402298850574668 0.13402298850574712
0 0.34727729885057496 0.3910344827586206 0.1455028735632184 0.13402298850574712
0 0.10700431034482777 0.6169612068965518 0.13975574712643674 0.1263649425287357
0 0.11849137931034487 0.8333117816091956 0.14741379310344813 0.12636494252873579
