1 0.10939790575916221 0.684323734729494 0.21640488656195467 0.4659249563699824
1 0.335911867364747 0.6568630017452008 0.1833246073298429 0.47238219895287953
1 0.5571465968586388 0.6451570680628272 0.21397905759162283 0.4618848167539268
1 0.7820375218150086 0.6269895287958117 0.21801919720767873 0.44331588132635247
0 0.7369982547993018 0.07395287958115182 0.1579406631762652 0.13656195462478185
0 0.7421902268760906 0.23259162303664915 0.16762652705061076 0.1554101221640488
0 0.9113001745200697 0.0709424083769633 0.14616055846422343 0.118150087260035
0 0.9194589877835951 0.2223821989528795 0.15933682373472935 0.14982547993019182
0 0.5571989528795811 0.250043630017452 0.1763525305410121 0.15698080279232118
0 0.555366492146597 0.08407504363001757 0.16762652705061068 0.14476439790575923
0 0.3692408376963351 0.2592059336823736 0.1756544502617801 0.1513961605584642
0 0.3660558464223385 0.08996509598603841 0.1842931937172773 0.1593368237347296
0 0.17041884816753936 0.27290575916230364 0.18952879581151838 0.1592495636998255
0 0.1638307155322862 0.08983420593368231 0.17321116928446773 0.16099476439790558
