0 0.7623755411255412 0.4391125541125541 0.11843073593073598 0.11824675324675309
0 0.5958441558441558 0.43336038961038953 0.09770562770562778 0.09182900432900415
0 0.6675811688311689 0.9574404761904762 0.0866341991341991 0.08295454545454574
0 0.8308928571428571 0.9548051948051949 0.09247835497835503 0.08822510822510833
0 0.7541774891774892 0.7930357142857142 0.08891774891774895 0.09014069264069248
0 0.835551948051948 0.5981114718614718 0.08891774891774895 0.08780303030302991
0 0.6722294372294373 0.5992803030303032 0.10413419913419918 0.09483766233766248
0 0.5727489177489178 0.24016233766233772 0.09015151515151525 0.07902597402597399
0 0.7026731601731602 0.24162337662337663 0.09945887445887433 0.0878138528138527
0 0.8244209956709958 0.24044913419913416 0.0796645021645022 0.07726190476190463
0 0.9555898268398269 0.23987012987012984 0.08665584415584436 0.08077922077922087
0 0.5586688311688311 0.11079545454545454 0.0947619047619047 0.09072510822510815
0 0.6868668831168832 0.11225649350649353 0.08423160173160171 0.08312770562770581
0 0.8095238095238095 0.11195887445887451 0.0813636363636366 0.08019480519480508
0 0.932689393939394 0.11430194805194806 0.08195887445887444 0.07550865800865798
