0 0.8689068825910933 0.2692712550607287 0.1624291497975707 0.15587044534412955
0 0.8689878542510122 0.09834008097165996 0.1661538461538465 0.154251012145749
0 0.09481781376518211 0.4376518218623482 0.1556275303643723 0.15659919028340089
0 0.09493927125506073 0.2769635627530364 0.14275303643724713 0.14129554655870447
0 0.09704453441295557 0.1259473684210527 0.1375708502024292 0.14434817813765177
1 0.8544736842105263 0.8270242914979756 0.1817732793522265 0.34433198380566804
1 0.6627489878542511 0.8270566801619433 0.174064777327935 0.33676923076923065
1 0.475821862348178 0.8289473684210527 0.166493927125506 0.32693117408906897
1 0.2885141700404857 0.8365141700404857 0.15362753036437243 0.3057408906882589
1 0.10045344129554651 0.8175991902834007 0.15893117408906862 0.3375303643724696
0 0.8679757085020241 0.4382186234817814 0.16801619433198378 0.15789473684210525
0 0.6728340080971661 0.44036437246963567 0.16947368421052597 0.15716599190283412
0 0.6720242914979758 0.27153846153846156 0.1678542510121454 0.1544129554655871
0 0.6711740890688257 0.11182186234817815 0.1543319838056679 0.15497975708502013
0 0.28315789473684216 0.4459109311740891 0.14461538461538453 0.14121457489878547
0 0.28999999999999987 0.27753036437246964 0.1521457489878543 0.15101214574898786
0 0.28518218623481784 0.10421052631578952 0.15562753036437274 0.15983805668016202
0 0.4784939271255061 0.11174089068825908 0.11117408906882606 0.10468016194331999
0 0.47632793522267197 0.27273684210526317 0.11406477732793512 0.09745748987854243
0 0.477412955465587 0.4395060728744939 0.11623481781376531 0.10035627530364383
