1 0.34032722513089003 0.7408464223385689 0.3174258289703316 0.4949912739965094
1 0.600780977312391 0.7259031413612567 0.25355148342059336 0.4812652705061084
1 0.8337478184991274 0.7032984293193717 0.21721640488656185 0.4731937172774868
0 0.5054493891797557 0.2967059336823736 0.20393542757417107 0.18756544502617783
0 0.31544502617801046 0.3020375218150087 0.1416753926701571 0.14053228621291428
0 0.29294938917975566 0.13479930191972078 0.12460732984293195 0.12075043630017462
0 0.9213001745200697 0.2759947643979057 0.15565445026178013 0.16125654450261795
0 0.9151832460732984 0.09585514834205926 0.1678883071553228 0.16884816753926704
0 0.7205497382198952 0.288089005235602 0.19572425828970322 0.17111692844677132
0 0.7133071553228622 0.10370855148342062 0.17652705061082033 0.16588132635253067
