0 0.5359501262626263 0.36012946005683616 0.23573863636363643 0.21204294284812128
0 0.8096117424242424 0.5822387117145563 0.20924873737373745 0.20110514682664982
0 0.8055176767676767 0.362399747395011 0.19738005050505036 0.19469529523208084
0 0.8018623737373738 0.1361919797916009 0.20284090909090927 0.18830438901168298
0 0.5295580808080809 0.15081465108935901 0.2193181818181819 0.18462267129775814
0 0.2819286616161616 0.8422797600252606 0.2357638888888889 0.23675402589201136
0 0.2791982323232323 0.6078307546574044 0.2412247474747474 0.21755604673192294
0 0.2677714646464646 0.38252289232712344 0.218371212121212 0.2184717398168614
0 0.26092171717171714 0.15127881275655194 0.2193181818181819 0.192863909062204
0 0.8288194444444444 0.824913167035049 0.2238636363636365 0.21294600568361205
