0 0.6275922466137319 0.7313942083138719 0.15378327884166276 0.14309668379262028
0 0.9565156468939747 0.23430639887902852 0.08603456328818307 0.1241008874357777
0 0.9560252218589443 0.38444652031760856 0.08701541335824366 0.1553479682391406
0 0.6234283045305932 0.5606585707613265 0.13713218122372714 0.134703409621672
0 0.08794955628211115 0.7489841195702943 0.13460999532928536 0.12940214852872498
0 0.07538533395609529 0.5914479215319943 0.11387202241943016 0.10500700607192898
0 0.07593414292386735 0.41702942550210187 0.14126576366184027 0.15267631947688
0 0.06960298925735638 0.27248248482017745 0.1302942550210182 0.11640822045773004
0 0.6143157403082672 0.4049743110695937 0.13344231667445108 0.12709014479215322
0 0.612634283045306 0.24645025688930408 0.1267164876226063 0.11494628678187764
0 0.4282578234469874 0.2501167678654834 0.1365716954694067 0.12723026623073333
0 0.24868986454927605 0.41939981317141517 0.1342877160205512 0.12532928538066324
0 0.25933208780943484 0.5811069593647828 0.13299392807099486 0.12064455861746849
0 0.2637435777673984 0.7488276506305465 0.13640822045773007 0.12009341429238661
