0 0.11288036616161616 0.3666245658351752 0.11255997474747477 0.12339753710135777
0 0.2389709595959596 0.2891600884117461 0.123510101010101 0.12203978528575943
0 0.10943970959595957 0.5126302494474266 0.11937815656565653 0.12200820966214092
0 0.10806344696969697 0.6627644458478056 0.11114583333333336 0.11242500789390587
0 0.24169349747474753 0.5839359014840543 0.1344349747474748 0.1357404483738553
0 0.10327967171717174 0.8046668771708241 0.1152840909090909 0.12477423429112705
0 0.2300583964646465 0.7326934006946637 0.11665088383838387 0.12064414272181878
0 0.6227335858585858 0.3213609093779602 0.12896464646464645 0.1398484370066309
0 0.5603693181818182 0.5188032838648563 0.13033459595959593 0.12614461635617297
0 0.4781265782828283 0.6531575623618566 0.1275852272727274 0.12614461635617316
0 0.47539930555555554 0.8005588885380487 0.12761047979797974 0.1384717398168613
1 0.46306186868686866 0.044145879381117775 0.34690656565656564 0.08829175876223555
0 0.4726546717171718 0.21991316703504893 0.10293560606060621 0.10420271550363118
0 0.475396148989899 0.3762140827281339 0.10841856060606063 0.10419955794126938
0 0.8331249999999999 0.8142658667508683 0.1276136363636365 0.13847805494158508
0 0.6261679292929292 0.7285759393748027 0.15776515151515155 0.17821281970318914
0 0.9352414772727271 0.6853868013893275 0.1015625 0.1055699400063151
0 0.8303819444444445 0.5476002526049889 0.149526515151515 0.15355225765708877
0 0.8454545454545453 0.23842911272497636 0.15227272727272742 0.1576855067887591
0 0.8379261363636363 0.3932901799810546 0.13443813131313126 0.1358699084306914
0 0.10944286616161615 0.21716450899905276 0.1111647727272727 0.12064414272181874
