0 0.8116141498216409 0.7689655172413793 0.12659334126040409 0.12663495838287753
0 0.8087841854934602 0.9087098692033294 0.1321343638525565 0.12847800237812118
0 0.9586771700356718 0.9164060642092747 0.08145659928656364 0.0876397146254458
0 0.956474435196195 0.7730737217598098 0.08586206896551736 0.10447086801426886
0 0.9591854934601663 0.628935790725327 0.08043995243757439 0.11387633769322242
0 0.808448275862069 0.6332491082045185 0.10979785969084425 0.1020392390011891
0 0.24581450653983353 0.6013228299643281 0.08961950059453035 0.08802021403091559
0 0.5242717003567181 0.7077467300832342 0.09121878715814502 0.0880142687277051
0 0.4078448275862069 0.7061474435196194 0.08881688466111773 0.08322235434007137
0 0.29422116527942926 0.7053478002378121 0.08082045184304398 0.08001783590963155
0 0.18620095124851369 0.7093489892984542 0.08721759809750299 0.08802021403091577
0 0.4998662306777645 0.8517776456599285 0.08561831153388819 0.08001189060642078
0 0.6098870392390012 0.8789833531510107 0.07200951248513682 0.07041617122473254
0 0.3970451843043995 0.875781807372176 0.07841854934601668 0.08001783590963135
0 0.6150862068965517 0.6185285374554103 0.09681926278240195 0.0904221165279429
0 0.46985731272294895 0.594524375743163 0.09442330558858505 0.08721759809750296
0 0.3582372175980975 0.5965249702734841 0.08881688466111773 0.08482164090368605
0 0.27981866825208085 0.8729815695600476 0.08081450653983359 0.07761593341260414
0 0.17419738406658739 0.877384066587396 0.09202140309155764 0.0880142687277051
