0 0.25474612129760227 0.576382228490832 0.14294781382228477 0.1315514809590972
0 0.24127644569816648 0.3759449929478138 0.12844851904090274 0.1201551480959096
0 0.4955853314527503 0.5872566995768689 0.13362482369534562 0.12015514809590998
0 0.5023201692524681 0.7923554301833567 0.1367418899858955 0.13466854724964747
0 0.7317630465444288 0.7959873060648801 0.13362482369534553 0.12740479548660077
0 0.9503737658674191 0.792355430183357 0.09643159379407606 0.11808180535966155
0 0.7296897038081805 0.5939915373765869 0.12118476727785601 0.11497884344146687
0 0.943638928067701 0.5976163610719322 0.10990126939351216 0.11393511988716494
0 0.7234767277856137 0.4028772919605077 0.12119887165021154 0.11602256699576863
0 0.9405359661495063 0.41064174894217204 0.11610719322990111 0.11705218617771514
