0 0.7080224116161616 0.5950505209977898 0.10424558080808077 0.11561414587938121
0 0.25291982323232326 0.43345437322387115 0.1218118686868687 0.13050205241553525
0 0.07324810606060606 0.4162930217871803 0.11221590909090907 0.12282917587622355
0 0.08227588383838383 0.2395326807704452 0.1151830808080808 0.12503946952952325
0 0.8646906565656567 0.4244300599936848 0.11205808080808086 0.11891379854752131
0 0.5597743055555555 0.6070097884433218 0.1367834595959596 0.1353962740764131
0 0.40660511363636365 0.6115677297126618 0.131897095959596 0.1347868645405746
0 0.26066919191919186 0.5996842437638142 0.1438131313131313 0.14209030628354904
0 0.08154987373737374 0.5956741395642564 0.12515782828282826 0.1312282917587623
0 0.08243055555555555 0.7868645405746764 0.1298611111111111 0.1400694663719611
0 0.24375789141414145 0.7884748973792233 0.13642992424242426 0.14082728133880648
0 0.717176452020202 0.7760246289864225 0.11278724747474751 0.11509314808967477
0 0.5481912878787879 0.7837748658035997 0.12403409090909104 0.1348373855383644
0 0.39637310606060605 0.7888569624250078 0.13573863636363637 0.13648247552889153
0 0.8568450126262628 0.09819071676665614 0.09887310606060608 0.0986169876855068
0 0.7079466540404041 0.08398484370066309 0.11415088383838405 0.10541206188822229
0 0.5479166666666666 0.09649036943479633 0.09823232323232314 0.10572466056204612
0 0.4100915404040404 0.4373287022418692 0.11803661616161622 0.12094726870855692
0 0.8642124368686869 0.9452778654878435 0.09856376262626261 0.09826018313861695
0 0.7038020833333333 0.9504973160719926 0.1021117424242424 0.09688980107357113
0 0.5555729166666666 0.4367145563624881 0.12023674242424255 0.1275497316071993
0 0.719397095959596 0.42660246289864223 0.10994318181818177 0.12102936532996517
0 0.8651467803030305 0.5969387432901799 0.08913825757575747 0.09520997789706342
0 0.8685479797979798 0.7733833280707294 0.08989267676767666 0.09294284812125042
0 0.40322443181818185 0.0874360593621724 0.11221906565656575 0.1025071045153142
0 0.2461963383838384 0.08070729396905589 0.1119002525252525 0.10653615408904325
0 0.08163510101010102 0.06802968108620146 0.10901515151515154 0.12172402904957373
0 0.8602383207070706 0.26012314493211247 0.09235164141414144 0.09754973160719922
