0 0.1630050505050505 0.5369908430691506 0.1443813131313131 0.13618566466687712
0 0.16117424242424244 0.6800442058730659 0.13339646464646462 0.13160719924218509
0 0.16483585858585859 0.8262867066624566 0.1370580808080808 0.1425639406378277
0 0.3393623737373737 0.5273918534891063 0.14071969696969697 0.12797600252604985
0 0.6770044191919191 0.5273918534891063 0.14346590909090903 0.12797600252604985
0 0.857907196969697 0.5232870224186928 0.15811237373737375 0.13069150615724665
0 0.6847695707070707 0.668171771392485 0.15350378787878785 0.13893274392169247
0 0.6902462121212122 0.8208083359646353 0.15170454545454548 0.14259551626144634
0 0.8588226010101009 0.6676981370382066 0.15261994949494936 0.14347963372276615
1 0.1730145202020202 0.32036627723397537 0.17918560606060607 0.2239406378275971
1 0.8501499368686867 0.3066545626776129 0.15533775252525264 0.24221976634038514
1 0.6824747474747475 0.31031101989264287 0.14711489898989905 0.24221976634038514
1 0.5170407196969697 0.31488159141143035 0.15634154040404044 0.23673508051784015
1 0.3447979797979798 0.3167098200189454 0.16639520202020203 0.23856646668771708
0 0.8556344696969698 0.8166877170824124 0.15716540404040416 0.1416798231765077
