0 0.7440193704600484 0.8014043583535109 0.1594673123486684 0.15909604519774
0 0.5381557707828893 0.22342615012106534 0.11941081517352714 0.11368038740920099
0 0.5379317998385795 0.3801251008878128 0.11355528652138808 0.12142857142857147
0 0.5523264729620662 0.5210855528652139 0.12893058918482636 0.12163034705407573
0 0.5592090395480226 0.6595238095238095 0.12756255044390635 0.12259887005649701
0 0.565960451977401 0.8048829701372074 0.15839386602098465 0.1591606133979014
0 0.39824455205811143 0.8129338175948344 0.1545197740112995 0.15637610976594027
0 0.3888418079096045 0.6548627925746571 0.15500403551251005 0.14774011299435053
0 0.3799717514124294 0.5172074253430184 0.13272800645682006 0.1215334947538337
0 0.37260492332526224 0.3845944309927361 0.12786521388216301 0.11815577078288947
0 0.366182405165456 0.22673527037933822 0.11662631154156576 0.1120661824051655
0 0.3527845036319612 0.0915677966101695 0.11946731234866827 0.11563761097659406
0 0.19736884584342218 0.08429782082324457 0.12495560936238899 0.11502824858757066
0 0.22201372074253434 0.8167877320419693 0.1504035512510088 0.14923325262308312
0 0.0690234059725585 0.8316303470540758 0.138046811945117 0.1506214689265537
0 0.054937449556093615 0.6731073446327683 0.10987489911218723 0.15157384987893477
0 0.057243744955609334 0.5134443099273608 0.11448748991121867 0.14908393866021
0 0.05359160613397899 0.3637590799031477 0.10718321226795798 0.1422074253430185
0 0.055225988700564936 0.21832122679580307 0.11045197740112987 0.13809523809523797
0 0.05230024213075057 0.08163841807909607 0.10460048426150113 0.12639225181598066
0 0.5270581113801454 0.08011501210653754 0.11618240516545612 0.11515334947538337
0 0.7355326876513316 0.6649313962873284 0.11561743341404339 0.10492332526230831
0 0.7184806295399515 0.5133353510895884 0.146735270379338 0.12385391444713478
0 0.7105569007263922 0.3713478611783697 0.11601291364003234 0.10799031476997573
0 0.7078490718321226 0.21517352703793377 0.12199354317998369 0.11549636803874097
0 0.8863196125907992 0.2024818401937046 0.13301049233252643 0.12845036319612602
0 0.8698345439870864 0.0664043583535109 0.12877320419693328 0.11836158192090397
0 0.9392615012106537 0.7155286521388217 0.09329297820823257 0.08720742534301847
0 0.948724778046812 0.8578349475383373 0.0770702179176757 0.07031073446327668
0 0.9108676351896691 0.4326089588377724 0.08652945924132376 0.08382970137207418
0 0.6929842615012106 0.07832122679580307 0.11920500403551237 0.11218724778046811
