0 0.4867165149544861 0.9063133940182053 0.11301690507152126 0.11143042912873861
0 0.6677828348504553 0.932184655396619 0.0867490247074122 0.0819765929778934
0 0.8571976592977893 0.9186475942782835 0.10266579973992164 0.1010663198959688
0 0.8408842652795839 0.7594798439531858 0.08595578673602065 0.09152145643693128
0 0.6447009102730817 0.7714174252275681 0.08833550065019477 0.08356306892067607
0 0.47040312093628095 0.7519180754226268 0.11222366710012975 0.1146033810143041
0 0.8404876462938882 0.5963263979193758 0.08516254876462918 0.08196358907672303
0 0.6570351105331599 0.616222366710013 0.09550065019505871 0.08833550065019495
0 0.46881014304291296 0.6054746423927178 0.08516254876462974 0.08436931079323781
0 0.8484395318595579 0.4323732119635891 0.09630689206762018 0.08516254876462936
0 0.6570351105331599 0.45147594278283476 0.09550065019505871 0.08992197659297793
0 0.4707997399219767 0.4455071521456437 0.1050585175552665 0.09868660598179431
0 0.8667425227568268 0.2672301690507152 0.09312093628088432 0.0859557867360207
0 0.48791287386215854 0.28275682704811445 0.0867490247074123 0.08356306892067629
0 0.8540117035110533 0.10686605981794532 0.0915344603381013 0.0835630689206762
0 0.6713589076723016 0.10249024707412223 0.09868660598179439 0.08755526657997405
0 0.4763719115734719 0.11044863459037713 0.09391417425227597 0.09231469440832236
0 0.2933224967490248 0.10964889466840053 0.08914174252275708 0.08595578673602085
0 0.3012873862158648 0.2751885565669701 0.08754226267880326 0.0859557867360207
0 0.2889466840052016 0.4367555266579974 0.09630689206762028 0.09231469440832238
0 0.292925877763329 0.6015019505851756 0.09310793237971385 0.09072821846553963
0 0.2797984395318598 0.7618660598179453 0.09072821846553963 0.0915344603381012
0 0.29053966189856956 0.9158712613784136 0.09312093628088446 0.09072821846553954
0 0.10431079323797128 0.9198439531859557 0.10266579973992233 0.09232769830949276
0 0.1194473342002601 0.2799674902470741 0.10102730819245721 0.10027308192457737
0 0.1106697009102731 0.12198309492847856 0.1106241872561765 0.1026657997399219
