0 0.8661847672778561 0.6022566995768688 0.1312976022566998 0.11548660084626246
0 0.8867630465444288 0.7857616361071932 0.13129760225669954 0.11231311706629074
0 0.04604372355430181 0.792355430183357 0.09208744710860362 0.11808180535966155
0 0.0413822284908322 0.5976163610719322 0.0827644569816644 0.11393511988716494
0 0.03931593794076164 0.41064174894217204 0.07863187588152327 0.11705218617771514
0 0.6759449929478138 0.6041325811001412 0.10940761636107173 0.10282087447108589
0 0.6897813822284907 0.7847320169252469 0.1318335684062059 0.11600846262341329
0 0.48413963328631876 0.7827503526093089 0.12128349788434421 0.10942172073342726
0 0.2672849083215797 0.7939633286318759 0.1173342736248234 0.11337094499294764
0 0.2527856135401975 0.6047884344146687 0.11468265162200306 0.11733427362482374
0 0.2422355430183357 0.41693229901269396 0.1146826516220031 0.11073342736248232
0 0.6634203102961918 0.41693935119887177 0.11073342736248237 0.100197461212976
0 0.8591819464033851 0.42748236953455576 0.10414668547249652 0.10018335684062056
