0 0.7996695402298851 0.8668103448275862 0.13402298850574756 0.11295977011494242
0 0.7977586206896552 0.6619540229885059 0.13402298850574748 0.12063218390804599
0 0.7853089080459771 0.45038793103448277 0.13211206896551775 0.12252873563218392
0 0.784360632183908 0.24170258620689658 0.1263649425287355 0.11104885057471259
0 0.5498204022988505 0.26275862068965516 0.14742816091954047 0.134022988505747
0 0.5526939655172414 0.47528017241379306 0.14168103448275882 0.12254310344827597
0 0.5699209770114941 0.6810991379310344 0.12636494252873542 0.12061781609195411
0 0.570876436781609 0.8802155172413793 0.12827586206896516 0.1129597701149427
0 0.3516522988505747 0.8917097701149425 0.1340229885057468 0.12827586206896543
0 0.34304597701149425 0.6983333333333333 0.12827586206896582 0.12445402298850557
0 0.33634339080459774 0.30870689655172406 0.12636494252873606 0.11870689655172419
0 0.3430387931034485 0.5068678160919541 0.11679597701149425 0.11678160919540248
0 0.1424209770114941 0.8912499999999998 0.13018678160919528 0.11635057471264366
