0 0.8011428571428573 0.747728813559322 0.11907021791767551 0.11703631961259102
0 0.6651089588377723 0.7532929782082324 0.1329297820823245 0.13573849878934602
0 0.5219370460048426 0.7535835351089588 0.12067796610169505 0.13012106537530252
0 0.38046004842615017 0.7557384987893463 0.12527845036319596 0.13365617433414043
0 0.23399515738498794 0.7561743341404359 0.12726392251815968 0.12774818401937055
0 0.08138014527845035 0.7557627118644068 0.1310895883777241 0.14154963680387422
0 0.08934624697336563 0.5850605326876512 0.1362711864406778 0.1477481840193704
0 0.23617433414043584 0.5880145278450364 0.13278450363196143 0.15142857142857133
0 0.8066585956416464 0.5787167070217918 0.11375302663438241 0.12605326876513298
0 0.7998062953995158 0.40886198547215497 0.11108958837772433 0.11845036319612588
0 0.6688861985472154 0.4093946731234867 0.1463922518159805 0.1463438256658596
0 0.5300968523002423 0.4150121065375303 0.12857142857142848 0.1484745762711865
0 0.3924213075060532 0.4122518159806296 0.1410653753026635 0.1559322033898307
0 0.2418159806295399 0.4113801452784504 0.15811138014527845 0.16309927360774826
0 0.09232445520581117 0.40585956416464886 0.1289588377723972 0.14392251815980617
0 0.0931573849878934 0.2386585956416465 0.13145762711864406 0.13236803874092004
0 0.232997578692494 0.2373995157384988 0.13176755447941882 0.12924939467312355
0 0.38885230024213074 0.23712106537530264 0.1440387409200966 0.12392736077481831
0 0.5274334140435836 0.2384019370460048 0.12460048426150126 0.12929782082324454
0 0.6682082324455205 0.24268765133171913 0.1264406779661014 0.13312348668280863
0 0.7998014527845034 0.2417675544794189 0.11785956416464896 0.13467312348668278
0 0.6457384987893461 0.0706053268765133 0.08401937046004851 0.08116222760290552
0 0.5300968523002423 0.06784503631961261 0.13583535108958833 0.13569007263922522
0 0.38230024213075053 0.07237288135593223 0.1295399515738499 0.14474576271186446
0 0.24559322033898295 0.07145278450363193 0.13893462469733658 0.14290556900726387
0 0.0977239709443099 0.07278450363196123 0.14062953995157387 0.14556900726392247
0 0.810941888619855 0.06500968523002416 0.08374334140435857 0.08535108958837773
0 0.2418062953995157 0.9442736077481838 0.07783050847457636 0.07605326876513312
