0 0.9535045513654096 0.6154551365409623 0.09039011703511092 0.10266579973992201
0 0.773407022106632 0.6202275682704812 0.0915214564369312 0.08516254876462936
0 0.9522691807542265 0.7707997399219767 0.0928608582574771 0.104772431729519
0 0.763823146944083 0.7729128738621588 0.11206762028608568 0.11284785435630713
0 0.5955266579973992 0.7719505851755526 0.08712613784135252 0.0809882964889466
0 0.5909882964889468 0.6155396618985696 0.10163849154746474 0.09901170351105348
0 0.41564369310793225 0.6217295188556567 0.10850455136540968 0.0921456436931077
1 0.8670091027308192 0.3404876462938882 0.26338101430429117 0.31356306892067637
1 0.7113263979193758 0.34254876462938877 0.2790377113133945 0.3149284785435631
1 0.5374252275682704 0.34529908972691803 0.25305591677503236 0.32042912873862167
1 0.3956371911573471 0.34186605981794554 0.17603381014304267 0.3108062418725618
0 0.11950585175552647 0.6517750325097529 0.08754226267880386 0.08555266579973997
0 0.04821196358907678 0.5201235370611184 0.09483745123537039 0.0941872561768531
0 0.1878153446033811 0.515149544863459 0.0955006501950586 0.0921976592977891
0 0.05085825747724334 0.3423797139141742 0.0988296488946684 0.09550065019505853
0 0.210032509752926 0.3466905071521456 0.0921846553966188 0.09085825747724306
0 0.07738621586475941 0.039538361508452496 0.08291287386215834 0.07907672301690499
