0 0.9212910353535354 0.5341964003789075 0.15129419191919205 0.14430059993684874
0 0.9249053030303029 0.6885538364382696 0.14955808080808097 0.14452162930217882
0 0.9271464646464647 0.851499842121882 0.14507575757575764 0.16002526049889482
0 0.5575441919191919 0.5353646984527944 0.15530303030303022 0.1414587938111777
0 0.560385101010101 0.6885538364382696 0.15296717171717178 0.14534259551626158
0 0.5664772727272727 0.8442532365014208 0.1609217171717172 0.15033154404799506
0 0.39367108585858585 0.8514524786864541 0.1562184343434343 0.1476160404167983
0 0.3875 0.6952794442690243 0.15233585858585857 0.14199557941269347
0 0.383633207070707 0.5458162298705399 0.15066287878787876 0.13388064414272188
0 0.2137626262626263 0.5465108935901484 0.14393939393939395 0.13053362803915386
0 0.21878156565656565 0.705573097568677 0.138510101010101 0.1281654562677613
0 0.2240372474747475 0.864603725923587 0.1471275252525253 0.1270603094411114
0 0.04411300505050505 0.8566466687717083 0.0882260101010101 0.09251657720239975
0 0.048565340909090905 0.6989106409851594 0.09220012626262626 0.0920429428481212
0 0.04739583333333333 0.5588885380486265 0.09479166666666666 0.09807388695926746
1 0.9191666666666667 0.30975844647931794 0.16103535353535345 0.24516261446163562
1 0.7534011994949494 0.3196574044837385 0.1491824494949495 0.23145879381117776
1 0.5706881313131312 0.3225086832964951 0.162973484848485 0.22617934954215338
1 0.40147253787878784 0.3287527628670666 0.1960069444444444 0.22691506157246602
1 0.24437026515151516 0.3379317966529839 0.22096906565656566 0.2129586359330596
1 0.11686395202020203 0.3316892958635933 0.23372790404040406 0.23866119355857282
