0 0.9490144792153198 0.8416884633348903 0.10103689864549281 0.12347034096216727
0 0.7613731900980851 0.8383932741709482 0.14086875291919645 0.13227463801961703
0 0.7254553946753852 0.05565156468939746 0.11163007940214847 0.11130312937879493
0 0.744021485287249 0.2131714152265297 0.12382064455861737 0.11536665109761794
0 0.7489257356375525 0.5315506772536198 0.12185894441849601 0.11774871555347956
0 0.7576366184026156 0.6827417094815507 0.11957029425502116 0.12643624474544599
0 0.04925268566090614 0.22701307800093412 0.09850537132181228 0.15155067725361981
0 0.1970574497898178 0.23372255955161142 0.13946753853339555 0.13591779542269966
0 0.20901447921531993 0.3797290985520785 0.1644091546006539 0.151704810836058
0 0.2155301261092946 0.5438346567024755 0.16230733302195235 0.15660906118636153
0 0.22094815506772533 0.7067258290518449 0.16763194768799633 0.14395142456795887
0 0.22571228397944887 0.8648528724894908 0.16501634750116778 0.15791686127977572
0 0.06298458664175614 0.8715319943951425 0.1259691732835123 0.15819710415693622
0 0.18587108827650622 0.07307333021952361 0.14922933208780942 0.14614666043904723
0 0.3745212517515179 0.06496964035497432 0.160999532928538 0.12993928070994865
0 0.3788883699205979 0.21816907986922 0.1529191966370855 0.14722092480149465
0 0.3804530593180756 0.38113031293787947 0.15091078935077065 0.13526389537599248
0 0.39488556749182624 0.5370854740775339 0.165670247547875 0.1535730966837928
0 0.4007239607659972 0.6918496029892574 0.16595049042503487 0.14110228865016375
0 0.40534796823914054 0.8482017748715552 0.15997197571228394 0.13872022419430172
0 0.5837926202709015 0.8497080803362914 0.14899579635684254 0.12949556282111163
0 0.5754320411022886 0.6999065857076133 0.15833722559551613 0.1324614666043907
0 0.5712517515179822 0.5400747314339095 0.1499766464269033 0.1349836524988324
0 0.5604624007473143 0.382788416627744 0.14773470340962155 0.12886501634750122
0 0.5503269500233535 0.06377860812704342 0.12223260158804287 0.1263428304530593
0 0.9240588510042036 0.6764315740308267 0.1192993928070997 0.11710415693601113
0 0.9206095282578234 0.5167071461933677 0.12575899112564204 0.1280990191499299
0 0.9150840728631481 0.35779308734236337 0.11657636618402603 0.12346099953292852
0 0.9169103222793088 0.20260392340028022 0.12050910789350766 0.11940681924334416
0 0.9105464736104624 0.05130780009341431 0.12276506305464707 0.10261560018682862
0 0.7376739841195702 0.37156468939747783 0.11736571695469412 0.1163755254553946
