0 0.48917813765182183 0.441165991902834 0.1176761133603239 0.12056680161943313
0 0.8631497975708503 0.2523765182186235 0.1061214574898785 0.09963562753036437
0 0.2989433198380567 0.26284615384615384 0.12272874493927122 0.11479352226720647
0 0.11339271255060736 0.2630121457489879 0.12527935222672068 0.11491497975708502
0 0.1181781376518218 0.9075303643724697 0.16574898785425102 0.15821862348178123
0 0.30404858299595144 0.9068421052631579 0.15157894736842087 0.15408906882591084
0 0.3040080971659919 0.7411336032388663 0.15797570850202422 0.1562753036437248
0 0.30425101214574896 0.5793522267206478 0.1584615384615383 0.15400809716599184
0 0.30825910931174094 0.4152226720647773 0.1622672064777329 0.15611336032388673
0 0.4852631578947368 0.5989473684210526 0.14089068825910933 0.13133603238866398
0 0.48327935222672064 0.7572064777327935 0.1476113360323886 0.13497975708502025
0 0.4907692307692307 0.9171255060728745 0.15060728744939275 0.1393522267206477
0 0.6792307692307691 0.9021052631578947 0.1455060728744937 0.14558704453441307
0 0.6729554655870444 0.745425101214575 0.1360323886639677 0.14040485829959523
0 0.6708502024291497 0.5691902834008097 0.13360323886639675 0.13093117408906885
0 0.6734534412955465 0.4184534412955465 0.1213036437246963 0.11407287449392713
0 0.6762834008097166 0.2567125506072875 0.12225101214574878 0.11119028340080972
0 0.8668421052631579 0.4022267206477733 0.16769230769230753 0.1592712550607288
0 0.8640890688259111 0.5665587044534413 0.17271255060728766 0.15724696356275297
0 0.8654736842105263 0.7314979757085021 0.17157894736842105 0.16663967611336028
0 0.871417004048583 0.8928744939271255 0.1718218623481784 0.15870445344129555
0 0.4924251012145749 0.27836842105263154 0.11550607287449406 0.1140647773279352
0 0.11647773279352229 0.7375708502024292 0.16655870445344134 0.1638866396761134
0 0.1203643724696356 0.5763157894736842 0.16785425101214568 0.14842105263157895
0 0.12121457489878545 0.4133603238866397 0.15303643724696359 0.15141700404858302
