0 0.45975405546834125 0.1304421768707483 0.08250130821559386 0.09385138670852966
0 0.35195185766614334 0.19068288854003138 0.08376766091051806 0.08624280481423331
0 0.3541705913134484 0.06227367870225013 0.08059654631083202 0.0881475667189953
0 0.15664050235478805 0.4861852433281004 0.08884353741496609 0.09004709576138144
0 0.15664050235478802 0.34858189429618003 0.09771847200418642 0.0989220303506018
0 0.6854997383568813 0.5657692307692308 0.1040607012035584 0.11984824699110391
0 0.6629905808477237 0.42689691261119833 0.08947671376242816 0.10082679225536355
0 0.7260858189429619 0.30958137100994243 0.0850340136054422 0.09321821036106762
0 0.16710361067503926 0.20431711145996861 0.08947671376242793 0.09701726844583994
0 0.16773940345368912 0.060052328623757194 0.08693877551020399 0.0913134484563056
0 0.6683804290947147 0.19385400313971746 0.09518053375196249 0.10145996860282583
0 0.670282574568289 0.06861329147043432 0.10532705389848258 0.11477760334903186
0 0.46799843014128734 0.5568916797488226 0.09138147566718972 0.10209314495028773
0 0.3452930402930403 0.5565750915750916 0.08566718995290429 0.09385138670852948
0 0.41060701203558336 0.44021193092621663 0.08820512820512813 0.10082155939298786
0 0.35195185766614345 0.31941130298273157 0.10152799581371005 0.10653584510727375
0 0.0483516483516484 0.5523757195185767 0.0967032967032968 0.12350601779173209
0 0.050994243851386734 0.4101543694400837 0.10198848770277347 0.1190947148090004
0 0.05277341705913129 0.2631658817373103 0.10554683411826259 0.12772370486656212
0 0.05024594453165881 0.1159288330716902 0.10049188906331762 0.10566195709052854
