0 0.05828463203463206 0.6099891774891774 0.10115800865800895 0.09272727272727263
0 0.18557359307359308 0.6150541125541125 0.08935064935064926 0.091038961038961
0 0.3216991341991342 0.6171590909090908 0.0885064935064933 0.08682900432900435
0 0.4494047619047619 0.6133658008658008 0.08597402597402563 0.07924242424242445
0 0.25553030303030316 0.5012554112554111 0.08766233766233762 0.08428571428571442
0 0.386607142857143 0.5020995670995669 0.09187229437229423 0.08935064935064929
0 0.060817099567099506 0.28377705627705613 0.08598484848484877 0.08935064935064906
0 0.1868290043290042 0.22561688311688316 0.08850649350649371 0.08428571428571442
0 0.30442099567099573 0.2858874458874458 0.09102813852813867 0.08681818181818181
0 0.4456114718614717 0.2892586580086581 0.08514069264069273 0.08514069264069273
0 0.3844805194805194 0.16958333333333336 0.10287878787878775 0.0952056277056277
1 0.787862554112554 0.4886309523809523 0.3439935064935063 0.9772619047619046
