0 0.37140435835351093 0.568135593220339 0.13476997578692504 0.1431476997578692
0 0.5055690072639225 0.5723728813559322 0.11922518159806285 0.1428087167070219
0 0.21598062953995156 0.7443583535108959 0.14004842615012109 0.15312348668280862
0 0.36547215496368035 0.7436561743341406 0.13578692493946729 0.14503631961259084
0 0.5055690072639225 0.7431476997578692 0.1300726392251816 0.14469733656174344
0 0.21232445520581117 0.061113801452784534 0.1188861985472155 0.12222760290556907
0 0.7942469733656174 0.9434285714285715 0.06515254237288148 0.06929782082324465
0 0.4849636803874093 0.9408910411622277 0.08036803874092018 0.07774334140435825
0 0.33961501210653755 0.9294842615012106 0.07698305084745753 0.08197094430992728
0 0.190046004842615 0.9248377723970945 0.0702227602905569 0.07436319612590798
1 0.7486174334140435 0.7330145278450363 0.3135932203389831 0.1943583535108959
1 0.7486174334140436 0.5610460048426149 0.3102130750605328 0.17154479418886193
1 0.7570677966101694 0.39795399515738505 0.33218886198547226 0.16815980629539956
1 0.7579128329297821 0.24330992736077484 0.33218401937046016 0.14619370460048428
1 0.7570677966101694 0.0724309927360775 0.33049394673123483 0.144861985472155
0 0.3715496368038741 0.06837772397094433 0.12905569007263917 0.13675544794188865
0 0.5054237288135593 0.06694915254237288 0.11719128329297818 0.13389830508474576
0 0.2119128329297821 0.39811138014527847 0.12920096852300242 0.1519612590799031
0 0.36784503631961263 0.3999757869249395 0.13849878934624704 0.1461985472154964
0 0.5039709443099273 0.3949152542372881 0.12377723970944313 0.14043583535108964
0 0.2241646489104116 0.5726150121065375 0.14256658595641644 0.1514285714285716
