0 0.5125743162901306 0.04124851367419738 0.14143876337693229 0.08249702734839476
0 0.5060790725326991 0.1789863258026159 0.12274078478002362 0.11171819262782408
0 0.498923900118906 0.3303388822829965 0.11853745541022591 0.11370986920332948
0 0.8829637336504161 0.7958828775267538 0.16058858501783568 0.1548454221165281
0 0.8882907253269918 0.6351278240190249 0.173596908442331 0.15090963139120087
0 0.8751932223543398 0.47925386444708673 0.15234839476813306 0.14208680142687258
0 0.6758888228299642 0.04194411414982161 0.11467895362663515 0.08388822829964322
0 0.6879072532699168 0.17757134363852553 0.12860879904875186 0.11733055885850173
0 0.6724435196195003 0.33184304399524384 0.12526753864447066 0.10791914387633766
0 0.6807847800237811 0.484078478002378 0.12803804994054724 0.11833531510107027
0 0.6948662306777645 0.6480053507728896 0.13943519619500577 0.12264565992865634
0 0.6964982164090368 0.7963941736028538 0.1466230677764566 0.1364268727705112
0 0.5181093935790725 0.7818727705112961 0.12914387633769336 0.1299524375743163
0 0.5050148632580262 0.628076694411415 0.12459571938168826 0.12414387633769305
0 0.5042508917954815 0.48039536266349575 0.11527942925089185 0.11643876337693221
0 0.1611177170035672 0.47844827586206895 0.15124851367419717 0.1407253269916764
0 0.1565309155766943 0.17265160523186682 0.13743757431629017 0.13365041617122472
0 0.15502080856123668 0.046462544589774064 0.1265695600475623 0.09292508917954813
0 0.16287158145065403 0.32559453032104646 0.1549940546967897 0.15059453032104647
0 0.16197978596908447 0.6282401902497027 0.15154577883472062 0.14387633769322233
0 0.16599286563614735 0.7849583828775267 0.15755053507728897 0.15648038049940563
0 0.3407253269916767 0.7844530321046373 0.1655172413793104 0.15796670630202164
0 0.3431034482758622 0.6236325802615934 0.1714625445897741 0.1499999999999998
0 0.34045778834720564 0.4711058263971463 0.16581450653983365 0.14756242568370972
0 0.3414090368608799 0.3180439952437575 0.15796670630202128 0.14571938168846604
0 0.3355410225921523 0.16434007134363848 0.16708680142687277 0.14611177170035672
