0 0.8865263691683571 0.10543779580797837 0.10862407031778236 0.09541244083840432
0 0.0509448951994591 0.20297836375929681 0.08167342799188641 0.0828870858688303
0 0.0627789046653144 0.34597701149425286 0.09465855307640299 0.09905341446923605
0 0.22848546315077753 0.46506423258958757 0.11294117647058821 0.10369168356997967
0 0.386156186612576 0.4683908045977012 0.11855983772819471 0.12123056118999329
0 0.38584685598377283 0.32717545638945233 0.11101081812035163 0.10464841108857337
0 0.38060851926977685 0.1851977687626775 0.10634888438133873 0.09569641649763354
0 0.3650845165652468 0.04719066937119675 0.099763353617309 0.08708586883029072
0 0.522210953346856 0.04772819472616633 0.10926301555104803 0.08858688302907369
0 0.5367613252197432 0.1825659229208925 0.1109060175794455 0.10949290060851928
0 0.5374780256930358 0.308764367816092 0.1184584178498986 0.11515551048005411
0 0.6985361730899257 0.4575084516565247 0.15012170385395554 0.1355578093306288
0 0.6952941176470588 0.31226673427991886 0.14054090601757951 0.1288066260987154
0 0.6908891142663962 0.043522650439486145 0.12714672075726838 0.08394861392832996
0 0.05119675456389452 0.05464164976335361 0.08306288032454362 0.07315077755240026
0 0.05001521298174443 0.4897718052738336 0.07975997295469914 0.08164638269100737
0 0.5377687626774847 0.4652315753887762 0.11987153482082494 0.12412102772143346
1 0.5630933062880324 0.7819134550371872 0.150709939148073 0.31315753887761993
0 0.6918542934415145 0.16278397565922922 0.14955713319810676 0.13886747802569302
1 0.41532116294793786 0.7696805273833672 0.1683231913455037 0.286737660581474
1 0.270973630831643 0.7794675456389453 0.18300202839756594 0.30043610547667343
0 0.8879952670723462 0.3782319134550372 0.09003380662609872 0.08318458417849899
0 0.886528059499662 0.5093661257606491 0.0851386071670048 0.08318120351588906
0 0.9540534144692359 0.6830730223123733 0.0870993914807302 0.07828938471940508
0 0.8938691683569978 0.7848495605138608 0.0998208248816767 0.08807640297498316
0 0.9516058147396889 0.9612491548343476 0.0861189993238674 0.07682555780933074
1 0.7240770791075052 0.7789773495605139 0.13407031778228537 0.30728532792427327
1 0.1271162947937796 0.7701200135226504 0.22410412440838404 0.29955713319810673
1 0.05499492900608519 0.7745740365111562 0.10998985801217039 0.2906490872210952
0 0.96486984448952 0.22010818120351588 0.0695841784989858 0.09214334009465858
