0 0.05318810511756567 0.8614661134163207 0.08939142461964038 0.0802489626556016
0 0.16392116182572622 0.8594398340248963 0.08939142461964038 0.09243430152143813
0 0.1151521438450899 0.7416044260027662 0.10360995850622419 0.09853388658367902
0 0.2721023513139696 0.7888381742738589 0.10868603042876887 0.10564315352697082
0 0.4511894882434302 0.3118672199170125 0.09524204702627949 0.08746887966804984
0 0.6180221300138314 0.310103734439834 0.09593360995850608 0.08535269709543564
0 0.45860304287690173 0.45365836791148 0.09029045643153538 0.08889349930843717
0 0.6264868603042877 0.45224757952973715 0.08182572614107894 0.07901798063623791
0 0.4518948824343014 0.6007399723374828 0.08959889349930832 0.0811203319502076
0 0.6257814661134162 0.5996818810511757 0.08464730290456429 0.08323651452282162
0 0.7926141078838175 0.5943914246196403 0.09100968188105123 0.08253112033194991
0 0.9532849239280774 0.5905117565698478 0.09066390041493777 0.08887966804979242
0 0.4614246196403873 0.742524204702628 0.08746887966804984 0.08394190871369296
0 0.6367150760719227 0.740408022130014 0.08676348547717841 0.08676348547717849
0 0.802136929460581 0.7372337482710928 0.09735822959889365 0.08887966804979261
0 0.9578699861687413 0.7368810511756569 0.08149377593361008 0.08394190871369277
0 0.9568118948824341 0.4480152143845089 0.08360995850622419 0.08466113416320885
0 0.958222683264177 0.30692946058091286 0.08078838174273865 0.08323651452282148
0 0.9589280774550485 0.8818464730290457 0.07937759336099597 0.08607192254495148
0 0.46847164591977863 0.8910165975103734 0.11428769017980633 0.09876901798063632
0 0.6353042876901798 0.8832641770401107 0.0980497925311201 0.08605809128630726
