0 0.1587745098039216 0.9075127877237852 0.10106138107416884 0.09283461210571176
0 0.8056905370843991 0.5837617220801364 0.09753623188405829 0.0940110826939472
0 0.9408333333333333 0.5831734867860188 0.09988491048593373 0.09049019607843134
0 0.5823550724637682 0.46507246376811595 0.10705456095481676 0.09635976129582265
0 0.7192007672634271 0.4768243819266838 0.101061381074169 0.09166240409207164
0 0.8620971867007673 0.46859761295822683 0.07873827791986378 0.07756180733162825
0 0.5147826086956521 0.2729347826086956 0.09647911338448407 0.0857843137254902
0 0.6499254049445865 0.2699978687127025 0.10823103154305193 0.10106138107416884
0 0.7710230179028134 0.26882139812446715 0.09166240409207164 0.09401108269394715
0 0.9095737425404945 0.2658823529411764 0.09166240409207155 0.08343563512361464
0 0.8337766410912192 0.15600809889173062 0.10458653026427989 0.09870843989769823
0 0.3214705882352941 0.4386317135549872 0.10235294117647052 0.097536231884058
0 0.32728900255754473 0.5884612105711851 0.09518329070758731 0.09401534526854215
0 0.3367476555839727 0.7371163682864449 0.09741687979539658 0.09518755328218236
0 0.6645545609548167 0.5855242966751918 0.09988491048593355 0.0928388746803068
0 0.52653452685422 0.5843499573742541 0.11034953111679453 0.10223785166240396
0 0.9271994884910486 0.8070375106564365 0.10576300085251533 0.09871270247229334
0 0.7956436487638533 0.8170268542199489 0.09647911338448435 0.09283461210571194
0 0.663497442455243 0.8170268542199488 0.10693520886615515 0.09518755328218245
0 0.5324104859335037 0.8170289855072463 0.0870801364023871 0.0834356351236145
0 0.8991133844842285 0.9122165387894288 0.08930946291560067 0.0904859335038362
0 0.7663213981244672 0.9169138959931799 0.09871270247229316 0.09753623188405781
0 0.6329433077578858 0.9210294117647059 0.09518755328218236 0.0940110826939471
0 0.14161551577152598 0.15013213981244675 0.09518329070758744 0.07756180733162829
0 0.14396632566069903 0.29878942881500425 0.09283461210571187 0.07638533674339298
0 0.14931372549019606 0.44744458653026425 0.09412617220801349 0.07991048593350385
0 0.15160485933503834 0.601389599317988 0.10341432225063926 0.09166240409207164
0 0.15518755328218242 0.7529816709292413 0.10799658994032402 0.0940110826939471
0 0.3396867007672634 0.893412190963342 0.11034526854219963 0.09283461210571194
