0 0.9428369652945923 0.9374818401937045 0.11351896690879758 0.12422921711057325
0 0.9357949959644875 0.7914911218724778 0.1276029055690073 0.14908393866020989
0 0.9364769975786925 0.6418058918482646 0.12623890234059737 0.14220742534301856
0 0.9338781275221952 0.49636803874092006 0.13143664245359163 0.13809523809523797
0 0.9351896690879742 0.35968523002421315 0.12881355932203395 0.1263922518159807
0 0.9427764326069411 0.22673527037933816 0.11154156577885388 0.11448748991121874
0 0.9415415657788538 0.09209443099273609 0.11305891848264711 0.10803066989507669
0 0.7784221146085554 0.2319733656174334 0.11978208232445535 0.11997578692493946
0 0.7694753833736884 0.08646085552865215 0.11740112994350282 0.11811945117029864
0 0.7792171105730427 0.3680992736077482 0.138498789346247 0.13014527845036322
0 0.4482445520581114 0.9450766747376917 0.14184826472962073 0.10903954802259887
0 0.4483857949959645 0.8125706214689266 0.14430992736077486 0.14741727199354307
0 0.44959644874899113 0.6626715092816787 0.1455205811138015 0.13898305084745752
0 0.4503430185633575 0.5145278450363197 0.13579499596448746 0.14277643260694117
0 0.4493744955609362 0.37243744955609365 0.13966908797417266 0.13317191283292978
0 0.4481436642453591 0.23240516545601295 0.14253430185633578 0.13866020984665053
0 0.4517150928167878 0.10060532687651332 0.13127522195318808 0.11476997578692494
0 0.6125383373688459 0.09630145278450364 0.10374495560936248 0.09682405165456015
0 0.6141424535916061 0.2377663438256659 0.11378934624697339 0.11816384180790965
0 0.6149919289749798 0.37366828087167075 0.1252219531880548 0.1226392251815981
0 0.6183333333333333 0.5237288135593221 0.12830508474576274 0.11129943502824861
0 0.6183414043583536 0.6749798224374496 0.13983050847457631 0.1083938660209846
0 0.6155569007263922 0.8091807909604519 0.1479822437449556 0.1355528652138822
0 0.7816485068603712 0.5234261501210654 0.11543583535108955 0.10706214689265536
0 0.784905165456013 0.6549031476997579 0.14818805488297018 0.14322033898305078
0 0.7936642453591606 0.8100080710250201 0.13454398708636006 0.11735270379338181
0 0.2568785310734463 0.06073849878934625 0.09228813559322031 0.08410815173527038
0 0.12195318805488296 0.06716505246166264 0.08878127522195318 0.08294188861985473
0 0.18386602098466504 0.1734685230024213 0.07943502824858752 0.07359564164648905
0 0.059455205811138015 0.1793099273607748 0.08060532687651333 0.07593220338983048
0 0.18328288942695722 0.4520803066989508 0.09696125907990312 0.09111783696529469
0 0.03019572235673931 0.4590980629539953 0.05970540758676352 0.06073042776432611
0 0.1114366424535916 0.6424959644874899 0.10747376916868442 0.09579096045197731
0 0.21423930589184828 0.762233656174334 0.1004640839386602 0.09462066182405172
0 0.616142050040355 0.9452986279257466 0.15899919289749798 0.10859564164648929
0 0.7855528652138822 0.9362389023405974 0.15988700564971753 0.12671509281678775
