0 0.2694602272727272 0.3596810862014525 0.21470959595959602 0.19286390906220396
0 0.26627209595959594 0.11790337859172718 0.20836489898989896 0.18099147458162299
0 0.5276041666666667 0.3482475528891696 0.19371843434343433 0.1992421850331544
0 0.5244002525252526 0.12612882854436375 0.1946338383838384 0.1846226712977581
0 0.7925820707070708 0.5520839911588254 0.2046717171717173 0.23217556046731933
0 0.7989898989898989 0.7828702241869278 0.20833333333333326 0.211146195137354
0 0.5321654040404041 0.56761919797916 0.21565656565656563 0.21752447110830447
0 0.5349116161616161 0.7910956741395644 0.2119949494949495 0.2257657088727503
0 0.2717487373737374 0.7942974423744869 0.19006944444444443 0.19011682980738875
0 0.28132891414141414 0.5772023997473951 0.2110795454545454 0.19835806757183458
