0 0.10755747126436783 0.7650287356321838 0.09750000000000002 0.09307471264367818
0 0.25159482758620694 0.7439798850574711 0.09086206896551723 0.07977011494252866
0 0.3601795977011494 0.7207183908045977 0.09972701149425285 0.0908620689655172
0 0.024999999999999998 0.41051005747126423 0.049999999999999996 0.06642241379310351
0 0.15520114942528737 0.4038290229885058 0.09528735632183909 0.08863505747126445
0 0.2671048850574713 0.39385775862068967 0.08642241379310342 0.08199712643678188
0 0.06489942528735633 0.2714295977011494 0.09195402298850575 0.07645114942528741
0 0.20118534482758618 0.25979166666666675 0.09860632183908047 0.08642241379310356
0 0.3258261494252873 0.27086925287356317 0.09084770114942528 0.08863505747126417
0 0.14632902298850575 0.0686853448275863 0.10636494252873566 0.10084770114942536
0 0.35020114942528735 0.0647916666666667 0.09750000000000004 0.08863505747126445
