0 0.1253032440056418 0.42904090267983075 0.11864598025387885 0.10440056417489436
0 0.12767277856135384 0.6125387870239775 0.14236953455571202 0.12022566995768685
0 0.1363751763046545 0.7936671368124117 0.14710860366713704 0.13447108603667152
0 0.30168547249647387 0.4401128349788434 0.12339915373765843 0.11071932299012699
0 0.4859802538787023 0.4448589562764456 0.12180535966149457 0.11073342736248232
0 0.3111777150916784 0.6141255289139632 0.1265585331452744 0.11389280677009865
0 0.3246191819464033 0.7897108603667136 0.13445698166431652 0.12655853314527513
0 0.4843935119887164 0.6141255289139634 0.12497884344146638 0.11073342736248237
0 0.5017983074753175 0.7873413258110014 0.1312976022566998 0.10915373765867427
0 0.6671086036671369 0.6164950634696755 0.12022566995768658 0.1091537376586739
0 0.667101551480959 0.4480183356840621 0.11705218617771476 0.10757404795486603
0 0.683716502115656 0.7912905500705217 0.11547249647390666 0.11073342736248237
0 0.8347884344146685 0.4543511988716502 0.12655853314527513 0.11073342736248232
0 0.8339915373765866 0.6157052186177716 0.10282087447108616 0.10757404795486598
0 0.8537658674188998 0.7960437235543019 0.10124118476727825 0.10757404795486589
