0 0.9288297872340425 0.12662703379224033 0.10151439299123916 0.08757196495619514
0 0.9307697121401756 0.28393617021276596 0.10229036295369216 0.09067584480600757
0 0.9389048811013767 0.4474468085106383 0.10617021276595726 0.09221526908635774
0 0.9365832290362957 0.6121214017521903 0.09842302878598225 0.08679599499374216
0 0.9369774718397996 0.774468085106383 0.10384230287859858 0.09376720901126415
0 0.9431727158948686 0.9352753441802253 0.09763454317897331 0.08524405506883594
0 0.39335419274092626 0.9457321652065082 0.10615769712140166 0.09997496871088847
0 0.5777847309136421 0.9317834793491866 0.13096370463078857 0.12787234042553178
0 0.7606758448060078 0.9476345431789737 0.1108135168961201 0.10222778473091372
0 0.7571902377972466 0.7853191489361703 0.09918648310387983 0.09997496871088866
0 0.573529411764706 0.7814455569461827 0.09764705882352942 0.09996245306633283
0 0.39103254067584486 0.7806695869837297 0.10772215269086342 0.09996245306633311
0 0.7595118898623279 0.6256883604505631 0.09609511889862292 0.08912390488110149
0 0.5797246558197747 0.6237421777221527 0.09764705882352952 0.0960951188986233
0 0.38366082603254065 0.6117334167709638 0.10384230287859825 0.09841051314142661
0 0.5770087609511889 0.4532665832290363 0.0968710888610765 0.09299123904881099
0 0.3925719649561952 0.4447371714643303 0.1216645807259074 0.1038423028785982
0 0.20000625782227796 0.44784105131414276 0.10539424280350443 0.09918648310387987
0 0.7498185231539424 0.28393617021276585 0.12011264080100151 0.09996245306633289
0 0.7548623279098873 0.12856695869837298 0.11005006257822253 0.10694618272841057
0 0.5681038798498123 0.11654568210262829 0.09918648310387983 0.09376720901126417
0 0.5673279098873591 0.27734668335419277 0.10073842302878595 0.09299123904881094
0 0.3828911138923654 0.2742490613266583 0.11624530663329145 0.09608260325406756
0 0.38095118898623276 0.11306633291614523 0.11857321652065088 0.09764705882352938
0 0.19109511889862338 0.10260325406758443 0.11700876095118899 0.09842302878598246
0 0.1957446808510638 0.2792928660826033 0.11546933667083854 0.10306633291614518
