0 0.9450760608486789 0.6128903122497998 0.10824659727782192 0.13210568454763813
0 0.9441553242594075 0.7549639711769416 0.1100880704563651 0.1408326661329064
0 0.9436749399519616 0.9192153722978385 0.1110488390712567 0.11577261809447548
0 0.7935308246597277 0.6039151321056846 0.12092874299439546 0.11943955164131297
0 0.6512810248198558 0.3142514011208967 0.13442754203362692 0.1269815852682146
0 0.6359087269815853 0.5885508406725379 0.1395516413130507 0.1413931144915933
0 0.6335068054443553 0.7299439551641312 0.1480384307445955 0.13402722177742182
0 0.6269815852682147 0.8734987990392313 0.143955164131305 0.1402722177742193
0 0.4678943154523619 0.8723378702962369 0.13162530024019203 0.13458767013610884
0 0.472978382706165 0.7323458767013611 0.1392313851080865 0.1396317053642914
0 0.47646116893514806 0.5867493995196157 0.1433146517213771 0.1419535628502801
0 0.4891112890312249 0.30252201761409125 0.13867093674939956 0.13122497998398727
0 0.3230784627702161 0.7355124099279424 0.11277021617293848 0.1056124899919936
0 0.3220256204963971 0.8748118494795836 0.10634107285828664 0.10190552441953553
0 0.1516813450760609 0.8638510808646916 0.13923138510808655 0.12850280224179345
0 0.1571657325860688 0.7214171337069656 0.13578863090472373 0.13346677341873484
0 0.16309047237790236 0.5791833466773418 0.13418734987990388 0.12329863891112885
0 0.16104883907125708 0.44387510008006403 0.14611689351481189 0.13018414731785438
0 0.1674539631705365 0.2960768614891914 0.13971176941553246 0.12265812650120096
0 0.9682065652522016 0.4908006405124099 0.06198558847077663 0.07681345076060858
0 0.9708726981585267 0.3430344275420336 0.05665332265812645 0.07575660528422738
0 0.7889111289031226 0.9079543634907927 0.09175340272217765 0.08961569255404343
0 0.7969175340272219 0.7633907125700561 0.09495596477181734 0.08428342674139316
0 0.8145196156925542 0.46839471577261804 0.09602081665332292 0.09389111289031224
0 0.8219855884707765 0.31796637309847875 0.1024179343474781 0.10028823058446752
0 0.6475540432345877 0.4593274619695757 0.09922337870296251 0.09495596477181743
0 0.48111289031224974 0.4481224979983988 0.09495596477181763 0.0874859887910329
0 0.3370816653322659 0.3243634907926341 0.09068855084067255 0.08321857485988782
0 0.3258807045636509 0.4603923138510809 0.10455564451561236 0.088550840672538
0 0.32321457165732587 0.6038911128903123 0.08215372297838268 0.08108887109687747
