0 0.5625371057513915 0.6688543599257886 0.11589053803339551 0.11245825602968464
0 0.5488033395176252 0.46368738404452686 0.11760667903525061 0.11932282003710587
0 0.5565259740259739 0.27440630797773646 0.1073005565862709 0.10816326530612237
0 0.5475139146567718 0.08211502782931353 0.11846011131725438 0.1150278293135436
0 0.31788497217068656 0.10014842300556591 0.12103896103896107 0.12018552875695727
0 0.3161688311688313 0.2799860853432281 0.12103896103896107 0.11416512059369198
0 0.33634044526901674 0.4769944341372913 0.09615027829313555 0.0961410018552874
0 0.3371057513914658 0.8500927643784787 0.18163265306122475 0.1858998144712429
0 0.5657235621521334 0.8492578849721708 0.18766233766233786 0.19276437847866437
0 0.807207792207792 0.8881586270871985 0.132634508348794 0.1276716141001856
0 0.797769016697588 0.6606307977736549 0.13462894248608548 0.13760667903525037
0 0.7865909090909092 0.25824675324675334 0.12121521335807064 0.11178107606679033
0 0.774169758812616 0.07021335807050098 0.1261873840445271 0.11723562152133592
0 0.12045454545454559 0.8415120593692023 0.16873840445269025 0.17727272727272733
0 0.3384879406307977 0.6667068645640074 0.09012987012986999 0.07897959183673454
0 0.12130797773654915 0.6752922077922078 0.07983302411873879 0.07897031539888678
