0 0.1525454545454545 0.9094805194805197 0.10415584415584407 0.09714285714285721
0 0.1530454545454546 0.7622597402597402 0.10515584415584421 0.09314285714285718
0 0.14853896103896105 0.607525974025974 0.10816883116883111 0.09814285714285703
0 0.14603246753246754 0.4522922077922078 0.10115584415584414 0.0901428571428572
0 0.3267987012987013 0.45483116883116886 0.13219480519480514 0.11511688311688294
0 0.538616883116883 0.6896493506493506 0.10115584415584432 0.08612987012987024
0 0.6998571428571428 0.6911493506493507 0.09514285714285702 0.08512987012987024
0 0.8350649350649351 0.6916493506493506 0.09514285714285729 0.08612987012987015
0 0.9596948051948053 0.693655844155844 0.07801298701298695 0.09014285714285697
0 0.6307597402597404 0.8178376623376623 0.10315584415584424 0.0961428571428572
0 0.769974025974026 0.8193441558441558 0.0951428571428572 0.08712987012987043
0 0.9016623376623375 0.8158376623376621 0.09212987012987028 0.08011688311688313
0 0.5321168831168831 0.964857142857143 0.12218181818181806 0.0676883116883115
0 0.6718246753246753 0.9653571428571428 0.10115584415584422 0.06668831168831159
0 0.8135324675324674 0.9668571428571429 0.08412987012987004 0.06368831168831147
0 0.14603896103896102 0.2875389610389611 0.12516883116883118 0.12320779220779227
0 0.14850649350649356 0.13483116883116883 0.13610389610389606 0.1281818181818181
0 0.3258051948051948 0.1327922077922078 0.13018181818181826 0.13023376623376617
0 0.32778571428571424 0.28903896103896104 0.12622077922077937 0.11418181818181809
0 0.328961038961039 0.606038961038961 0.12701298701298713 0.12558441558441563
0 0.33441558441558444 0.7599350649350649 0.13896103896103895 0.13493506493506469
0 0.33116883116883117 0.9135064935064934 0.15402597402597387 0.13844155844155862
0 0.5125714285714288 0.13633766233766229 0.12922077922077924 0.12514285714285717
0 0.5100714285714286 0.28554545454545455 0.12019480519480512 0.11716883116883127
0 0.5116038961038962 0.4473051948051948 0.13515584415584408 0.12214285714285729
0 0.6962987012987014 0.4398051948051949 0.14220779220779226 0.13519480519480526
0 0.8615584415584415 0.12961038961038962 0.14519480519480518 0.13142857142857134
0 0.8644805194805194 0.2824675324675325 0.1367532467532467 0.13168831168831185
0 0.8671428571428571 0.43474025974025976 0.14935064935064932 0.15441558441558462
