0 0.17581178160919544 0.5198419540229885 0.1008189655172415 0.09086206896551702
0 0.16584051724137938 0.3309339080459769 0.0963936781609194 0.087528735632184
0 0.3320402298850573 0.3514295977011495 0.08974137931034488 0.09306034482758622
0 0.33480603448275864 0.1702729885057473 0.09972701149425305 0.09416666666666694
0 0.1652873563218392 0.1542025862068966 0.09307471264367813 0.08642241379310359
0 0.7020402298850574 0.18190373563218412 0.08985632183908078 0.07311781609195417
0 0.4998922413793103 0.560280172413793 0.08420977011494277 0.08530172413793087
0 0.5220617816091954 0.3630603448275863 0.08642241379310356 0.087528735632184
0 0.5220545977011495 0.1747054597701148 0.0908620689655172 0.08087643678160879
1 0.9319396551724137 0.5479022988505748 0.13324712643678163 0.737126436781609
1 0.8145761494252873 0.5344971264367815 0.18955459770114938 0.7141379310344833
1 0.6614080459770114 0.49908764367816094 0.1550862068965519 0.6815948275862067
1 0.5675933908045977 0.45887212643678177 0.14742816091954 0.6701005747126438
0 0.3204022988505747 0.5480890804597702 0.08864942528735603 0.08752873563218334
