1 0.8544736842105263 0.22555060728744944 0.1817732793522265 0.3478623481781377
1 0.6627489878542511 0.2238178137651822 0.174064777327935 0.3367692307692307
1 0.475821862348178 0.2257085020242915 0.166493927125506 0.32693117408906897
1 0.2885141700404857 0.23327530364372462 0.15362753036437243 0.30574089068825905
1 0.10045344129554651 0.2143603238866396 0.15893117408906862 0.3375303643724696
0 0.6663157894736841 0.6457894736842105 0.17133603238866388 0.16040485829959508
0 0.6724696356275303 0.8212145748987855 0.17506072874493905 0.1750607287449395
0 0.10654251012145763 0.8241214574898784 0.1746072874493926 0.1731174089068827
0 0.0947489878542509 0.6432995951417005 0.17665587044534414 0.16246963562753053
0 0.09355060728744946 0.4839595141700405 0.18115789473684213 0.14527935222672073
0 0.29016194331983797 0.4953036437246964 0.15684210526315773 0.13473684210526327
0 0.28655870445344117 0.6518623481781376 0.16647773279352218 0.15732793522267186
0 0.28898785425101225 0.8215384615384617 0.16437246963562752 0.16955465587044535
0 0.48190283400809725 0.8296356275303642 0.16574898785425077 0.17635627530364392
0 0.4830769230769232 0.6521052631578946 0.15514170040485822 0.15570850202429168
0 0.47089068825910924 0.4884210526315787 0.16493927125506105 0.15141700404858296
0 0.658663967611336 0.48562753036437245 0.1605668016194329 0.14145748987854234
