0 0.10685305591677496 0.9624707412223666 0.09318595578673612 0.07245773732119637
0 0.10330299089726909 0.8209037711313393 0.09014304291287378 0.08102730819245792
0 0.10482444733420027 0.6644213263979194 0.09318595578673614 0.09217165149544873
0 0.04278933680104027 0.5398439531859558 0.08557867360208055 0.09217165149544844
0 0.8332379713914174 0.28815994798439526 0.13105331599479864 0.10542262678803649
0 0.8257087126137842 0.1251430429128738 0.10624187256176884 0.1042002600780234
0 0.6492522756827048 0.12819895968790634 0.10420026007802316 0.10297789336801033
0 0.6535305591677505 0.28978543563068915 0.11600780234070217 0.11031209362808847
0 0.4701625487646293 0.28998699609882966 0.10908972691807547 0.10746423927178166
0 0.47077373211963586 0.13368660598179455 0.11845253576072806 0.11478543563068935
0 0.2955461638491549 0.13206111833550066 0.118036410923277 0.10745123537061119
0 0.11523407022106633 0.12859557867360208 0.11234070221066303 0.1070481144343302
0 0.29392067620286083 0.2934525357607283 0.11723016905071497 0.10786736020806234
0 0.11542912873862156 0.2908062418725618 0.12170351105331588 0.10582574772431731
