0 0.6565452361889513 0.11594075260208163 0.1076461168935147 0.10377902321857478
0 0.47268614891913535 0.39240592473979186 0.13256204963971197 0.1300480384307444
0 0.4765812650120096 0.24397117694155326 0.12690152121697354 0.11964771817453966
0 0.47818254603682947 0.10124899919935952 0.12369895916733385 0.11490792634107283
0 0.1311449159327462 0.36905524419535624 0.15068054443554868 0.12626100880704574
0 0.1374299439551642 0.21917534027221777 0.13987189751801427 0.14291433146517213
0 0.15244195356285015 0.0826261008807045 0.14683746997598082 0.1175340272217774
0 0.8208166533226582 0.4058847077662129 0.13194555644515585 0.11985588470776622
0 0.8203362690152121 0.2634907926341073 0.1375500400320257 0.12522017614091258
0 0.8330264211369096 0.11977582065652514 0.1403522818254601 0.12249799839871896
0 0.9608366693354681 0.9808887109687752 0.05986389111289033 0.03662129703762991
0 0.6159927942353883 0.973714971977582 0.04738991192954339 0.050968775020015865
0 0.11212970376301039 0.9426381104883909 0.04614891913530815 0.042361889511609185
1 0.10803843074459556 0.6886869495596477 0.14816653322658124 0.30890312249799834
1 0.2674299439551642 0.6958726981585268 0.16163330664531636 0.31787830264211364
1 0.4295116092874298 0.7070976781425141 0.16971977582065653 0.3241713370696559
1 0.5897998398718973 0.7079983987189753 0.20653322658126502 0.34392313851080875
1 0.7545796637309848 0.7273018414731786 0.2164131305044034 0.3322497998398718
1 0.9018054443554844 0.7385268214571657 0.19478783026421126 0.3295596477181746
0 0.3245196156925541 0.10642113690952758 0.09815052041633283 0.09388310648518812
0 0.3149159327461969 0.24565252201761412 0.102417934347478 0.09708566853482788
0 0.3111809447558046 0.3971497197758207 0.11629303442754198 0.10989591673338665
