0 0.5070407196969697 0.8610246289864226 0.2732291666666667 0.23582886011998758
0 0.781613005050505 0.8422797600252606 0.23576388888888905 0.23675402589201136
0 0.7788825757575758 0.6078307546574044 0.24122474747474756 0.21755604673192294
0 0.7674558080808079 0.38252289232712344 0.218371212121212 0.2184717398168614
0 0.7606060606060606 0.15127881275655194 0.21931818181818186 0.192863909062204
0 0.48374368686868696 0.16086201452478688 0.20467171717171723 0.19194821597726555
0 0.2237689393939394 0.8687874960530472 0.23301767676767676 0.2367224502683928
0 0.22058080808080807 0.6274865803599621 0.24305555555555558 0.23122829175876222
0 0.22331123737373737 0.3784022734449005 0.2357638888888889 0.23580675718345442
0 0.4951546717171717 0.37841806125670985 0.24763257575757566 0.2285127881275656
0 0.49240845959595964 0.6165140511525102 0.24397095959595963 0.2257657088727502
