0 0.878293370944993 0.07359661495063446 0.11864598025387847 0.11864598025387857
0 0.7359238363892807 0.08349083215796889 0.11337094499294802 0.11995768688293333
0 0.6001410437235543 0.03811706629055004 0.11337094499294792 0.07623413258110008
0 0.46238363892806783 0.10787729196050778 0.1173201692524684 0.12128349788434417
0 0.3134203102961917 0.12830747531734843 0.10678420310296198 0.11469675599435847
0 0.8295204513399154 0.3227503526093091 0.10282087447108589 0.10282087447108612
0 0.6858321579689703 0.3379055007052187 0.10018335684062052 0.10150916784203078
0 0.3885613540197462 0.3721861777150915 0.11732016925246802 0.11204513399153739
0 0.9099294781382228 0.44535260930888587 0.10809590973201728 0.11073342736248265
0 0.7583286318758816 0.46117066290550074 0.11073342736248228 0.09754583921015557
0 0.6166220028208746 0.47566995768688297 0.10150916784203105 0.10809590973201746
0 0.46831452750352626 0.49741889985895643 0.11600846262341329 0.10414668547249671
0 0.3186953455571228 0.5132369534555712 0.11205923836389287 0.10678420310296133
0 0.06806064880112835 0.49873765867418873 0.1361212976022567 0.13578279266572635
0 0.07482369534555705 0.7024047954866006 0.13314527503526105 0.14500705218617765
0 0.1025035260930888 0.9192595204513399 0.12523272214386455 0.13050775740479562
1 0.08823695345557116 0.17653737658674185 0.17647390691114231 0.3530747531734837
