0 0.9018895116092873 0.4027862289831865 0.10040032025620511 0.08979983987189737
0 0.8969015212169736 0.5427782225780625 0.1028983186549241 0.09790232185748621
0 0.8806885508406725 0.6964971977582066 0.09540432345876684 0.08979183346677354
0 0.732586068855084 0.6653162530024019 0.09229783827061654 0.08355484387509979
0 0.7475500400320256 0.5175260208166534 0.09727782225780623 0.09229783827061663
0 0.7509807846277021 0.38626100880704567 0.09541232986389103 0.08917534027221785
1 0.36364291433146523 0.13561248999199368 0.2792634107285829 0.27122497998398737
1 0.5010328262610088 0.12977582065652515 0.24155324259407526 0.2595516413130503
1 0.6532385908726982 0.13785828662930338 0.23168134507606086 0.27571657325860677
1 0.8014051240992794 0.14820656525220186 0.22090472377902337 0.29093674939951975
1 0.924995996797438 0.15536829463570861 0.148406725380304 0.31073658927141723
