0 0.1410769230769231 0.6800971659919027 0.08121457489878545 0.07821862348178125
0 0.0465910931174089 0.7640242914979757 0.08489068825910931 0.07640485829959527
1 0.9077894736842106 0.8175951417004048 0.18280161943319836 0.3208744939271255
1 0.7414696356275303 0.8172145748987854 0.2179514170040486 0.30801619433198396
1 0.5594615384615385 0.8194898785425102 0.2277975708502024 0.30498785425101227
1 0.3865344129554656 0.8183522267206477 0.25428340080971656 0.30120647773279324
0 0.8953036437246964 0.10963562753036435 0.1656680161943321 0.15919028340080985
0 0.8935222672064779 0.27299595141700417 0.16000000000000014 0.15182186234817815
0 0.8923481781376518 0.43089068825910926 0.16218623481781383 0.1495546558704454
0 0.7081781376518219 0.43793522267206475 0.15093117408906878 0.14599190283400804
0 0.7085425101214575 0.2762753036437246 0.15133603238866403 0.1386234817813766
0 0.7075303643724696 0.11765182186234814 0.14429149797570848 0.13246963562753028
0 0.5248178137651822 0.11688259109311742 0.14016194331983808 0.13595141700404847
0 0.5252226720647775 0.27688259109311736 0.1469635627530365 0.14113360323886634
0 0.5273684210526316 0.43161943319838064 0.15449392712550605 0.13902834008097176
0 0.33735222672064774 0.1169392712550608 0.12544129554655867 0.12385425101214582
0 0.1363157894736842 0.028202429149797606 0.09514170040485828 0.05640485829959521
