0 0.21769086357947434 0.060663329161451854 0.14509386733416776 0.12132665832290371
0 0.21435544430538175 0.23223404255319152 0.13509386733416773 0.11508135168961192
0 0.22185857321652067 0.4198560700876094 0.14677096370463086 0.13675844806007503
0 0.4370025031289111 0.06378598247809766 0.12008760951188992 0.11508135168961209
0 0.4428410513141427 0.23723404255319147 0.12508135168961199 0.1117396745932416
0 0.43533166458072586 0.4231914893617021 0.12340425531914896 0.10673341677096361
0 0.6579849812265331 0.06878598247809768 0.12508135168961204 0.11173967459324154
0 0.6596495619524405 0.2414017521902378 0.12508135168961204 0.11674593241551931
0 0.6454693366708385 0.4231914893617021 0.11674593241551955 0.10340425531914903
0 0.8656195244055068 0.4290237797246559 0.13008760951188983 0.12175219023779717
0 0.867290362953692 0.2489111389236546 0.11340425531914886 0.10841051314142676
0 0.8614518147684606 0.0771276595744681 0.11173967459324165 0.1050688360450564
