0 0.6566017316017317 0.5704004329004327 0.15411255411255426 0.12132034632034626
0 0.6703463203463205 0.7392316017316017 0.14956709956709927 0.131709956709957
0 0.47932900432900444 0.5630952380952383 0.17445887445887429 0.14610389610389612
0 0.10817099567099572 0.559577922077922 0.15963203463203463 0.1399350649350646
1 0.6657954545454544 0.2787229437229438 0.17702380952380972 0.3338095238095241
1 0.47698051948051945 0.27830086580086566 0.15846320346320353 0.3312770562770562
1 0.2953300865800866 0.28247294372294374 0.13908008658008636 0.3161796536796535
1 0.12126623376623384 0.28331709956709955 0.1517316017316018 0.3229329004329005
0 0.6721158008658009 0.9172402597402598 0.10031385281385281 0.09861471861471909
0 0.8744155844155843 0.6125162337662339 0.09019480519480529 0.082608225108225
0 0.9422781385281386 0.5008333333333334 0.09440476190476177 0.09188311688311644
0 0.8740205627705628 0.28505952380952376 0.08265151515151561 0.0783658008658007
0 0.9376352813852814 0.1653463203463203 0.0969372294372291 0.09188311688311698
