0 0.14320244328097742 0.7429363001745202 0.16804537521815005 0.12826352530541021
0 0.14629144851657927 0.8986038394415357 0.16762652705061074 0.1418848167539267
0 0.807111692844677 0.7182373472949389 0.12085514834205924 0.12356020942408388
0 0.9413612565445026 0.27177137870855156 0.1045375218150083 0.10636998254799312
0 0.48678010471204197 0.8857766143106458 0.15174520069808034 0.13909249563699824
0 0.6748691099476438 0.8857766143106456 0.14537521815008714 0.12827225130890052
0 0.6433682373472949 0.725392670157068 0.12774869109947654 0.11256544502617809
0 0.6341623036649215 0.5695026178010472 0.1274869109947648 0.12486910994764412
0 0.6485383944153579 0.4238787085514834 0.12360383944153587 0.11529668411867351
0 0.6511343804537522 0.2727312390924956 0.10802792321116905 0.10951134380453753
0 0.7803708551483419 0.41741273996509604 0.09409249563699813 0.09007853403141362
0 0.8054144851657942 0.5621465968586388 0.10627399650959851 0.11082024432809777
0 0.8181195462478182 0.8757504363001744 0.10236474694589869 0.10125654450261778
0 0.9599563699825481 0.8802050610820242 0.07834205933682382 0.10555846422338551
0 0.9537478184991274 0.7122774869109948 0.09075916230366494 0.10750436300174508
0 0.16169720767888313 0.6092321116928447 0.11395287958115156 0.10000000000000002
0 0.3401876090750435 0.5842364746945897 0.10582024432809774 0.10116055846422341
0 0.6407678883071553 0.12667975567190223 0.1023211169284466 0.09534904013961602
0 0.3107329842931936 0.7388743455497382 0.14415357766143083 0.12521815008726003
0 0.3158813263525306 0.8945898778359511 0.15410122164048903 0.14013961605584638
0 0.4839877835951136 0.7393542757417103 0.15069808027923196 0.11570680628272234
0 0.780305410122164 0.12318935427574167 0.0906980802792317 0.08836823734729493
0 0.7811038394415357 0.26858638743455493 0.0803752181500869 0.07944153577661428
0 0.9528359511343804 0.11835078534031414 0.06963350785340283 0.0705584642233856
0 0.9521335078534031 0.41298429319371727 0.07850785340314148 0.08130890052356017
