0 0.20512987012987013 0.30193506493506495 0.13348051948051948 0.13046753246753248
0 0.17494805194805196 0.4496948051948054 0.11135064935064937 0.11333766233766238
0 0.19607792207792207 0.6204025974025974 0.12342857142857143 0.12275324675324671
0 0.2027857142857143 0.7721688311688313 0.11268831168831168 0.10363636363636362
0 0.20194155844155842 0.9262857142857143 0.10564935064935062 0.10062337662337671
0 0.37735714285714284 0.9237727272727273 0.07144155844155839 0.06606493506493519
0 0.3740064935064935 0.7704935064935065 0.09424675324675316 0.08418181818181826
0 0.35253896103896104 0.6083311688311688 0.11102597402597407 0.10531168831168854
0 0.5534480519480519 0.2927142857142857 0.12107792207792198 0.11402597402597395
0 0.8974155844155844 0.45029220779220785 0.10716883116883107 0.09214285714285718
0 0.9114350649350649 0.6015129870129869 0.12118181818181832 0.112168831168831
0 0.9129220779220778 0.9235064935064935 0.11415584415584422 0.11116883116883146
0 0.17707142857142855 0.11866883116883116 0.14110389610389606 0.1327402597402598
0 0.3646168831168831 0.4478506493506494 0.12219480519480523 0.11575324675324694
0 0.3696493506493506 0.28501298701298694 0.12036363636363634 0.1099480519480519
0 0.36861038961038967 0.1310519480519481 0.11968831168831172 0.11929870129870132
0 0.5491038961038961 0.13207142857142856 0.12633766233766228 0.11731168831168834
0 0.5404155844155843 0.4485064935064936 0.11454545454545462 0.10935064935064942
0 0.5586948051948051 0.6112402597402599 0.11666233766233768 0.11175324675324673
0 0.5578246753246753 0.7655584415584414 0.11097402597402603 0.10748051948051955
0 0.5576623376623376 0.9241558441558443 0.12675324675324673 0.11532467532467532
0 0.7376558441558442 0.2845064935064935 0.1222207792207791 0.12124675324675326
0 0.7321623376623376 0.13383116883116883 0.11720779220779227 0.11012987012987024
0 0.9029545454545455 0.287025974025974 0.1161168831168829 0.11420779220779234
0 0.9096103896103896 0.7503896103896105 0.1392207792207793 0.14259740259740247
