0 0.1131649616368287 0.5575554134697358 0.10106138107416886 0.09283461210571194
0 0.760080988917306 0.23380434782608697 0.09753623188405819 0.09401108269394713
0 0.8952237851662402 0.2332161125319693 0.09988491048593355 0.09049019607843134
0 0.5367455242966753 0.11511508951406647 0.10705456095481676 0.09635976129582265
0 0.6735912190963341 0.12686700767263429 0.1010613810741689 0.09166240409207166
0 0.8164876385336745 0.11864023870417732 0.07873827791986387 0.07756180733162828
0 0.9603260869565219 0.12686487638533675 0.07050724637681159 0.07286018755328211
0 0.11419437340153446 0.7116794543904519 0.11824381926683718 0.11960784313725475
0 0.1189471440750213 0.8706734867860189 0.13286445012787737 0.14339300937766417
0 0.3128303495311167 0.8643648763853369 0.14219948849104858 0.13427109974424556
0 0.30458439897698203 0.7019522591645353 0.11283461210571188 0.11604433077578853
0 0.2758610400682013 0.08867433930093777 0.10235294117647058 0.09753623188405798
0 0.2816794543904518 0.23850383631713556 0.09518329070758731 0.09401534526854217
0 0.2911381074168798 0.38715899403239556 0.09741687979539662 0.0951875532821825
0 0.6189450127877238 0.23556692242114233 0.09988491048593355 0.09283887468030687
0 0.480924978687127 0.2343925831202046 0.11034953111679463 0.10223785166240405
0 0.8815899403239555 0.4570801364023871 0.10576300085251523 0.0987127024722932
0 0.7500341005967603 0.46706947996589937 0.09647911338448427 0.09283461210571203
0 0.61788789428815 0.46706947996589937 0.10693520886615515 0.09518755328218254
0 0.48680093776641087 0.46707161125319696 0.0870801364023871 0.0834356351236146
0 0.8535038363171354 0.5622591645353793 0.08930946291560087 0.09048593350383612
0 0.7207118499573743 0.5669565217391304 0.09871270247229316 0.09753623188405791
0 0.5873337595907927 0.5710720375106565 0.09518755328218236 0.0940110826939472
0 0.8911082693947144 0.8137382779198635 0.09871270247229325 0.09988917306052832
0 0.7119011082693947 0.7614428815004262 0.09988917306052879 0.0963640238704177
0 0.777003410059676 0.8924722932651322 0.10341005967604398 0.09988917306052832
0 0.5748785166240409 0.7684953111679453 0.1151619778346122 0.10576300085251486
0 0.6513789428815004 0.8959974424552429 0.094011082693947 0.0904859335038364
0 0.5161210571184995 0.8959974424552429 0.10341005967604426 0.097536231884058
0 0.10370417732310315 0.09748721227621483 0.09412617220801352 0.07991048593350383
0 0.10599531116794543 0.25143222506393864 0.10341432225063928 0.09166240409207164
0 0.1095780051150895 0.4030242966751918 0.10799658994032402 0.0940110826939471
0 0.29407715260017053 0.5434548167092924 0.11034526854219963 0.09283461210571194
