0 0.7079518916394208 0.21939747781410554 0.11053246146660446 0.10184026156001866
0 0.178724894908921 0.2358710882765063 0.13914058851004207 0.11751517982251282
0 0.35080336291452585 0.23597617935544135 0.12187762727697342 0.11637085474077531
0 0.7223493694535263 0.384049509574965 0.12101821578701535 0.11886968706212048
0 0.7254553946753852 0.5346567024754788 0.11163007940214847 0.11172349369453531
0 0.744021485287249 0.6923867351704811 0.12382064455861737 0.11536665109761797
0 0.04411489957963571 0.5473610462400748 0.08822979915927141 0.15226529659037844
0 0.04925268566090614 0.7062283979448857 0.09850537132181228 0.15155067725361976
0 0.1970574497898178 0.7129378794955629 0.13946753853339555 0.1359177954226997
0 0.20901447921531993 0.8589444184960298 0.1644091546006539 0.15170481083605789
0 0.18365249883232126 0.38895375992526854 0.14946286781877624 0.14539934609995328
0 0.18587108827650622 0.5503970107426437 0.14922933208780942 0.14992993928071002
0 0.3745212517515179 0.5348201774871555 0.160999532928538 0.14866884633348904
0 0.3734936945352638 0.38010275572162544 0.1513778608127043 0.14096216721158333
0 0.3788883699205979 0.6973843998131715 0.1529191966370855 0.14722092480149465
0 0.3804530593180756 0.8603456328818309 0.15091078935077065 0.1352638953759925
0 0.5604624007473143 0.8620037365716954 0.14773470340962155 0.1288650163475013
0 0.5503269500233535 0.5429939280709949 0.12223260158804287 0.12634283045305933
0 0.5359878561419898 0.38236805231200366 0.14362447454460536 0.12083138720224192
0 0.530950490425035 0.23138486688463333 0.12299392807099482 0.1096730499766464
0 0.9150840728631481 0.8370084072863149 0.11657636618402603 0.12346099953292862
0 0.9169103222793088 0.6818192433442316 0.12050910789350766 0.11940681924334419
0 0.9105464736104624 0.5254670714619337 0.12276506305464707 0.11272769733769257
0 0.9000256889304062 0.3690121438580103 0.10673049976646429 0.11615600186828574
0 0.8828514712751051 0.2132508173750584 0.11265296590378304 0.10906118636151334
0 0.7376739841195702 0.8507800093414292 0.11736571695469412 0.1163755254553946
