0 0.9679016221873367 0.5438906331763474 0.063150183150183 0.09638409209837767
0 0.9704395604395605 0.3989952904238619 0.05807430664573531 0.09448456305599166
0 0.8615332286760861 0.3305075876504448 0.0850340136054421 0.08940868655154366
0 0.8628021978021977 0.18687598116169546 0.07869701726844587 0.08370486656200933
0 0.868822605965463 0.04302721088435375 0.08059654631083198 0.0860544217687075
0 0.5317870225013082 0.5327943485086342 0.09391418105703819 0.09575091575091567
0 0.5349581371009942 0.3786996336996338 0.10025641025641026 0.10589743589743592
0 0.6646389324960754 0.30482731554160125 0.0844008372579802 0.08624280481423345
0 0.5362271062271062 0.23475667189952906 0.09137624280481417 0.09448456305599176
0 0.6538566195709052 0.1342438513867085 0.08947148090005223 0.09257980115122975
0 0.5365436944008373 0.04366038723181578 0.09708529565672414 0.08732077446363155
0 0.35106227106227106 0.5264521193092622 0.09010989010989016 0.09575091575091577
0 0.22740711669283095 0.5163082155939298 0.08122972265829412 0.08433804290947157
0 0.35296441653584515 0.39740711669283096 0.07869701726844583 0.0786342229199372
0 0.22740711669283095 0.3796520146520147 0.08122972265829412 0.0786342229199372
0 0.3580376766091052 0.27787545787545787 0.0837676609105181 0.0881423338566196
0 0.23184720041862902 0.24077708006279433 0.08503401360544215 0.08624280481423337
0 0.3301360544217687 0.13646520146520147 0.07742543171114603 0.08180533751962332
0 0.3903767660910518 0.04039508110936685 0.07108320251177387 0.07355834641548924
0 0.233116169544741 0.03890371533228678 0.07235478806907378 0.07780743066457356
0 0.8605808477237048 0.4684301412872842 0.08693877551020412 0.08497121925693367
